,Unnamed: 0,Generation,Intertwine_two,Add_vertex,Delete_vertex,Invert_path_vertices,Insert_inside_vertex,Delete_inside_vertex,Replace_inside_vertex,Donate_between_routes,Trim_one_terminal_cb,Grow_one_terminal_cb
0,0.0,0.0,0.09999999999999999,0.09999999999999999,0.09999999999999999,0.09999999999999999,0.09999999999999999,0.09999999999999999,0.09999999999999999,0.09999999999999999,0.09999999999999999,0.09999999999999999
1,1.0,1.0,0.0983135494246303,0.0906077504576326,0.08866036314130517,0.10894654908681886,0.10007354590733715,0.10310610749115678,0.10478055549654383,0.1022397876623127,0.10465338504875812,0.09861840628350407
2,2.0,2.0,0.10801571472326872,0.09192176344080867,0.0853715892827072,0.10126075308292541,0.09563221973730715,0.10287062173689235,0.099801092757732,0.09504677594734438,0.11170242899919394,0.10837704029181969
3,3.0,3.0,0.10196308201779163,0.0929094205991801,0.08154017006038751,0.10193043660598473,0.09734275381441855,0.10866877886319784,0.0989958716714834,0.09862645709604911,0.10850369218701228,0.10951933708449446
4,4.0,4.0,0.10987916141457488,0.0958082431251403,0.09113170348956853,0.09939866950727347,0.09958198123603397,0.10770802893263402,0.09003469379094192,0.09263107737458856,0.10844237163748152,0.10538406949176235
5,5.0,5.0,0.09896472523004182,0.10301311682321546,0.08325121999319922,0.09790159080265037,0.09070141981126108,0.11366041937641158,0.0956620114921422,0.08758625626243344,0.11596341040392062,0.11329582980472372
6,6.0,6.0,0.09741470540515239,0.0983862724558461,0.08317521705517959,0.09633793985739096,0.08789029702230335,0.12569101895820145,0.09541291886132128,0.09519882127946441,0.11708005584066486,0.10341275326447515
7,7.0,7.0,0.10222351763748525,0.09685011930181744,0.08703079273025885,0.09549519575550887,0.0789193773584598,0.11795102899458013,0.09926631256296577,0.08865360148110532,0.11841651163899507,0.11519354253882305
8,8.0,8.0,0.09529497161099407,0.09115515876971102,0.08283088572376854,0.10063906863703857,0.0858899248219113,0.12187170404413494,0.0987476470675552,0.0830275595780279,0.1269632352911861,0.11357984445567193
9,9.0,9.0,0.09444384898826359,0.09486527785285448,0.09321029229180997,0.09682806485250088,0.084854488954999,0.11661373476245811,0.09244139716560615,0.08716300941776622,0.12886909568167995,0.11071079003206105
10,10.0,10.0,0.09426896098858947,0.09889799878753901,0.09214413843591555,0.08509967272712839,0.08848173757483227,0.11545764761186077,0.09763992271671518,0.09087018605924474,0.1263722159813485,0.11076751911682563
11,11.0,11.0,0.0969932879678406,0.091550718837819,0.09443179760215431,0.10136015879512687,0.08978137374117638,0.10853323842257916,0.08881185186376363,0.08793109484777328,0.12787847892775644,0.11272799899400979
12,12.0,12.0,0.09751605354889706,0.10011947882966803,0.09356795500742354,0.10311090466925255,0.07094945787546283,0.11696685052730445,0.08618711051495634,0.08807521398759885,0.13300574699044243,0.11050122804899339
13,13.0,13.0,0.10160994434210983,0.10409241642187121,0.08861294029843943,0.10217804185528068,0.06690166891794722,0.12184059569546087,0.08437232090831208,0.08361892096445028,0.13181810619660617,0.11495504439952173
14,14.0,14.0,0.09469524980397127,0.08751653239972743,0.08971843341922484,0.09509861494869018,0.08017542917562835,0.12692675747847434,0.08736168984659665,0.0887858615318388,0.13273211829262527,0.11698931310322243
15,15.0,15.0,0.09434212016304097,0.0979543120820339,0.09430646288772267,0.0982752304285375,0.06378182811735593,0.12498070885257888,0.07962845601281228,0.08882353376279546,0.1336038292697214,0.12430351842340057
16,16.0,16.0,0.09486950189021434,0.0996299781505907,0.10135433871810402,0.08127053559654909,0.0634184065506245,0.1293746307854217,0.09164852499722399,0.08227606311006581,0.14225274413128702,0.11390527606991833
17,17.0,17.0,0.08623769383304049,0.1012040065434914,0.08908374557205576,0.09735222197384429,0.07879060888408004,0.12861434047070353,0.08615223629457976,0.08527007755972166,0.13057300225265048,0.11672206661583213
18,18.0,18.0,0.09357816725920905,0.09251599263415597,0.0977382702628252,0.09335685267507447,0.074903829552112,0.13215075483189548,0.09544946697643986,0.07938516830475555,0.13070491805632184,0.11021657944721004
19,19.0,19.0,0.09133021050891024,0.10929280391215604,0.09207775683053795,0.11212216243333002,0.06967881196098683,0.12351004965437025,0.08185680333606803,0.08021557837745608,0.1287811377409322,0.11113468524525191
20,20.0,20.0,0.0899500501148059,0.09707149236852014,0.10048913030904634,0.10306998358643456,0.07036929974449552,0.12139383259037888,0.0889188022686394,0.07866041071457117,0.12633840252452777,0.12373859577857996
21,21.0,21.0,0.09712408394130821,0.09953645008878287,0.09085872266030179,0.08890752822077243,0.07123164749979188,0.1345204720228937,0.08489121530492823,0.07719507711944586,0.13822942641356356,0.11750537672821101
22,22.0,22.0,0.09511160283360647,0.11079513077764244,0.08995735835094412,0.09856263891066362,0.0616818990389042,0.129178032138799,0.08749797682686193,0.08063268157599972,0.13038257641888745,0.11620010312769055
23,23.0,23.0,0.09623550098302862,0.0922312428002721,0.08869236497309131,0.09476099951387615,0.07017334723482668,0.12365737480763155,0.08786057802050339,0.08007473636758759,0.1453772393493518,0.12093661594983032
24,24.0,24.0,0.10126461143888421,0.1037682557212662,0.08933763238110201,0.09451366999579563,0.0743278761180428,0.12929846835598333,0.08031182882860825,0.08358106904800815,0.12421151872307006,0.1193850693892389
25,25.0,25.0,0.09628969086986904,0.09919648748494289,0.08909691326029173,0.0935587429024799,0.07434784694700321,0.1296372108609638,0.09097012782400554,0.08708700472229927,0.13046666404279234,0.10934931108535184
26,26.0,26.0,0.09932720099364109,0.09570763760289111,0.08536194781521475,0.10178349057659272,0.07397043565001286,0.12549112167149473,0.08628414385972166,0.08544810524005311,0.1343959082487128,0.1122300083416646
27,27.0,27.0,0.09860762863455115,0.09824613562960698,0.08790264178329706,0.10383434734899481,0.0702372142215639,0.13256127046422742,0.08922073852084351,0.07514726140785426,0.1360685254180824,0.1081742365709781
28,28.0,28.0,0.09211985605118798,0.10786778627804994,0.09895872233873493,0.0942425371442833,0.06725815414572245,0.13012783498237918,0.08965513750217782,0.079388295463415,0.12889092553185064,0.11149075056219834
29,29.0,29.0,0.09001248578457471,0.10822289143853976,0.09365685538075728,0.0868533714133374,0.0661446116694214,0.11897444793354203,0.09293263817460312,0.08016893886996941,0.14039246626590868,0.12264129306934571
30,30.0,30.0,0.08318671019914993,0.1037690587008407,0.08695082317232192,0.11114943771403056,0.06458089416293751,0.1330559153043811,0.0848783250154205,0.08250652900653252,0.12886998866326374,0.12105231806112102
31,31.0,31.0,0.08664293158277794,0.09502249201855345,0.09336655202823067,0.09726788886993115,0.06642839382421131,0.1275156481089843,0.09047730658850459,0.08028705270311233,0.13886030944075436,0.1241314248349394
32,32.0,32.0,0.09218356173512729,0.10026225282551215,0.09922814846262909,0.09022850687715814,0.06131706712788974,0.14310505297413575,0.08342573581196214,0.07434855350995782,0.13683837264225454,0.11906274803337276
33,33.0,33.0,0.08517385303368111,0.09833129630024848,0.08634494911609797,0.09774551418934564,0.059486388168465944,0.1287089586992325,0.08630821017836836,0.09314871277991145,0.14091455425637817,0.12383756327826997
34,34.0,34.0,0.08374825907124826,0.11297618409572048,0.09683398935888951,0.09971914461177094,0.07361890905860068,0.110752374437361,0.08594988885594775,0.07833035875594219,0.13187542821852208,0.1261954635359966
35,35.0,35.0,0.09225171954394501,0.09863382801738715,0.0829625156887583,0.10084213089204305,0.08281085869149249,0.13515124553582547,0.08543594254264229,0.0774215467930011,0.1291955176811338,0.11529469461377082
36,36.0,36.0,0.10131216576881026,0.11516810648491575,0.08787607620341575,0.08652820565734202,0.06308414028085063,0.12459452183624949,0.08381985525559779,0.09433621433683044,0.1327104271827806,0.11057028699320677
37,37.0,37.0,0.085027037251855,0.10979926405578141,0.09746978617271793,0.09417316652862655,0.07482563600264583,0.13383494329220944,0.07947406654050579,0.0791867972107834,0.1319337319703321,0.11427557097454208
38,38.0,38.0,0.10384716329565984,0.11137190159841404,0.0868938455166569,0.08923847662074141,0.060403483894836255,0.1288877828841457,0.08689398540174939,0.07867423815590846,0.13198291130754264,0.12180621132434491
39,39.0,39.0,0.08634924347574492,0.11538364043192637,0.1073170212243963,0.08272466902036435,0.0653284690391275,0.12993249661409276,0.08738435448143539,0.07831273600373435,0.13141592128963833,0.11585144841953932
40,40.0,40.0,0.10399991467747134,0.09808313284307668,0.10693134719303861,0.08948782376235717,0.07836952546029533,0.11797594327472787,0.0886241230309456,0.06236732986583897,0.13678197106943807,0.11737888882280993
41,41.0,41.0,0.08959499003665383,0.10323677391409311,0.08696448770167091,0.09212126498403532,0.06766003758438596,0.13427031913391896,0.09831034666225905,0.06416737787344086,0.14699567269738129,0.11667872941216025
42,42.0,42.0,0.0944389086716615,0.1061653335258759,0.09593263831258671,0.09430078870228038,0.06600974823660447,0.1263590063389246,0.09146875485980713,0.0641604951034692,0.1372887500871055,0.1238755761616841
43,43.0,43.0,0.08189070943849835,0.10463130336376869,0.10221368147330226,0.09370617882931168,0.07640667983738611,0.13826980983917828,0.09002591753271319,0.07210784782657137,0.1265596025784217,0.11418826928084788
44,44.0,44.0,0.09540576339871547,0.10931735425915486,0.0930083004502735,0.09189611820419538,0.05748822691198383,0.13326716302426478,0.07997171793763205,0.07765328625077236,0.14260935761104515,0.11938271195196211
45,45.0,45.0,0.09354870781140642,0.11142840806562207,0.09751707516260645,0.09072653485565998,0.06489227771288418,0.12904615150580295,0.0807936256534084,0.08346934350335758,0.12859291806626433,0.11998495766298725
46,46.0,46.0,0.10169020320753328,0.10693974375519173,0.08772652929749422,0.10719945725985543,0.06264312342640638,0.1202076249916402,0.07308638700247302,0.06734631410876316,0.1566282124191473,0.1165324045314948
47,47.0,47.0,0.09075293627206962,0.10285168912973872,0.10760325727308488,0.09795924230870015,0.059744255195655016,0.13147329336442554,0.08285139736515985,0.06280883725985187,0.13640290828009458,0.12755218355121936
48,48.0,48.0,0.0758181499696643,0.0990943052944653,0.1007535673006196,0.09946586964160994,0.06429792897164022,0.13170663010044192,0.08454881255382646,0.08115917605330769,0.13886997564074383,0.12428558447368028
49,49.0,49.0,0.09802160776796726,0.10362977160032578,0.09114962344014152,0.09344539958158764,0.06342282854440716,0.13911131998107512,0.08427625237484068,0.07113540511532504,0.14248914305451046,0.11331864853981885
50,50.0,50.0,0.09393830833463086,0.11098486322081372,0.09387793219157184,0.09059507693143913,0.07000364456421974,0.13050608040604125,0.08268673134830842,0.07144611233647608,0.13159760345579954,0.12436364721069892
51,51.0,51.0,0.09500757602447933,0.10551950813119641,0.10048128236818221,0.08325403360439017,0.062477083203620755,0.12957793857580063,0.08688553938540758,0.07624914926693037,0.13921965692864632,0.1213282325113457
52,52.0,52.0,0.08532826498976838,0.1146115121035292,0.089585908902588,0.09498136176889034,0.06799432192952329,0.12728533882596677,0.07724169763681617,0.07101891256552259,0.14764401391220836,0.12430866736518645
53,53.0,53.0,0.09417341643983348,0.11426462924936018,0.09074266095050669,0.08139667890797277,0.0696305493900686,0.1383350829554814,0.08156741489258303,0.06320327508755377,0.14240523533981703,0.12428105678682266
54,54.0,54.0,0.0947803364983653,0.10145602607289698,0.08877732575831274,0.10574171802305816,0.07200028044618753,0.13005994378029012,0.08281066797410355,0.06713260719590385,0.13982284263136802,0.11741825161951328
55,55.0,55.0,0.08373354768251694,0.10117796588546332,0.09766018023553705,0.09095849299618383,0.06095686322634691,0.13465204933869748,0.08503958965915645,0.07940682255321677,0.14390756552280293,0.12250692290007781
56,56.0,56.0,0.0937148755390124,0.10502647691229346,0.09102837041570999,0.09600694015702244,0.06762740090557758,0.14034692379580302,0.07425281487193468,0.0673657862887628,0.13506444303272916,0.129565968081154
57,57.0,57.0,0.09014105926745994,0.09926904391972209,0.09039727193043698,0.09274407999560205,0.07831586898340419,0.13299248058045585,0.08335389916224946,0.06948245418469616,0.13425717906909967,0.12904666290687322
58,58.0,58.0,0.08556649475332241,0.09716918703409966,0.08369678838539937,0.09757429229261648,0.07771413056775582,0.1348102448079174,0.08511894223817033,0.08441963774957464,0.13430247204935158,0.11962781012179183
59,59.0,59.0,0.09506424953821449,0.11764614346955773,0.08729396312063618,0.08676441284116092,0.06873419709038373,0.14125990587679862,0.08056711243236842,0.06455671680869256,0.14441232185546296,0.11370097696672402
60,60.0,60.0,0.09908775959987161,0.09180802782380058,0.10422535685238485,0.09413498962458358,0.07420478522444594,0.13103776559723018,0.07753326796150942,0.07567068934347553,0.1388181002264994,0.11347925774619852
61,61.0,61.0,0.09408612088485699,0.10927560928489041,0.09476837755684518,0.09754593960047492,0.0615333681669485,0.12223587958372742,0.07706296129593554,0.07583975593623449,0.15130724821738756,0.11634473947269852
62,62.0,62.0,0.08367158208736167,0.11319587907275955,0.0971479456870353,0.09622073125064975,0.06515187102578114,0.13598664818908204,0.08526479548203275,0.07629777170369505,0.1336218359506803,0.11344093955092194
63,63.0,63.0,0.07823360614560086,0.09732741182459068,0.10292181052222663,0.09109106134945388,0.06251840889911649,0.12979546437938685,0.09530461327169863,0.07741994149645827,0.14825078509512177,0.11713689701634553
64,64.0,64.0,0.09094415364503965,0.098770536196753,0.0999033063560686,0.08408982659042612,0.07530723475409748,0.12526599486405893,0.08896583658877653,0.06946734362483378,0.1334200319164037,0.13386573546354177
65,65.0,65.0,0.10266458234728629,0.09927639745747481,0.09711097007796382,0.09847218588858483,0.06037194131108222,0.12710450095630518,0.07989244436618106,0.07499961047739617,0.14047612783311275,0.11963123928461236
66,66.0,66.0,0.08610800136919808,0.10049291048370024,0.09099226826288068,0.09192843125761879,0.07026494686025762,0.13819935278509168,0.08741279586442034,0.06369084652986304,0.14756848236415313,0.12334196422281592
67,67.0,67.0,0.09161044398485005,0.11369936000494582,0.08435161696373632,0.10208708803496083,0.06231160769042336,0.1344389152835685,0.08332139299190237,0.07216201633327662,0.13893958523910438,0.11707797347323126
68,68.0,68.0,0.08492484562618909,0.10451502836728943,0.09858889611966219,0.10229941628012469,0.06517373304047655,0.1368381705296316,0.08321743871966224,0.06673671089581816,0.13792839808837057,0.11977736233277499
69,69.0,69.0,0.09047267645638991,0.09551423026445946,0.09250860513753842,0.09219083919903996,0.06663085283178795,0.14059260359539222,0.08785797998427881,0.07027250993512152,0.13907982909874758,0.12487987349724361
70,70.0,70.0,0.06687406193282958,0.10215957478572726,0.11526303266337676,0.09781628636203843,0.05976695558127487,0.11988743950054584,0.089691509600612,0.06736977052154178,0.15832576220156513,0.12284560685048791
71,71.0,71.0,0.09264554843780318,0.11612751999803154,0.10513160751799629,0.09282858715159667,0.05413592003606783,0.1155355366616847,0.07646502736325592,0.08873745241963149,0.14421878603306656,0.1141740143808653
72,72.0,72.0,0.09676626938655886,0.10694383037792358,0.11421428422790383,0.09489331840662805,0.06827017055838727,0.12099906615013889,0.07680891363898719,0.07396640398164103,0.1278891418246399,0.11924860144719096
73,73.0,73.0,0.07951627427197483,0.11692783417485537,0.10347122904755757,0.07903030377492316,0.06045203964272346,0.12455737228258656,0.08921332852199168,0.07675064512180696,0.14772762144152224,0.12235335172005764
74,74.0,74.0,0.09994957982787539,0.12004931849193623,0.08711025055158714,0.0857658418881944,0.0627402665708522,0.14044518373952358,0.07999426554016392,0.07132593682481081,0.12759848212723543,0.12502087443782042
75,75.0,75.0,0.08817857241446239,0.10226724589129214,0.10212498824168548,0.10543657050508659,0.057682159768222,0.1312661480889457,0.07513651186038588,0.08356086360406517,0.12719442493728755,0.12715251468856661
76,76.0,76.0,0.10198759221813007,0.104096149487874,0.09846695447420324,0.0900332632847327,0.05840815875722638,0.13135043044707553,0.07096360140126366,0.08816840388259947,0.13924802465658206,0.1172774213903125
77,77.0,77.0,0.09758818841284875,0.11350223319084252,0.09324479767349166,0.08405985059017722,0.06847014924048751,0.12899757359428315,0.09344437626507542,0.06794401059755188,0.13218647445376855,0.12056234598147286
78,78.0,78.0,0.08539185477497344,0.10556634101181259,0.08774145216157395,0.10529433449862698,0.06270193151789527,0.14254594679746546,0.07733935394972276,0.0705373534914753,0.14123996798293104,0.12164146381352273
79,79.0,79.0,0.10160827993675219,0.10528093099943894,0.08855965258516557,0.09199946540345476,0.08741456659449118,0.12804479824111364,0.08197643749460333,0.06098200766763197,0.13564497510038245,0.11848888597696557
80,80.0,80.0,0.08940378596734365,0.1186798083626194,0.1066226675162083,0.08393020306653351,0.0660869894481918,0.11073685395978039,0.09348886302153922,0.06439969392083954,0.15853198882658062,0.10811914591036316
81,81.0,81.0,0.08981911655760862,0.12036343704857518,0.11004151755801798,0.10426996100441395,0.046545823034573344,0.12237826780299288,0.08024996119746848,0.06944767044255154,0.12472335019351702,0.13216089516028062
82,82.0,82.0,0.08991332968009572,0.10089684038335107,0.10913998588293239,0.10507502049111814,0.06755327922166987,0.1234560772903474,0.08840235592793402,0.059855200373926096,0.1364610607481804,0.11924685000044444
83,83.0,83.0,0.08232657231526344,0.1207839321694855,0.09657347968695484,0.08728420581131179,0.06926675477012575,0.12852393997441797,0.08703503755442357,0.08037935980527311,0.13208748354285008,0.11573923436989349
84,84.0,84.0,0.09431629239090697,0.11164671700900634,0.10113056461135014,0.07938230720299845,0.06776039136350456,0.13062664054269615,0.0818310954995509,0.0695574570909834,0.13568354433192037,0.12806498995708218
85,85.0,85.0,0.07786041456195149,0.1110171520279408,0.09956659752200217,0.0867642096250762,0.06009506552600039,0.11615336370612905,0.09912485603052579,0.06349187736337385,0.1599903877056221,0.12593607593137784
86,86.0,86.0,0.09771390671125724,0.10920363690663695,0.09830624239182678,0.09228178651463985,0.05695029169097639,0.1250661445119802,0.06898254490124489,0.07703587892939695,0.14880331316821643,0.12565625427382393
87,87.0,87.0,0.09364456722438974,0.12141427657240614,0.09909708572072753,0.08795299103294796,0.05182174032143562,0.13953916199261865,0.07856298098807082,0.07488998842655785,0.1365470425544726,0.11653016516637274
88,88.0,88.0,0.07950786142791234,0.11192123550411556,0.10796031866440639,0.10476562225066688,0.0754462330713779,0.1167473959860725,0.07877546015436274,0.06878464646621807,0.14544064590449549,0.11065058057037165
89,89.0,89.0,0.09312599462018446,0.09963465422012804,0.11147288800898858,0.09592754489050886,0.05356485369103503,0.11255657653467462,0.07875547486410844,0.0802653540673271,0.14951971597449978,0.12517694312854466
90,90.0,90.0,0.08535025492889106,0.10853199915637676,0.09649329293366637,0.08831813365799969,0.06322363373112325,0.1318853234599558,0.09628707821378622,0.0664712194262944,0.13836288886308096,0.12507617562882506
91,91.0,91.0,0.09203331662395911,0.11732691300287043,0.11138652026125158,0.09869527803724844,0.07205187251095752,0.11047094289518726,0.07171221822861619,0.06820236557532759,0.13451823411079908,0.1236023387537823
92,92.0,92.0,0.08461634620502337,0.10816579431557978,0.09859923608413576,0.09822844155578744,0.06761263155114344,0.12221321082061629,0.08649208005266888,0.06376092793066981,0.1420192442030728,0.128292087281302
93,93.0,93.0,0.09410662063138535,0.1223071574390295,0.08861485998336169,0.08667468487580099,0.05853553476825792,0.1180885162681837,0.07625237951126665,0.08731441032377055,0.13156833097773876,0.13653750522120442
94,94.0,94.0,0.08576893390464527,0.11862825143574181,0.0899405785032901,0.09163313650841506,0.0617391833570066,0.12359569623265047,0.08756793214273725,0.06827814196714348,0.13108725167398258,0.14176089427438687
95,95.0,95.0,0.08902545503245876,0.11994276130065543,0.08982120173723324,0.09261458591252182,0.05952717906792669,0.1259550725130508,0.08076619436327245,0.0654346909780746,0.14684620691747735,0.1300666521773284
96,96.0,96.0,0.0810323658646358,0.10527903791358555,0.09957829061951516,0.10020880586968431,0.0701527733700203,0.12279824196828648,0.08170933656218235,0.06520684451794649,0.14387524078765304,0.13015906252649
97,97.0,97.0,0.09828990710127614,0.09577888364102746,0.09756098949938583,0.09625042240594853,0.06947308551631584,0.1180599521115286,0.08674056061886695,0.06000018894957506,0.1435095048140107,0.13433650534206443
98,98.0,98.0,0.08350663180433125,0.09824442720907124,0.1128002533431645,0.10139168279968111,0.06574381913290131,0.1370985472408663,0.06935273213671464,0.058430935112608176,0.14086549958536507,0.13256547163529595
99,99.0,99.0,0.0848041730874086,0.11611755666967014,0.11327097949231324,0.09872177575125914,0.077234041974826,0.11850951842940068,0.06538096828319152,0.07017966075288339,0.13714786776678173,0.11863345779226508
100,100.0,100.0,0.1024474902117611,0.10312850105908014,0.10575170505991123,0.1019814893586092,0.06701820136054422,0.1268690909130805,0.07308650339715778,0.06007441578656173,0.11836030219059934,0.14128230066269432
101,101.0,101.0,0.08795798130346513,0.1213222082482133,0.0925639967268667,0.10292442063385765,0.06757051667431935,0.11109411282247765,0.08283392116525487,0.07537563224257321,0.14678419399229353,0.1115730161906781
102,102.0,102.0,0.0888351560760113,0.10522432486705768,0.10525431412315851,0.10843511804886279,0.04652301063026322,0.1310400576185729,0.08031297128307405,0.08360997407345697,0.13340428516728325,0.11736078811225888
103,103.0,103.0,0.08856659336201142,0.111508674025292,0.08776063470905583,0.10803655902466994,0.050300691213815696,0.12708662226846718,0.08158005564107006,0.07047474331588689,0.14709065809510308,0.12759476834462738
104,104.0,104.0,0.10557468464116004,0.112647850282879,0.10980041739702204,0.09609996862241527,0.05413482155638337,0.1287756606211666,0.07367874203687132,0.07186364766013037,0.12529054123958466,0.12213366594238688
105,105.0,105.0,0.09233101031594465,0.11172145579671153,0.08987649171490557,0.0941850374671989,0.06918751660045663,0.13096369998430094,0.08106668947216754,0.0655075894143802,0.14678146000448797,0.11837904922944557
106,106.0,106.0,0.09087219158930551,0.10790357791922578,0.09380796800134172,0.08943894816983824,0.06504577045886062,0.12311372899937305,0.09280787605776877,0.06311133095681126,0.14015375102839783,0.13374485681907683
107,107.0,107.0,0.1019383939075208,0.10317566320511706,0.10531736528086277,0.0969489161711665,0.06262013720689087,0.12254989512428352,0.08561699973720675,0.06826727786370032,0.12966501226376473,0.12390033923948615
108,108.0,108.0,0.09095262489742698,0.10230209654338922,0.10257699343206346,0.09357201629655447,0.06936387396141036,0.11950175157313021,0.09554867209693767,0.053962384516107534,0.14037974461806663,0.13183984206491312
109,109.0,109.0,0.10207624253856137,0.12110048024171512,0.08997795482274104,0.09926777121175787,0.05812832691008431,0.11687575037298203,0.08670278820150118,0.07524719302127277,0.13378373346462732,0.11683975921475642
110,110.0,110.0,0.10855008927440499,0.10268032289661908,0.09327828327515729,0.09887704728428487,0.07251198599088983,0.12542577413310405,0.07974380294142626,0.06328953028336168,0.1306042889862009,0.12503887493455051
111,111.0,111.0,0.08889952748183035,0.10751425169136992,0.09418694496014196,0.09941476935969332,0.07260924194188104,0.1105970328394432,0.085061980067511,0.07298398717138964,0.14384859867469452,0.12488366581204455
112,112.0,112.0,0.0917535588122024,0.10784631254370987,0.10441711131517764,0.09999797572831752,0.05865365541695413,0.11318221104442856,0.09025312286738293,0.06674268938337227,0.13696125040863052,0.1301921124798237
113,113.0,113.0,0.10509945192970287,0.0994202297138035,0.09153041290018542,0.10774494515918967,0.05876577339572412,0.12769197674370455,0.07203595654578485,0.07468773530167724,0.13356566273418075,0.12945785557604667
114,114.0,114.0,0.09910941488292153,0.11559954791192764,0.08127572398158087,0.0873180458074196,0.0550534076885457,0.1375607189602351,0.08359750651080337,0.07987728440379556,0.1433757847560507,0.1172325650967194
115,115.0,115.0,0.09143301107236848,0.0952551800002944,0.10470684665285106,0.0995944667923063,0.06404531408499747,0.11125426710545176,0.08334948441681998,0.07902966942377303,0.14597603503555956,0.1253557254155774
116,116.0,116.0,0.08868933390629098,0.1299081987052791,0.08406235853656782,0.09829213580430639,0.06266726243708559,0.13421270604196583,0.07008052385256523,0.06503792127680538,0.14492837885785642,0.12212118058127683
117,117.0,117.0,0.10064394637058502,0.10410711488762128,0.0954203107178091,0.10038370855066499,0.05750442646634916,0.11967846297590792,0.07961761245115749,0.08317213270243849,0.13902837277867044,0.12044391209879565
118,118.0,118.0,0.0967912789475365,0.11747593776087492,0.09370401937801448,0.08776881821410147,0.06363340948554065,0.12558870395884267,0.07261757997440241,0.08307147347476934,0.1388589898064632,0.12048978899945388
119,119.0,119.0,0.08633360831901807,0.11428413146984792,0.11086198217917527,0.08812929037937425,0.07220329340152205,0.12770758056017298,0.059436467628445934,0.07812980622367464,0.14329409701843096,0.11961974282033747
120,120.0,120.0,0.10448673292975197,0.12261320029399787,0.10018575756418047,0.07887536686165014,0.06654720417051989,0.11531157081392711,0.09449056313522687,0.0685228033748602,0.1286907786676869,0.12027602218819806
121,121.0,121.0,0.09105192654783165,0.11897622558855855,0.09567803913069092,0.09855485457027227,0.06361320418735211,0.12494652703026085,0.08212042007554743,0.06474647847161852,0.1346416124097122,0.125670711988155
122,122.0,122.0,0.08077179596744402,0.11447675492942153,0.09809383928864408,0.08811403071043229,0.07193863041125374,0.11573541224128954,0.07991221142918684,0.06691617783379958,0.14445805615209184,0.13958309103643612
123,123.0,123.0,0.10137863559440241,0.12013814450227715,0.10667546494076434,0.09446554086022105,0.048642432370375875,0.11848790365278634,0.06852683977907248,0.06479129573774377,0.14071135663344325,0.1361823859289128
124,124.0,124.0,0.11303731012373493,0.09744620533826333,0.10184952887734453,0.09375696368145212,0.058133278328041806,0.11321662799556922,0.07923312403099197,0.0680420462180448,0.13622162144966538,0.13906329395689151
125,125.0,125.0,0.10645262411221694,0.10346894687310285,0.1086123102991023,0.11021702842882761,0.05689417929625097,0.10519360690841055,0.09128898442452194,0.07768665571630436,0.12562718409233442,0.11455847984892761
126,126.0,126.0,0.0892429238970763,0.12040064064171632,0.10054363414743964,0.09979670997355602,0.059248259848334185,0.11611079512692853,0.08819085174176307,0.06616308531095444,0.14843034964394117,0.11187274966828989
127,127.0,127.0,0.09482077796401464,0.10320567332739346,0.1124950024964518,0.099509692487706,0.05537231191897094,0.12295569582633467,0.08477016894651415,0.07793752658491808,0.13836392252397314,0.11056922792372266
128,128.0,128.0,0.0858770655744687,0.12092134938472457,0.10731171820600922,0.08186841714901483,0.05549805665742776,0.12923509421854523,0.08366833522676151,0.07140107084990914,0.14002172981803712,0.12419716291510148
129,129.0,129.0,0.08589542354638631,0.12187619103782918,0.1077133972105232,0.07662455773708186,0.06134904730582945,0.11939946066679016,0.0714740432238621,0.0646854659050255,0.15970995366613372,0.1312724597005381
130,130.0,130.0,0.10051018065993225,0.11958240437395251,0.10233003839519336,0.09184314053082845,0.07419261663012666,0.11265053619618996,0.06905246783677146,0.0650378435715666,0.13843178419306867,0.12636898761236962
131,131.0,131.0,0.09192341240130258,0.11538059915784363,0.10864115089515596,0.08684576403673126,0.06796442238777287,0.11055944709720303,0.07367139636224959,0.07228089888618915,0.14411809618060484,0.12861481259494667
132,132.0,132.0,0.10068018783590031,0.12895399482379766,0.09516077202172357,0.09280612087265103,0.0683550467982195,0.11555978386989785,0.07425873046229998,0.07329013407138996,0.13117397254414248,0.1197612566999772
133,133.0,133.0,0.08875200526342293,0.11877273401126795,0.1082561049339407,0.09413511668485472,0.05450323452218523,0.12288397325455276,0.07236879369150037,0.07173959064307175,0.13503812649922042,0.13355032049598262
134,134.0,134.0,0.09842157763999962,0.12305997555668675,0.10760736421792046,0.08959779693683512,0.06443551504372977,0.11144854778501831,0.0699941803600106,0.06330955305321276,0.14638369328193518,0.12574179612465095
135,135.0,135.0,0.09064067421683435,0.10103697383952696,0.12031895420265915,0.09785591026969806,0.06384670371592764,0.11585949461612217,0.05874651680129086,0.07035493698783866,0.1434995785512234,0.13784025679887824
136,136.0,136.0,0.0955749597325983,0.102807012313382,0.10705288886450323,0.07917800841578816,0.053985402292186756,0.13861182750583917,0.05944652770760454,0.07207709529166792,0.15612189418672107,0.13514438368970844
137,137.0,137.0,0.08452286551929894,0.11055050626823704,0.10517925099774146,0.10367309604497424,0.05615713865835141,0.12117020868276693,0.08100136897278254,0.0769082941652363,0.13764180122108663,0.12319546946952412
138,138.0,138.0,0.09213629686609905,0.1101800915594175,0.10393619188943441,0.09171470270926291,0.0520657841941581,0.125255669498699,0.07215098191625222,0.05834972954892825,0.14917780626995114,0.145032745547797
139,139.0,139.0,0.08058240182131318,0.13856424656369185,0.0993567946806175,0.10539006522662567,0.05395045168643754,0.12112807461468869,0.06732001981597194,0.055864952237492195,0.14716223738726225,0.13068075596589876
140,140.0,140.0,0.07370754448247882,0.10409097485880256,0.12614563116970973,0.08853781235669389,0.07679601767072662,0.12769472703282322,0.09192224854735183,0.06003681706842917,0.1446040064717921,0.10646422034119156
141,141.0,141.0,0.10461567102533749,0.10816764321000912,0.10737790338757298,0.08898011179805534,0.0620305708783135,0.11837806414349294,0.08022187959185556,0.047817528830841005,0.15069628162564774,0.13171434550887387
142,142.0,142.0,0.0948729728369486,0.10498394111776373,0.10568869218051442,0.10444604135577436,0.06154785295407546,0.13118041243982875,0.08155479693778417,0.05465118813594764,0.1344809127957279,0.12659318924563462
143,143.0,143.0,0.10367297992972921,0.12783439237234603,0.1048053218413513,0.08765695895883568,0.0564611861042731,0.1309208934206183,0.06972049152060616,0.061871548017346664,0.12623900394231508,0.13081722389257808
144,144.0,144.0,0.09695562933838844,0.11801489938705059,0.10693478557044614,0.08347732783759494,0.057799139915494756,0.12249320785060688,0.08992273426609487,0.061658023766490114,0.13440143960423645,0.12834281246359636
145,145.0,145.0,0.1015507667704186,0.1152023060899329,0.10916427931837587,0.08882684776961165,0.06437590345230781,0.10364547012000017,0.057904369171266436,0.06810803002400963,0.15607101435300244,0.13515101293107395
146,146.0,146.0,0.07976904499053458,0.1285828825525536,0.10942906750143426,0.09364134135584243,0.056398311785879174,0.1250465518666241,0.06275044126196798,0.07403349387006516,0.15061696670676142,0.11973189810833684
147,147.0,147.0,0.0770615561455513,0.10981570446422428,0.12749770920534412,0.08944761698586215,0.07052998182815287,0.1279236542092151,0.09732554178392111,0.05739211519874178,0.13277484082466764,0.11023127935431912
148,148.0,148.0,0.10301389882162111,0.11592020969937036,0.1004827418363166,0.0865863670737094,0.05459382337167061,0.1109490544584711,0.09167806534932611,0.06694113342923459,0.13821935539326088,0.13161535056701884
149,149.0,149.0,0.10692078129587557,0.1299333283830342,0.0956700158805728,0.0906772747505675,0.05535161987830813,0.10807875787220012,0.08097032914656667,0.05901997162082787,0.130968172596247,0.14240974857579977
150,150.0,150.0,0.08912928244362754,0.12100125111417466,0.10749697759547527,0.09441287585841199,0.06084817393577844,0.11934793287984047,0.07463665389770235,0.07206525563807452,0.13535247843841677,0.1257091181984976
151,151.0,151.0,0.10226284155760249,0.11837917628725605,0.10591474300775716,0.07831421841820471,0.0636902609557316,0.12720063595594103,0.0851496090751347,0.060020556439972436,0.151302765171754,0.10776519313064539
152,152.0,152.0,0.08182166363677278,0.10710303206135767,0.1042619952129499,0.10867441229636954,0.06575263523625643,0.13484468515629897,0.07015268559564859,0.06309734881069569,0.13703523110941185,0.12725631088423814
153,153.0,153.0,0.0968786571589832,0.12486890174015708,0.12949002442193996,0.0821936520099269,0.054086520906777326,0.12124693953029894,0.07359461730125191,0.06045399922077627,0.14053959746436562,0.1166470902455224
154,154.0,154.0,0.10194958353284762,0.10969103216380356,0.10894974181711455,0.08186573634345243,0.06320810982225071,0.13275714224242247,0.057757196319787873,0.050202162528587814,0.15857872368468445,0.13504057154504814
155,155.0,155.0,0.10471792014859856,0.10414597526331533,0.10940773272287585,0.09352674208226994,0.05650673806260724,0.1416180018864078,0.06859850279063819,0.05158847423735241,0.15228117881117473,0.11760873399475961
156,156.0,156.0,0.10226264664996021,0.11167601955814391,0.11962329887893886,0.09926774401654073,0.05282406561526311,0.11705272626533392,0.0672093873561316,0.05639259486673692,0.13900040913967454,0.13469110765327572
157,157.0,157.0,0.0881822187356466,0.10982480499164522,0.09902279401432224,0.08490407787879166,0.05602921970701391,0.14088473053395706,0.08329290544295495,0.05408701808967394,0.14494799502042804,0.13882423558556595
158,158.0,158.0,0.08370936329240437,0.11075032243008405,0.10578378627325549,0.10085531996165456,0.05126870676387067,0.13086708591643564,0.06910387886404228,0.07761922453719723,0.13304491862456347,0.13699739333649172
159,159.0,159.0,0.099789699301044,0.12280434669148595,0.10522859642865015,0.08037346049548971,0.045986838296127396,0.12294286779821025,0.09012522722355293,0.07231690137955557,0.12875805149110564,0.13167401089477798
160,160.0,160.0,0.09698107811906141,0.12991300010407056,0.11511835412987677,0.08399357521807113,0.05705053780407292,0.1371671419626439,0.06061864765497925,0.04547181665555744,0.13795627002735672,0.1357295783243094
161,161.0,161.0,0.08885296034574375,0.09017441023913501,0.12461511205817448,0.09717662023170784,0.05509910217111129,0.12395888848201939,0.07248612514645784,0.08257951868543958,0.14756933397901179,0.11748792866119859
162,162.0,162.0,0.10361149705921595,0.10937933974535707,0.10719953938474824,0.10101760536834459,0.055536001456653425,0.1221202651428253,0.08030460296493855,0.06194775259093538,0.13334952098312117,0.12553387530385984
163,163.0,163.0,0.08120476885528248,0.09835328775823221,0.1228140251572492,0.09231863124530461,0.06473023406775855,0.12736524455243173,0.07770449195305684,0.059188137711832865,0.14758605359763213,0.12873512510121904
164,164.0,164.0,0.0999385915742715,0.10881746729069663,0.09979926089491833,0.07924520095074891,0.0565992950999364,0.13652653116832877,0.07152156212101689,0.05519972357052819,0.15778442524552314,0.13456794208403078
165,165.0,165.0,0.10317716519327366,0.10613637176404553,0.0989598675187593,0.09045045771052489,0.06525735011726319,0.1201914693615131,0.06426573387485218,0.06410345947506492,0.14374993349744947,0.14370819148725333
166,166.0,166.0,0.11892986535088937,0.09082348657851066,0.11142154470789951,0.07747191059210108,0.0525556408820169,0.11701402540181323,0.08179842451521338,0.04543362087811109,0.15100185322744492,0.15354962786599946
167,167.0,167.0,0.10752298768269135,0.1010977504858237,0.10050837183626479,0.08614807152975963,0.06774977877806573,0.11150892692564565,0.0792404936589104,0.07062692797110051,0.1430164122499281,0.1325802788818098
168,168.0,168.0,0.09068727982724129,0.11040016403452264,0.1212943646281139,0.07592162300070057,0.06828423426647728,0.124697799203583,0.07797139723889514,0.05391781038854383,0.14321599884065003,0.1336093285712719
169,169.0,169.0,0.10457946744492601,0.09390247722782703,0.1127915834971069,0.10809396242783184,0.05491392510066452,0.13730397744703454,0.07699813233394878,0.05779066641438961,0.13666794632384519,0.11695786178242515
170,170.0,170.0,0.09662138219136453,0.10770146952413424,0.11539668803584453,0.08394501293246984,0.07249662632262036,0.13190658960889795,0.08958913791168152,0.05125513503486613,0.12726663923762102,0.12382131920049955
171,171.0,171.0,0.10109319103555307,0.10870158969277337,0.10896321180516796,0.09194875602330017,0.0741144107221836,0.10836789205949746,0.07364737377175554,0.062090244437140785,0.15051404586042957,0.12055928459219792
172,172.0,172.0,0.08904855002141546,0.10216654102439145,0.10897029879365447,0.07594525203633082,0.07650761998676406,0.1206169725082958,0.07397566795484324,0.059215764785165194,0.1600638635906174,0.13348946929852165
173,173.0,173.0,0.0919357081890436,0.10971621273872516,0.1097662507573585,0.07967513529609549,0.04648482196760016,0.1184750541029896,0.07606186102293921,0.06458008088790765,0.15570016253279353,0.1476047125045466
174,174.0,174.0,0.09093168463442029,0.10812662786925151,0.12557145252027166,0.08601391652180732,0.06624482736401185,0.11914594447315888,0.08150232079599659,0.06801300816434243,0.13604610531422534,0.11840411234251365
175,175.0,175.0,0.09612452049415146,0.11340420623549814,0.11491793392629664,0.07490002102299385,0.058141050034347164,0.13573568746995476,0.0708450328372653,0.06204674629187096,0.13934689195330136,0.13453790973431998
176,176.0,176.0,0.07871345879940515,0.12356504368925163,0.10434387879717796,0.0819666185628153,0.05092813020063487,0.13421980600472033,0.07668758666198197,0.07682159058252765,0.13092061203849173,0.14183327466299295
177,177.0,177.0,0.09510910248498608,0.10422814704415018,0.11285742574872251,0.08780883200571807,0.04974270353445256,0.13287242946971872,0.06238872365006491,0.06549318508432643,0.15357145924594826,0.1359279917319119
178,178.0,178.0,0.10579987998600908,0.10710072572311513,0.119929525483611,0.08966227320360484,0.03833579441303149,0.13450723761856095,0.06269983347520454,0.06331504016695963,0.1493697031992845,0.1292799867306184
179,179.0,179.0,0.07278176714849136,0.10638546856624105,0.1348086504572511,0.06998205796607262,0.08743637323189073,0.12284350018407934,0.050790970282319034,0.047281634348656176,0.1624400745040691,0.14524950331092906
180,180.0,180.0,0.09636341700020593,0.13723478521426505,0.11396619928560829,0.07256862282319318,0.057022985464347156,0.11992616038338053,0.0635033952027614,0.060941809384516855,0.15203281010340333,0.12643981513831787
181,181.0,181.0,0.10526616971549689,0.0938361121002551,0.10653424444442912,0.09058258526226146,0.049297885830166845,0.12696282483880483,0.08383715305995651,0.05291005333864669,0.15509736582516218,0.13567560558481997
182,182.0,182.0,0.0932509079289207,0.11016551004118325,0.11133374127833343,0.08787317841924135,0.04024056872186531,0.14322271801193598,0.07685342229740719,0.060432206024237725,0.17224608352710585,0.10438166374976873
183,183.0,183.0,0.09496327861696563,0.10137607260077826,0.10046014753650294,0.10063194241592718,0.06617429677290916,0.1185370714939084,0.07547965287241291,0.0679514678578745,0.1482772214376592,0.12614884839506132
184,184.0,184.0,0.10932677270130835,0.11541382484882119,0.1110434043412151,0.07469349734170169,0.05445388770256414,0.1272643724344372,0.06399667300982703,0.06399621440181329,0.16110905081275356,0.11870230240555801
185,185.0,185.0,0.10049091439815709,0.11847139079007371,0.11192752737317244,0.08972779883946708,0.06762983613161569,0.12991955738746414,0.05496591896339988,0.050890432407229624,0.15272499284560498,0.12325163086381492
186,186.0,186.0,0.09824415451931993,0.11714468178230604,0.10820465729608193,0.06303406445783119,0.03836318551184219,0.13012370632216744,0.053732463970250874,0.0850409726912399,0.14856838984556872,0.15754372360339147
