,Unnamed: 0,Generation,Intertwine_two,Add_vertex,Delete_vertex,Invert_path_vertices,Insert_inside_vertex,Delete_inside_vertex,Replace_inside_vertex,Donate_between_routes,Trim_one_terminal_cb,Grow_one_terminal_cb
0,0.0,0.0,0.09999999999999999,0.09999999999999999,0.09999999999999999,0.09999999999999999,0.09999999999999999,0.09999999999999999,0.09999999999999999,0.09999999999999999,0.09999999999999999,0.09999999999999999
1,1.0,0.10900000000000001,0.0998161768872847,0.09897624479988196,0.09876397958240225,0.10097517385046324,0.10000801650389976,0.10033856571653609,0.10052108054912326,0.10024413685519208,0.10050721897031463,0.09984940628490194
2,2.0,0.31601,0.10060592634107822,0.09810258147467084,0.09722164765629351,0.10116396446785439,0.09957175403444092,0.10064740170373834,0.10053470151892722,0.09976451536143935,0.10171008209942582,0.10067742534213127
3,3.0,0.6191589000000001,0.1007855354627666,0.09735324201747936,0.09533190641682783,0.10140181226196307,0.09931077587666776,0.10152740200518245,0.10045910219551399,0.09964364673779141,0.1025727087034054,0.10161386832240203
4,4.0,1.015801321,0.1017505670775147,0.09692428054442005,0.0944523752806624,0.10136798481022996,0.09928013805621096,0.10229474105200592,0.09948031271114761,0.09892515510794478,0.10340225042687001,0.10212219493299343
5,5.0,1.50262148669,0.1016089378557053,0.09724754221428139,0.09283954219056566,0.1011681390801783,0.09836752630712078,0.10363471811733108,0.09906767775613586,0.09771108975253373,0.10495134306673819,0.10340348365940952
6,6.0,2.0757334209441005,0.10130002744733127,0.097133449026509,0.09128450889370296,0.10079924734583057,0.09718840238908526,0.10614401444689353,0.09863734037090324,0.09727843909946589,0.1065673116596658,0.10366725932061228
7,7.0,2.7307768275633495,0.10146403608260614,0.09688967807640435,0.09018944357564922,0.10033835729984501,0.09513711784280111,0.10782385219225066,0.09860313187926252,0.0962137353536689,0.10826045641494367,0.10508019128256818
8,8.0,3.4630081252450404,0.10092638406725318,0.09610039258035365,0.08875230758029791,0.10038951193116763,0.0938258390926471,0.10982904543605086,0.09852710949408186,0.09461729645341824,0.11074051961215337,0.10629159375257594
9,9.0,4.2673862119061114,0.1003010708665999,0.09571159520411593,0.0884376116227206,0.10005694628796293,0.09246278548810993,0.1112283490133842,0.09783026973295908,0.09347814905841258,0.11332538968548181,0.10716783304025279
10,10.0,5.138652627782014,0.09966222796726117,0.09575648648545784,0.08809549668200248,0.0985525091821868,0.09152267914067869,0.11242596737541521,0.09766907777738595,0.09276048267064886,0.11555752184140623,0.1079975508775565
11,11.0,6.071405875792507,0.0993057693859947,0.09509357576671436,0.08805684556951915,0.09869003602923757,0.09077613762896651,0.11284169978467941,0.09664090638146829,0.09180177083440033,0.11782521401777844,0.10896804460124095
12,12.0,7.060169740244025,0.09901410840677899,0.09531840354974118,0.08799942482913743,0.09901558600665472,0.0882111110429763,0.11401613554986871,0.0953747874450846,0.09091463533589295,0.12047939643188181,0.10965641140198298
13,13.0,8.099455520847952,0.09914602205622729,0.09596605306648491,0.08750792999367833,0.09925624789155896,0.08532519168815841,0.11559000940512909,0.09396192467237358,0.0896421898714385,0.12287466003077681,0.11072977132417378
14,14.0,9.183818168183006,0.09859791410977574,0.09497261286289375,0.08718718405689131,0.09879411883695093,0.08387100506688831,0.11757761791606809,0.0928933890331215,0.08895345032109847,0.12521123294104253,0.11194147485526904
15,15.0,10.307906369102724,0.09803027735081828,0.09504773384326069,0.08738262815425611,0.09865890919690583,0.08088592124300538,0.1192653521089477,0.09110306658255095,0.08833567606099552,0.12747652851150712,0.11381390694775212
16,16.0,11.466506686239443,0.09753526086859612,0.09531197511483436,0.08833255377225722,0.09683291424998272,0.0779919627135811,0.12128085864325996,0.09057903716978123,0.0871298107386479,0.13044145901866394,0.11456416771039515
17,17.0,12.654581904800096,0.09619990763909497,0.09575037512889828,0.08809064536331186,0.0966420636489471,0.07677888470881523,0.1230997232140908,0.08956847670629849,0.0862953959172148,0.13206003513836764,0.11551449253496049
18,18.0,13.867303782456686,0.09563251493710026,0.0953306700647682,0.08874831126642543,0.09607786276138704,0.0753185538130818,0.12514548893652386,0.08955453295323285,0.08494567846885347,0.13351507489761094,0.1157313119010158
19,19.0,15.100080434523047,0.09487652235349622,0.096602469860545,0.08886405882596292,0.09741940283754541,0.07347760700519951,0.12619266022791484,0.08824166655166865,0.08375836867095734,0.13460413108097807,0.11596311258573169
20,20.0,16.348578617037543,0.0940226498703963,0.09665186186289665,0.08984150595744324,0.09786859861735625,0.07185181570601418,0.1268966665780321,0.087702438051362,0.08249884518362734,0.1352817781909676,0.11738383998190402
21,21.0,17.608741195130214,0.09393084202070068,0.09694700674209564,0.0898646438544171,0.09690864313231057,0.07046001315266183,0.1287879078965126,0.08682653734688768,0.08118035634082722,0.13699132922219734,0.11810272029138896
22,22.0,18.876800103462312,0.09367889926441052,0.09836439963572757,0.08980527231881666,0.09693018311564319,0.06826013235202726,0.1300131067359994,0.08627954964463456,0.0802976240357487,0.13775762112275017,0.11861321177424161
23,23.0,20.14928511992658,0.09357886763438357,0.09790797175367842,0.08962685945931226,0.09658572971891402,0.06706360211791715,0.13055536921244876,0.0858357051037932,0.07945072101573933,0.1398729996792555,0.11952217430455744
24,24.0,21.423028783545156,0.09401831654643132,0.09859412066239953,0.08952146968169715,0.09623274140799933,0.06643327524670876,0.1315385348520402,0.08470161882701353,0.07904538171929143,0.1397153107141831,0.12019923034223529
25,25.0,22.695167792966423,0.0939887914592973,0.09880621920720487,0.08940070859675658,0.0958023685047225,0.0659469241542306,0.13243485751320996,0.08470287317746752,0.07907652679320461,0.14004386725767906,0.11979686333622669
26,26.0,23.963141223515898,0.0942889788873596,0.09865212559210187,0.08891548912243773,0.0962150714031622,0.06555547626922895,0.13279896252279338,0.0842980762429131,0.07902077219079279,0.1406367205352686,0.11961832723394147
27,27.0,25.224685898775267,0.09453757255776951,0.09873784626128866,0.08869732557928675,0.09684727388073244,0.0649140006236904,0.13376059350217875,0.0842472791440944,0.07800478199589486,0.14127514207917058,0.11897818437589336
28,28.0,26.477829247520948,0.09415323016356993,0.09977224282208426,0.08959863960803477,0.09652694582475714,0.0640919986711003,0.13437072460506125,0.0842947362470585,0.0774859190201624,0.1410798953134483,0.11862566772472291
29,29.0,27.720879968916847,0.09357625124100513,0.10081966567740894,0.08997323636541721,0.09547688991448004,0.06327250422088532,0.13376207499654497,0.0847188017195199,0.07711603044709116,0.14193243759988808,0.11935210781775901
30,30.0,28.95241681848399,0.09233875499759003,0.10139099523104253,0.08967660641637128,0.09687521104028854,0.06240730853952881,0.13447456081533418,0.08437716769336773,0.07704741882921215,0.14153207818407962,0.1198798982531849
31,31.0,30.17127581490958,0.09147911006889486,0.10105431579578203,0.09002395451538031,0.09688828743584367,0.06183511824866942,0.13454758487759527,0.08463460680035972,0.0768183118445522,0.14204416589239288,0.1206745445205294
32,32.0,31.376536153543515,0.09121113086344297,0.10121496214697118,0.0909561534230568,0.09619991400690686,0.060854947073019236,0.1361019276524593,0.0842195719168797,0.07605295304762841,0.14227101258550845,0.12091742728412688
33,33.0,32.567505096778625,0.0902787030171085,0.10115692111730043,0.09058953245570825,0.09627236458078499,0.05979434631954039,0.13613125797556333,0.08412634959733915,0.07722710206201565,0.14282846637129226,0.1215949565033468
34,34.0,33.74370209472243,0.0892459100593299,0.10254091672197345,0.09126603177597761,0.09654966463560345,0.06024997814891216,0.1342877738474065,0.08402843598332088,0.0769612168797462,0.14240712305356296,0.12246294889416662
35,35.0,34.90484237192463,0.08911176593471803,0.10245662983208331,0.09054341337303602,0.09694322811272896,0.06171293106773282,0.13483317124781138,0.08390813362810015,0.07664473043817155,0.14165460606551736,0.12219139030010018
36,36.0,36.05082019768737,0.08992848038114615,0.10399597145978809,0.09030860388501157,0.09590503174646495,0.06126789612984482,0.1342715372810983,0.08365353086884247,0.0780591275586856,0.14120424084259714,0.12140557984652069
37,37.0,37.18169203889697,0.08914884738511257,0.10495621603206022,0.09103232106590381,0.09564138284306456,0.062059676699435205,0.13459333870220402,0.08299147275786892,0.07797991412232498,0.14063630448412595,0.12096052590789952
38,38.0,38.29765977559663,0.09028797219173026,0.10602613038160562,0.09069044711416888,0.09489594767607132,0.0614577235943177,0.13438065998629284,0.08310243828194343,0.07786943495499751,0.14004305397008499,0.1212461918487872
39,39.0,39.399054140870355,0.08969898444673399,0.10744368489171578,0.09238711211240624,0.0935171005551864,0.061397921917146256,0.13423879174394604,0.08328925963277717,0.07774190152119448,0.13937182807903226,0.12091341509986112
40,40.0,40.48631852820801,0.09090046518670009,0.10706883274733207,0.094024842298804,0.09284452930524102,0.06268751152102854,0.1328723920405989,0.08362232665196513,0.07603828916180762,0.13922477068717085,0.12071604039935149
41,41.0,41.55999329152982,0.09067229988349554,0.10715697292544582,0.09363117856636759,0.09246899224702916,0.06293401351632433,0.13312310540584685,0.08494072729615545,0.07454833324615995,0.14008936120111257,0.12043501571206244
42,42.0,42.62070064560415,0.0909405698756438,0.10748995305681296,0.09410702935961943,0.09234548399383305,0.063038096617993,0.1325690882923513,0.08557682488934258,0.0731028750913527,0.13996586351759524,0.12086421530545567
43,43.0,43.669130257815,0.0899621763332211,0.1076229859635233,0.09518165547914731,0.09219441862574417,0.0642011810857591,0.13319945242069642,0.08606394829020626,0.07250727422445755,0.13875502971725634,0.12031187785998823
44,44.0,44.70602560622662,0.09035241287211514,0.10818140384310365,0.09529860114436108,0.0918925713339882,0.06347816680172463,0.13331721902890048,0.08553655908390052,0.07252178302269316,0.13914830052882532,0.12027298234038755
45,45.0,45.73217116373481,0.09056845370365488,0.10890644481953321,0.09583182670734587,0.09150398590525638,0.06350795962728624,0.1330006072643916,0.08508845115834031,0.07316776169864452,0.13813521087558153,0.1202892982399652
46,46.0,46.748380453854836,0.09160684253273084,0.10913533489973767,0.09534952761207358,0.09279377674932132,0.06332370092249988,0.13179225946733147,0.08387148190519325,0.07223985538558841,0.13993153669485725,0.11995568383066607
47,47.0,47.755485010424316,0.09154849939210087,0.10891057459793094,0.0968269012407418,0.09317462381896958,0.06286117549015607,0.13171546694249897,0.08364485966460238,0.07090205660617854,0.13969266627554303,0.1207231759712776
48,48.0,48.7543242612326,0.08999455630409306,0.10827196308809561,0.09757933206962009,0.0937158950998413,0.06286910077570017,0.13166726560797062,0.08360270654394283,0.07145213939059199,0.13969149205427067,0.12115554906587347
49,49.0,49.745736344347726,0.09067458924137203,0.10805898278189356,0.09732786778187275,0.09365849199204129,0.06280301177192595,0.13236474703988313,0.08354697377754951,0.07104190716939296,0.14004413683236694,0.12047929161170169
50,50.0,50.730549855707864,0.09095175912685541,0.10855851755654483,0.09731259835462586,0.0933196660059019,0.06340781143823522,0.13219942210051291,0.0833451549711152,0.07070470387188828,0.13929681323500392,0.12090355333931625
51,51.0,51.70957651737491,0.09133800428485306,0.10848582680141193,0.09792484422613415,0.09225337239492694,0.06326543333311352,0.13194088205511095,0.08357681461280617,0.07088893868182536,0.13930943524686987,0.12101644836294788
52,52.0,52.68360474770151,0.09075438954097612,0.10929994233232343,0.09741189254535267,0.09237644757359412,0.0636811334097993,0.1314553066044727,0.08285401136319492,0.07058532844647901,0.14016233297272318,0.1214192152110844
53,53.0,53.65339410751842,0.0910593901709813,0.11005107372243894,0.09698765140101356,0.09115479609025579,0.06426201811006829,0.13208156343406466,0.0825799370268577,0.06953485132806084,0.14048087987814686,0.1218078388381119
54,54.0,54.61967059027847,0.09142572300652767,0.1094883672111658,0.09634685094738389,0.09239223249493698,0.06507547275872227,0.1318802158583925,0.08244747021096349,0.06891903936991443,0.14052857637679997,0.12149605176519282
55,55.0,55.58312271885972,0.09068428981185295,0.10887380192089391,0.09658272073494892,0.09216109761174385,0.06477248829740144,0.13214001087534724,0.08255477422279539,0.06957436582157385,0.14097291817727695,0.12168353252616532
56,56.0,56.544398407394254,0.09094562530100188,0.10862858590197792,0.09614259715678061,0.09244589488679827,0.06512869979942522,0.13296843422095056,0.08159751850908555,0.06905838056893837,0.1405178600221541,0.12256640363288732
57,57.0,57.504102543001395,0.09085113811646077,0.10779612709579954,0.09563223382049113,0.09241153687090747,0.06654312397009081,0.13305235580620736,0.08157264975940665,0.06878873468835801,0.13997304711628636,0.12337905275599167
58,58.0,58.462795239617805,0.09030154241047002,0.10675165764991598,0.0944505088444263,0.09286696131755413,0.06787365933225814,0.13330906290342712,0.08174458468631615,0.07004670894728693,0.1394300861185587,0.12322522778978628
59,59.0,59.42099071417639,0.09070933127699607,0.10776350608600843,0.09363913663490137,0.09224292868414122,0.06827155252282649,0.13420007721685792,0.08147788671547307,0.06933632297425761,0.13990113006052288,0.12245812782801471
60,60.0,60.379156734137354,0.09152224144564741,0.10618918448775141,0.09453858928436114,0.09236357183398204,0.0691813416534198,0.1340503743575882,0.08092536635179734,0.06976057679035387,0.1398107593633437,0.12165799443175483
61,61.0,61.337714584760846,0.0918293519074744,0.10637524162878957,0.0944992664150012,0.09283095984433393,0.0687832446009143,0.13300532709529161,0.08034714637402893,0.07021841300964762,0.1409684139436028,0.12114263518091538
62,62.0,62.29703950447439,0.09108686513314299,0.10696372371107184,0.0947045237570147,0.09316623801622953,0.06871430877520296,0.1333321669446445,0.08061408996186614,0.07073248061302391,0.1403451501819031,0.12034045290590005
63,63.0,63.257461537171835,0.08980067661161081,0.10596883241392586,0.0954910760676462,0.09298556631316018,0.06835329594190206,0.13303374924053696,0.08190482802508789,0.0713630113462456,0.1411798745685053,0.11991908947137883
64,64.0,64.21926675122782,0.08979849098751563,0.10513132847781737,0.09597143007514455,0.09210389325485792,0.0692489181070015,0.1322798435066959,0.08256661246616134,0.07119579852048481,0.14051876030384164,0.12118492430047903
65,65.0,65.18269877636592,0.0909800234226299,0.10436455313858126,0.09616383381689184,0.09266848276555745,0.06862203187776042,0.13171504046903718,0.08231887148209407,0.07158124911359982,0.14055837977344085,0.1210275341404069
66,66.0,66.14796061122655,0.09050459010567047,0.10374522507908024,0.09573459836556679,0.09258027489332069,0.06896463392069421,0.13227009752289567,0.08282367547509832,0.07083146186628798,0.1413024502297809,0.12124299254160438
67,67.0,67.11521665648885,0.09058297849460745,0.10447595163170009,0.09463679802843296,0.0935102350496848,0.06849064497174684,0.13245289767383794,0.08291474998544357,0.07093236417068444,0.1411718842493258,0.12083149574453575
68,68.0,68.08459493066005,0.08999524286368706,0.10430740644902475,0.09496965382995813,0.09445420054478162,0.06828847707988629,0.1328772035103896,0.08299038804759487,0.07049294222252134,0.14093093316174063,0.12069355229041533
69,69.0,69.05618942810752,0.08997035990650382,0.10325771219351662,0.09469738737601545,0.09437136393961373,0.06822109051594884,0.13367413174005455,0.08352478693671338,0.07041348005983784,0.14079919493321796,0.12107049239857741
70,70.0,70.03006258152917,0.08759312695818172,0.1029000869963955,0.0967059024976661,0.09483755046385675,0.06745815050651222,0.13239003545582176,0.08423243082902901,0.07005028047081756,0.14258803017948463,0.12124440564223438
71,71.0,71.00624779379335,0.08782357530493569,0.10396761371811022,0.09768599489427074,0.09478813577361311,0.06613148899424617,0.1306741325565734,0.0836012528960933,0.07183336393101551,0.14294466160449557,0.12054978032664591
72,72.0,71.98475200689319,0.08849127064321849,0.10413161786844191,0.09955080184844292,0.09493054019167681,0.0662309629958569,0.1295247869371464,0.0829962191286959,0.07213007508628079,0.14164540671044845,0.12036831858979107
73,73.0,72.96555827861411,0.08744994692364802,0.10530574410852842,0.10030145741295787,0.09347203048691316,0.06555906858136547,0.12876094928503679,0.08363025717144161,0.07269390252898973,0.1423223626186362,0.12050428088248236
74,74.0,73.94862834037681,0.08847674940510791,0.10679082705697764,0.09937264728777027,0.0926885082968331,0.06513211601174963,0.12962024077380732,0.08333481582523547,0.07269944382365634,0.14097276159280536,0.12091188992605656
75,75.0,74.93390511255946,0.0883384992013082,0.1064817793648671,0.09991556797674946,0.09388118452336389,0.0642181295244234,0.1295839489783002,0.08254973774282143,0.07391418859679327,0.13958397215590712,0.12153299193546559
76,76.0,75.92131515639825,0.08959337673038675,0.10634438146689004,0.10006048742273185,0.09352981626502342,0.0634027818871682,0.1295765365892632,0.0813517441639122,0.07556467967054266,0.13941552616244196,0.12116066964163932
77,77.0,76.91077104428919,0.09040676828090675,0.10713884940921739,0.09965276391455956,0.09258127803325855,0.06362522183066523,0.1293523186924288,0.0824177460016486,0.07515371955053292,0.13855609473298333,0.12111523955379846
78,78.0,77.90217363294813,0.08999100151390665,0.10712391517722528,0.09867139854360205,0.09376582774108433,0.06329704528165156,0.13050181245461462,0.08187691172671036,0.07497109264238669,0.13862425959659472,0.12117673532222341
79,79.0,78.89541422641172,0.09119246247239511,0.10706635762554087,0.09776069028827918,0.09361772063618573,0.06546699875756128,0.13020668332837518,0.08180849365598412,0.07380685645116163,0.13815226576945347,0.12092147101506315
80,80.0,79.89037661826481,0.09115748611273744,0.10833658929908194,0.09865534397456172,0.09266131545575756,0.06550667484961939,0.12818865383575373,0.08289983938341029,0.07297256401654452,0.13999109979095542,0.11963043328157769
81,81.0,80.88693900474995,0.09115000344661808,0.10975159286449984,0.09988209053181345,0.09374721546326802,0.06359406983709556,0.12736205067795595,0.08266405059206805,0.07264076977660329,0.1384505954373571,0.12075756137272038
82,82.0,81.88497576253909,0.09113938149046928,0.1091845548486943,0.10099760353609348,0.0949102588741093,0.06380298847650856,0.12667605095592377,0.0832429392589606,0.07135097696045312,0.13810064012214654,0.12059460547664078
83,83.0,82.88435908692391,0.0903588854753484,0.11058005266842932,0.10082633844381614,0.0942795640920559,0.06419986571427745,0.1265332377378461,0.08367880138850259,0.07212762160318739,0.13733192682418432,0.12008370605235208
84,84.0,83.88496048800103,0.09077508793770311,0.1110243179851535,0.10108537976563746,0.09285179534456908,0.0644570877781658,0.12663488292076974,0.08358424546126231,0.07182692889224011,0.136947246502112,0.12081302741238653
85,85.0,84.88665214409042,0.08953949441545885,0.11136742426233724,0.10116257209479898,0.092170298832623,0.0639550880877683,0.12531895347796357,0.08521098968022643,0.07092705276161405,0.1390190815279152,0.12132904485929406
86,86.0,85.88930811312994,0.09029601866183451,0.11149136567732824,0.10109004993229884,0.09205464876875243,0.06315021075729048,0.1249342391623048,0.08379996702786906,0.07139721264667051,0.13997473865917456,0.12181154870647629
87,87.0,86.89280540413424,0.09064413541538008,0.11280109962969016,0.10107602624353407,0.0915199555405586,0.06185096683224321,0.12603661707977248,0.08333991602816378,0.07166215415576467,0.13969748876102403,0.12137164031386864
88,88.0,87.89702491199675,0.08957377423201346,0.11311668784941399,0.10192993881278559,0.09268432511187993,0.06294380430958683,0.12488460605396726,0.08289934869465727,0.07132234566062337,0.14030581972562534,0.12033934954944671
89,89.0,88.90185221995306,0.08987160335816968,0.1121601045953137,0.10311002085808638,0.09296926296144122,0.061864244388779716,0.12334734208492382,0.08245960068007305,0.07213921178316304,0.14131257286255564,0.1207660364274935
90,90.0,89.90717827491419,0.0893946195152011,0.11206365965649645,0.10275776386283389,0.09249434872208612,0.061775524557084675,0.12378877154981034,0.08377994654375538,0.07157623925218712,0.14118503940577046,0.12118408693477417
91,91.0,90.91289994163006,0.08959319658017308,0.1128210339912091,0.1038674105905735,0.09306287819395054,0.06259298167828295,0.12212558553083282,0.08263584313925278,0.0711916283909532,0.14065757231400872,0.12145186959076301
92,92.0,91.91892044225806,0.08905462009719216,0.11263161781383803,0.10366255532453435,0.0935841950689154,0.06297935789970674,0.12168639847993949,0.08297490000849934,0.07037144222322063,0.1408715595586184,0.12218335352553514
93,93.0,92.92514968840067,0.08947454596622383,0.11383062133156646,0.10242911478261771,0.09294444705325385,0.06246571955721397,0.120883928802299,0.08229125293712274,0.07192251776864587,0.1400305336026783,0.12372731819837796
94,94.0,93.93150451304501,0.08906503132232993,0.1146265992582679,0.10131344759889303,0.09280182138064533,0.062284508059955786,0.12068446996352811,0.08274713710177227,0.07156877784941715,0.13914088028570717,0.12576732717948302
95,95.0,94.93790881009448,0.08898915928142993,0.11551444690056531,0.10018368076597911,0.09275991636698605,0.06189476403648594,0.12077000689936554,0.08252546702242003,0.07093316046438167,0.1398355515386654,0.12659384672372076
96,96.0,95.94429358933806,0.08812192848534793,0.11489142058392689,0.10003897471429732,0.0934801705458643,0.06258287799588684,0.12058315774327966,0.08240268544430253,0.07028333547697385,0.1402337656071335,0.12738168340298697
97,97.0,96.9505969547639,0.08899627926633104,0.1132845576449931,0.09970240231482294,0.09379984731371933,0.06320991072771855,0.11996331535937664,0.08278837094084403,0.0691270625218794,0.14059199942319572,0.128536254487119
98,98.0,97.9567640140995,0.0883978037178708,0.11190987861671739,0.10090199941151949,0.09462618819508442,0.06346394529591161,0.12129028309431922,0.08143622693629637,0.06783822274287465,0.14067918438869534,0.12945626760071047
99,99.0,98.96274672736057,0.08794001813342892,0.11232332592325268,0.10214769195277772,0.09517055922951677,0.06486439742984772,0.12078373381608644,0.07970128599885537,0.06775906662949524,0.14038775082775334,0.12892217005898554
100,100.0,99.96850370202192,0.08926098436940628,0.11143446524553963,0.10262812067206528,0.09602197668645832,0.06522691673441183,0.12114105456017807,0.07876718948939845,0.06670150757205548,0.13821430523467762,0.13060347943580883
101,101.0,100.97399994219691,0.08913276814937986,0.1123708017126466,0.10177297152999809,0.09694214065195206,0.06562632848615836,0.11994242578432927,0.07884443754677453,0.06721355514810591,0.13890205335063807,0.12925251764001702
102,102.0,101.97920655893245,0.08909334316015154,0.11169323026028298,0.1021802792937355,0.098381180762216,0.06390049034020623,0.12076977123605637,0.07870176064637971,0.06857945292058436,0.138261857178918,0.1284386342014691
103,103.0,102.98410044840509,0.08902842252760466,0.1116471618150469,0.1008282286879831,0.09973700033190074,0.06255122927010515,0.12122174147142534,0.07871617197819092,0.06864554305158667,0.1390057421970356,0.1286187586691207
104,104.0,103.98866394444643,0.09066618479457142,0.11171823296219559,0.10168468547181331,0.09984657449131921,0.061597801960708035,0.12185606732649779,0.07796764965302992,0.06886220660655609,0.13757607618677026,0.12822452054653816
105,105.0,104.99288445143917,0.09096488840078584,0.11169885371921949,0.10054426132830094,0.09971623206058518,0.06217035708261471,0.12271496046532311,0.07798988522775308,0.06845161239198931,0.13831561330454994,0.12743333601887824
106,106.0,105.99675406321822,0.0911015009928665,0.11129985063356734,0.09980434953164946,0.09906900299725462,0.06234165367334954,0.1227854545869629,0.07921478394600817,0.06781301152334623,0.13840308427994202,0.1281673078350531
107,107.0,107.0002691731872,0.092328779463525,0.11043399365792611,0.10022940482731216,0.09914119309211576,0.062280298447669025,0.12279579865305384,0.07973403608149916,0.067706848626591,0.13745044094881612,0.12789920620149162
108,108.0,108.0034300804274,0.09243084933054824,0.10949478240914813,0.10038879701306416,0.0988465514208201,0.06290285080760072,0.12249783492213265,0.08125335987597124,0.0661864169771231,0.1375866808993825,0.12841187634420895
109,109.0,109.00624059613932,0.09362029173065138,0.11045740379642295,0.09929422808349872,0.09909820405693169,0.06240420345794474,0.12193710661079873,0.0818791160236621,0.06682426901850837,0.13707762637673515,0.1274075508448459
110,110.0,110.00870765431864,0.09542273407240766,0.10958817807491361,0.09854598615952388,0.09928731470823307,0.0633510279858563,0.12223683994423226,0.0817946347523548,0.06628679882199165,0.1362685939293888,0.1272178915510977
111,111.0,111.01084093013685,0.09521114955275083,0.10922018925324735,0.09791075756760131,0.09950718382770568,0.06430450523612617,0.12105561515684506,0.0822299110026774,0.06674254864854309,0.1368082526461946,0.12700988710830824
112,112.0,112.01265246907188,0.09524301039738768,0.10890514602336293,0.09832483034429997,0.09976246252741333,0.06385012347593391,0.1201464448455211,0.08316909459860328,0.06659100809886613,0.1366756141249984,0.127332265563613
113,113.0,113.01415632942268,0.09657137995345903,0.10776841049867979,0.09746974881153832,0.10076926543224647,0.06340042700904808,0.12070952579724623,0.08226348348546456,0.06725064300883242,0.13621953705131315,0.12757757895217167
114,114.0,114.01536824044418,0.09725318956900755,0.1082797985384286,0.09561531318107885,0.09970245490868873,0.06257811708199974,0.12227299738491647,0.08250231321074476,0.06843764026094236,0.1367635411440121,0.1265946347201805
115,115.0,115.01630527795908,0.09711774009508506,0.10677880847677422,0.09614603748879738,0.09984612344496274,0.06266198169336688,0.12120235384409453,0.08270340968709919,0.06953557273126758,0.13757929229151242,0.12642868024703965
116,116.0,116.0169855589429,0.0966646205617199,0.10877798300701894,0.09464484864575626,0.0998426754622828,0.06261348800272241,0.12243513768361977,0.0815639612066899,0.06921947810678858,0.13829267013393287,0.1259451371894682
117,117.0,117.01742795623892,0.09737252136156638,0.10820843385945601,0.0943237490040515,0.10003322415592694,0.0620540978284124,0.12220899451617015,0.08137733206063952,0.07070659851902096,0.1384110666714319,0.12530398202332388
118,118.0,118.01765183424293,0.09765707958921353,0.1089917087242564,0.09387409580967532,0.0989467337904977,0.062118048259831894,0.12257118444835635,0.08049176538542385,0.07215959630909737,0.1385068583190327,0.12468292936461453
119,119.0,119.01767680610413,0.09685875692482736,0.10946231776384022,0.09518350345053624,0.0978931605223747,0.06304774565196467,0.12313921824256183,0.07829790228902389,0.07308224636671336,0.13904010283794452,0.12399504595021286
120,120.0,120.01752251271817,0.0978503275018951,0.11076699091894074,0.09545113265309799,0.09592191352786159,0.06341041985927953,0.12245653130589829,0.07964022070633625,0.07300240673225594,0.1381022310116956,0.12339782578273867
121,121.0,121.01720842354362,0.09746562443734261,0.11169596138173785,0.09528857334116543,0.09594527453699989,0.06347479449065853,0.12273415907961475,0.07975979640023832,0.07250812253734613,0.13775911521883402,0.12336857857606219
122,122.0,122.01675365905109,0.0960272416423115,0.11215489037440973,0.09538774463411669,0.09494831285957309,0.06436665837825672,0.12208503627656891,0.07967019989686723,0.07220262025748814,0.13840078035140535,0.1247565153290024
123,123.0,123.0161768344173,0.09664082663273066,0.11315728407065012,0.09636222230953012,0.09461785554337643,0.06291543579333729,0.12171257865462454,0.07845344599414501,0.07166231557177348,0.13866418177686154,0.12581385365297057
124,124.0,124.01549592390272,0.09840629866665787,0.11186005308518135,0.09685979103737258,0.09424806309409098,0.06241569002844677,0.1208179924791345,0.07832972984473623,0.07143240620432009,0.13847274128996015,0.12715723427009923
125,125.0,125.01472814520056,0.09948306501061134,0.11115068087427424,0.09803377841300628,0.09555634537034524,0.06179918481986217,0.11913454916764195,0.07943300529148388,0.07215604512357525,0.13721848991761285,0.12603485601158657
126,126.0,126.01388986291661,0.09880088028967145,0.11212859792130746,0.0983892847547713,0.09583837440403176,0.061430688132108245,0.11857175958655815,0.08023469971661126,0.0717102692162972,0.13825406717940816,0.1246413787992348
127,127.0,127.0129965102319,0.09864911988359343,0.11137194695940916,0.09992592079118771,0.09610308214145985,0.060689622037355645,0.11872512938892704,0.08069371793995253,0.07243104318808988,0.13828120682767248,0.12312921084235204
128,128.0,128.01206252771334,0.09757988085997282,0.11238086596311365,0.10091625561197089,0.09461125767473848,0.05998206392474014,0.11953340771465418,0.08103741547905004,0.07248115902317068,0.13847224039747977,0.12300545335110913
129,129.0,129.0111013181695,0.09650237338305101,0.11346978206597427,0.10191167947706752,0.09261680130823871,0.05988552061555323,0.119374311717672,0.08015362326142496,0.07184390189852241,0.14062848788932159,0.12361351838317411
130,130.0,130.01012521639834,0.09688802286680934,0.11430449198187971,0.10232724225145605,0.09218372642205201,0.061097623836617494,0.1185564843628192,0.07902925692647768,0.07123402389305812,0.14063210834244083,0.12374701911638938
131,131.0,131.0091454726403,0.09641265215426008,0.11468832950850445,0.10333238795983937,0.09129081551616203,0.061696647239275045,0.1175522713518867,0.07837945218667589,0.07134747741638758,0.14118199470750806,0.12411797195950064
132,132.0,132.0081722485317,0.09681560365889594,0.11639804554555551,0.10294206883939429,0.0910387808696587,0.06233750849419648,0.11707858507677009,0.07780628077261506,0.07155984332060221,0.14041184108715327,0.12361144233515828
133,133.0,133.00721462434865,0.09602408759759051,0.11704422339043091,0.10382250195403872,0.09096252266905601,0.061589277779062576,0.11736949835556192,0.0770659573197772,0.07161322119907143,0.14001273953891163,0.12449597019649888
134,134.0,134.0062806163404,0.09620595955673164,0.11807179271156902,0.1045943537154157,0.09047188425386962,0.061838237755027746,0.11654292250851102,0.07611523324279136,0.07081952122514783,0.14073835869336873,0.1246017363375671
135,135.0,135.00537720296956,0.09561371015847481,0.11684418675732852,0.10659030940415391,0.09084738014031783,0.0620293933735032,0.11618915518204068,0.07407360468880433,0.07073462996035983,0.14115945780519462,0.12591817252982207
136,136.0,136.00451035890612,0.09552438389220365,0.11575827311671956,0.10719734943818776,0.08938762155402402,0.06123347639118126,0.11814270127152987,0.07215286920197224,0.07082664672270833,0.14282407977684797,0.1269525986346251
137,137.0,137.00368509565993,0.09433928658963361,0.11542578762762361,0.1075548770764052,0.09042125145789584,0.06066184400271804,0.11836142213210601,0.07245262797539749,0.07140508618186843,0.14260720839887128,0.12677060855748026
138,138.0,138.0029055077818,0.09393587794129725,0.11504075640296145,0.10772858977918355,0.09028819748368014,0.059693192353238146,0.11899490485372438,0.07192285957580102,0.07012485731331539,0.14351597059180085,0.12875479370499762
139,139.0,139.00217482361367,0.09239942484256396,0.1174840371527575,0.10738906751190488,0.09155025021087809,0.05893359853634338,0.11921488746122962,0.0709652530295407,0.06860642232283018,0.1441889180339501,0.12926814089800143
140,140.0,140.0014954596262,0.09021096108960804,0.11644646475119436,0.10968205839195043,0.09113927052852057,0.06048468923106795,0.12008866892133237,0.0725271776789087,0.0675296026136338,0.14456848083387053,0.1273226259599131
141,141.0,141.00086907744122,0.09116712220016229,0.11579676152598427,0.11003361313355534,0.09078760417681667,0.06056723946147534,0.12001946652760673,0.07295682367647471,0.06526360819614621,0.1455196701255637,0.12788809097621462
142,142.0,142.0002966427003,0.09118788286907399,0.11481736723091089,0.11015453418283408,0.09199962249226744,0.06060789619058656,0.12122100517904609,0.07354944736803079,0.06373311835726499,0.14480596972009635,0.12792315640988863
143,143.0,142.99977848500652,0.09212341908005132,0.11612262322967161,0.11013036767324544,0.09153599492511433,0.06014522012944132,0.1223760321360283,0.072979431644411,0.06298689418819861,0.1432361979005908,0.12836381909324707
144,144.0,143.99931435823203,0.09240916221929363,0.11643252202145346,0.1102683137292062,0.09066197664288968,0.05982576671528107,0.12265823645315704,0.074454052366464,0.0622827865492447,0.1424696748896452,0.1285375084133648
145,145.0,144.99890350055264,0.09317130945900566,0.11644599537800134,0.11058207927277626,0.09033846569403621,0.0601756687282203,0.12102579627948674,0.07273406132582518,0.062287842672110585,0.1438660793018167,0.12937270188872085
146,146.0,145.9985446936357,0.09176286436987222,0.1177837421522758,0.11087676908075116,0.09051363901944692,0.05973482372046362,0.121522905036251,0.0715223796767748,0.06294314144081443,0.14469948785865874,0.12864024764469112
147,147.0,146.99823632047406,0.0901045767113604,0.11721898784429266,0.11293437706252638,0.09028319959868249,0.06071786509836413,0.12229324961990166,0.0738016568606767,0.06197967598980806,0.14372451776008824,0.12694189345429902
148,148.0,147.99797642142389,0.09107692188064868,0.11724712665682177,0.1122303608306495,0.08978132330265101,0.060107107660124254,0.121345403816006,0.07552349753196136,0.06202158329904094,0.14328199935887995,0.12738467566321632
149,149.0,148.99776274806447,0.09246209054984329,0.11866049428688984,0.11099799743644259,0.0897067758416191,0.05957807277348758,0.12010134944029746,0.07616392619401527,0.0613163791978118,0.14210798807843486,0.128904926201158
150,150.0,149.99759281456036,0.09207417937435396,0.11915204576802658,0.11091828673758793,0.0900229482265643,0.059609332252309806,0.11998839208724284,0.07615500849450287,0.06196325983266039,0.14137841035542942,0.1287381368713217
151,151.0,150.99746394626104,0.0930089662585038,0.11935072667181927,0.11065411055842579,0.08874153690531272,0.05993406290207981,0.12066559618502971,0.07718309453671693,0.061442002442268065,0.14225655975888812,0.12676334378095558
152,152.0,151.99737332532905,0.09189869541514667,0.11839220955879722,0.11020368354219247,0.09052001291913171,0.06047011989546182,0.1221048351907828,0.07668834477214515,0.06126633556796433,0.1417106028698954,0.12674516026848226
153,153.0,152.99731803323698,0.09230438069056254,0.11919323934998292,0.11226168526518907,0.08965410929669693,0.059838784909965664,0.12216777423301574,0.07652190656282591,0.06086221055452635,0.14152292458769247,0.12567298454954226
154,154.0,153.99729509002177,0.09322233284050749,0.11845313582831644,0.11223214194697097,0.08876739989699046,0.060125219674534575,0.12336623129521056,0.07475909718367646,0.05946923225987582,0.14314809348450844,0.12645711558940864
155,155.0,154.99730149022784,0.09441259594395644,0.11714491593212266,0.11221852804985223,0.08906644537560103,0.059743702688159414,0.12542483772505655,0.0740866803808881,0.05826151226825392,0.14413529730629362,0.12550548432981593
156,156.0,155.99733423551103,0.09534135862924309,0.11659053304834305,0.11319972420478192,0.0899542894668443,0.05899970050943183,0.12498298759142408,0.07328771193902542,0.05758824595842365,0.14377716259379908,0.12627828605868352
157,157.0,156.99739036391077,0.09483841513477688,0.11585732186138953,0.11208698600449853,0.08941011708068532,0.0585888576088104,0.12688922028475627,0.07411620890420241,0.056739792090953235,0.14400183240608808,0.1274712486238393
158,158.0,157.99746697583146,0.09387191848144176,0.11522965836827781,0.11163097893023505,0.09047042574940956,0.057717451324918824,0.1277430203494951,0.07353472048035796,0.058302876514969404,0.14302318922370516,0.12847576057718935
159,159.0,158.99756125680176,0.09450847954241375,0.1158253702912355,0.11110658165236759,0.08948036654676736,0.056340511377031596,0.12775025925160693,0.07506920731868585,0.05937258366104207,0.1416139409402233,0.12893269941862603
160,160.0,159.997670497107,0.09485333457667657,0.11714216612715841,0.11156482002017237,0.08886025567613473,0.056104098643918604,0.12913112776541696,0.07365014771537226,0.05778025479729279,0.1411368804442236,0.1297769142336337
161,161.0,160.99779210841066,0.09437216976560518,0.11448113173276458,0.11296244568512348,0.08957179358934841,0.05570564801242229,0.12913344422175582,0.07342942682093395,0.0599348446414893,0.1416370262888207,0.1287720692417363
162,162.0,161.99792363749984,0.09535978301278956,0.11376362651349606,0.11259527817996738,0.090672324491328,0.055384666914216715,0.12889992114114399,0.0740031927810428,0.06003724563225524,0.1407244993262709,0.12855946200748936
163,163.0,162.9980627773051,0.09409047925532642,0.11197142374976049,0.11377231861462478,0.0908963576995758,0.05601672053236657,0.1291464517495708,0.07432258514579154,0.05987255010562113,0.1412531285379957,0.12865798460936675
164,164.0,163.9982073753568,0.09469263104150805,0.11126867785572965,0.11262059564500959,0.08980486729300052,0.05585961002727315,0.13026664588677325,0.07402556435893408,0.05931863859358209,0.1428120612439335,0.12933070805425612
165,165.0,164.99835543984977,0.09561088461629937,0.11034358489278645,0.11137189228723912,0.08983745493963786,0.05659141292514838,0.12970391328238945,0.0730076228037667,0.05966930267297009,0.14296137514448606,0.13090255643527654
166,166.0,165.99850514349492,0.09808824565514286,0.10793764057629668,0.11137010673647492,0.08857505913747796,0.0560665239816326,0.12878458510326526,0.07375732557886304,0.058162258052744845,0.14382883521151252,0.1334294199665893
167,167.0,166.99865482534062,0.09938559902023968,0.10662857554220932,0.11027769683333791,0.08819548752384614,0.05707842889107713,0.12728897429742225,0.07425667598018296,0.05919796223209474,0.14388273535424398,0.13380786432534592
168,168.0,167.99880299074837,0.09895102014990631,0.10632535011583674,0.11127543394972877,0.08681075405873072,0.058149302357288254,0.1271040113262395,0.07462901987615662,0.05857347389264403,0.14394254091073133,0.13423909336273773
169,169.0,168.99894830970783,0.09986648052514811,0.10444342669061871,0.11142330854816371,0.08867283657225968,0.057877406879388874,0.1281741003552936,0.07490022666566568,0.05835216335468197,0.14333429523918864,0.13295575516959102
170,170.0,169.99908961367427,0.09994171620670736,0.10402418534292528,0.11183058889011833,0.08812802714345525,0.05936133625368777,0.12868874046854606,0.07642439239067994,0.05749381576316084,0.14178007993702438,0.13232711760369475
171,171.0,170.99922589110733,0.10042340586437612,0.1037836529886772,0.11158945456626711,0.08839624282450445,0.06099000403120244,0.12683022530693672,0.07633361258441018,0.05774242706373634,0.14256089242036335,0.131350082349526
172,172.0,171.99935628188598,0.099659160306576,0.10296284837005672,0.11134687994603866,0.08707281167073976,0.06282637002433349,0.12619784637389375,0.07625787778894963,0.057722207442790774,0.14429813696278787,0.13165586111383323
173,173.0,172.99948007076793,0.0991539490184671,0.102971128311275,0.11118439217267963,0.0861434363619839,0.06161363211585935,0.1253587047549685,0.07637551368150367,0.05825537696763776,0.14558294421146586,0.13336092240415912
174,174.0,173.99959668005403,0.09852667409541253,0.10288707261569859,0.1126044919387946,0.08587619369601593,0.0623468804363912,0.12460172982843291,0.07702229543552239,0.059141769306846226,0.14487503719663253,0.132117855450253
175,175.0,174.99970566161096,0.09840546035602661,0.10339157587884,0.11294689947471534,0.08452566297502133,0.062235405661179605,0.12552486884067773,0.07658347047187086,0.05943160861346166,0.14447971022836603,0.13247533749984075
