Generations,Unnamed: 0.1,Intertwine_two,Add_vertex,Delete_vertex,Invert_path_vertices,Insert_inside_vertex,Delete_inside_vertex,Replace_inside_vertex,Donate_between_routes,Trim_one_terminal_cb,Grow_one_terminal_cb
0,0.0,0.0999999999999999,0.0999999999999999,0.0999999999999999,0.0999999999999999,0.0999999999999999,0.0999999999999999,0.0999999999999999,0.0999999999999999,0.0999999999999999,0.0999999999999999
1,1.0,0.0998161768872847,0.0989762447998819,0.0987639795824022,0.1009751738504632,0.1000080165038997,0.100338565716536,0.1005210805491232,0.100244136855192,0.1005072189703146,0.0998494062849019
2,2.0,0.1006059263410782,0.0981025814746708,0.0972216476562935,0.1011639644678543,0.0995717540344409,0.1006474017037383,0.1005347015189272,0.0997645153614393,0.1017100820994258,0.1006774253421312
3,3.0,0.1007855354627666,0.0973532420174793,0.0953319064168278,0.101401812261963,0.0993107758766677,0.1015274020051824,0.1004591021955139,0.0996436467377914,0.1025727087034054,0.101613868322402
4,4.0,0.1017505670775147,0.09692428054442,0.0944523752806624,0.1013679848102299,0.0992801380562109,0.1022947410520059,0.0994803127111476,0.0989251551079447,0.10340225042687,0.1021221949329934
5,5.0,0.1016089378557053,0.0972475422142813,0.0928395421905656,0.1011681390801783,0.0983675263071207,0.103634718117331,0.0990676777561358,0.0977110897525337,0.1049513430667381,0.1034034836594095
6,6.0,0.1013000274473312,0.097133449026509,0.0912845088937029,0.1007992473458305,0.0971884023890852,0.1061440144468935,0.0986373403709032,0.0972784390994658,0.1065673116596658,0.1036672593206122
7,7.0,0.1014640360826061,0.0968896780764043,0.0901894435756492,0.100338357299845,0.0951371178428011,0.1078238521922506,0.0986031318792625,0.0962137353536689,0.1082604564149436,0.1050801912825681
8,8.0,0.1009263840672531,0.0961003925803536,0.0887523075802979,0.1003895119311676,0.0938258390926471,0.1098290454360508,0.0985271094940818,0.0946172964534182,0.1107405196121533,0.1062915937525759
9,9.0,0.1003010708665999,0.0957115952041159,0.0884376116227206,0.1000569462879629,0.0924627854881099,0.1112283490133842,0.097830269732959,0.0934781490584125,0.1133253896854818,0.1071678330402527
10,10.0,0.0996622279672611,0.0957564864854578,0.0880954966820024,0.0985525091821868,0.0915226791406786,0.1124259673754152,0.0976690777773859,0.0927604826706488,0.1155575218414062,0.1079975508775565
11,11.0,0.0993057693859947,0.0950935757667143,0.0880568455695191,0.0986900360292375,0.0907761376289665,0.1128416997846794,0.0966409063814682,0.0918017708344003,0.1178252140177784,0.1089680446012409
12,12.0,0.0990141084067789,0.0953184035497411,0.0879994248291374,0.0990155860066547,0.0882111110429763,0.1140161355498687,0.0953747874450846,0.0909146353358929,0.1204793964318818,0.1096564114019829
13,13.0,0.0991460220562272,0.0959660530664849,0.0875079299936783,0.0992562478915589,0.0853251916881584,0.115590009405129,0.0939619246723735,0.0896421898714385,0.1228746600307768,0.1107297713241737
14,14.0,0.0985979141097757,0.0949726128628937,0.0871871840568913,0.0987941188369509,0.0838710050668883,0.117577617916068,0.0928933890331215,0.0889534503210984,0.1252112329410425,0.111941474855269
15,15.0,0.0980302773508182,0.0950477338432606,0.0873826281542561,0.0986589091969058,0.0808859212430053,0.1192653521089477,0.0911030665825509,0.0883356760609955,0.1274765285115071,0.1138139069477521
16,16.0,0.0975352608685961,0.0953119751148343,0.0883325537722572,0.0968329142499827,0.0779919627135811,0.1212808586432599,0.0905790371697812,0.0871298107386479,0.1304414590186639,0.1145641677103951
17,17.0,0.0961999076390949,0.0957503751288982,0.0880906453633118,0.0966420636489471,0.0767788847088152,0.1230997232140908,0.0895684767062984,0.0862953959172148,0.1320600351383676,0.1155144925349604
18,18.0,0.0956325149371002,0.0953306700647682,0.0887483112664254,0.096077862761387,0.0753185538130818,0.1251454889365238,0.0895545329532328,0.0849456784688534,0.1335150748976109,0.1157313119010158
19,19.0,0.0948765223534962,0.096602469860545,0.0888640588259629,0.0974194028375454,0.0734776070051995,0.1261926602279148,0.0882416665516686,0.0837583686709573,0.134604131080978,0.1159631125857316
20,20.0,0.0940226498703963,0.0966518618628966,0.0898415059574432,0.0978685986173562,0.0718518157060141,0.1268966665780321,0.087702438051362,0.0824988451836273,0.1352817781909676,0.117383839981904
21,21.0,0.0939308420207006,0.0969470067420956,0.0898646438544171,0.0969086431323105,0.0704600131526618,0.1287879078965126,0.0868265373468876,0.0811803563408272,0.1369913292221973,0.1181027202913889
22,22.0,0.0936788992644105,0.0983643996357275,0.0898052723188166,0.0969301831156431,0.0682601323520272,0.1300131067359994,0.0862795496446345,0.0802976240357487,0.1377576211227501,0.1186132117742416
23,23.0,0.0935788676343835,0.0979079717536784,0.0896268594593122,0.096585729718914,0.0670636021179171,0.1305553692124487,0.0858357051037932,0.0794507210157393,0.1398729996792555,0.1195221743045574
24,24.0,0.0940183165464313,0.0985941206623995,0.0895214696816971,0.0962327414079993,0.0664332752467087,0.1315385348520402,0.0847016188270135,0.0790453817192914,0.1397153107141831,0.1201992303422352
25,25.0,0.0939887914592973,0.0988062192072048,0.0894007085967565,0.0958023685047225,0.0659469241542306,0.1324348575132099,0.0847028731774675,0.0790765267932046,0.140043867257679,0.1197968633362266
26,26.0,0.0942889788873596,0.0986521255921018,0.0889154891224377,0.0962150714031622,0.0655554762692289,0.1327989625227933,0.0842980762429131,0.0790207721907927,0.1406367205352686,0.1196183272339414
27,27.0,0.0945375725577695,0.0987378462612886,0.0886973255792867,0.0968472738807324,0.0649140006236904,0.1337605935021787,0.0842472791440944,0.0780047819958948,0.1412751420791705,0.1189781843758933
28,28.0,0.0941532301635699,0.0997722428220842,0.0895986396080347,0.0965269458247571,0.0640919986711003,0.1343707246050612,0.0842947362470585,0.0774859190201624,0.1410798953134483,0.1186256677247229
29,29.0,0.0935762512410051,0.1008196656774089,0.0899732363654172,0.09547688991448,0.0632725042208853,0.1337620749965449,0.0847188017195199,0.0771160304470911,0.141932437599888,0.119352107817759
30,30.0,0.09233875499759,0.1013909952310425,0.0896766064163712,0.0968752110402885,0.0624073085395288,0.1344745608153341,0.0843771676933677,0.0770474188292121,0.1415320781840796,0.1198798982531849
31,31.0,0.0914791100688948,0.101054315795782,0.0900239545153803,0.0968882874358436,0.0618351182486694,0.1345475848775952,0.0846346068003597,0.0768183118445522,0.1420441658923928,0.1206745445205294
32,32.0,0.0912111308634429,0.1012149621469711,0.0909561534230568,0.0961999140069068,0.0608549470730192,0.1361019276524593,0.0842195719168797,0.0760529530476284,0.1422710125855084,0.1209174272841268
33,33.0,0.0902787030171085,0.1011569211173004,0.0905895324557082,0.0962723645807849,0.0597943463195403,0.1361312579755633,0.0841263495973391,0.0772271020620156,0.1428284663712922,0.1215949565033468
34,34.0,0.0892459100593299,0.1025409167219734,0.0912660317759776,0.0965496646356034,0.0602499781489121,0.1342877738474065,0.0840284359833208,0.0769612168797462,0.1424071230535629,0.1224629488941666
35,35.0,0.089111765934718,0.1024566298320833,0.090543413373036,0.0969432281127289,0.0617129310677328,0.1348331712478113,0.0839081336281001,0.0766447304381715,0.1416546060655173,0.1221913903001001
36,36.0,0.0899284803811461,0.103995971459788,0.0903086038850115,0.0959050317464649,0.0612678961298448,0.1342715372810983,0.0836535308688424,0.0780591275586856,0.1412042408425971,0.1214055798465206
37,37.0,0.0891488473851125,0.1049562160320602,0.0910323210659038,0.0956413828430645,0.0620596766994352,0.134593338702204,0.0829914727578689,0.0779799141223249,0.1406363044841259,0.1209605259078995
38,38.0,0.0902879721917302,0.1060261303816056,0.0906904471141688,0.0948959476760713,0.0614577235943177,0.1343806599862928,0.0831024382819434,0.0778694349549975,0.1400430539700849,0.1212461918487872
39,39.0,0.0896989844467339,0.1074436848917157,0.0923871121124062,0.0935171005551864,0.0613979219171462,0.134238791743946,0.0832892596327771,0.0777419015211944,0.1393718280790322,0.1209134150998611
40,40.0,0.0909004651867,0.107068832747332,0.094024842298804,0.092844529305241,0.0626875115210285,0.1328723920405989,0.0836223266519651,0.0760382891618076,0.1392247706871708,0.1207160403993514
41,41.0,0.0906722998834955,0.1071569729254458,0.0936311785663675,0.0924689922470291,0.0629340135163243,0.1331231054058468,0.0849407272961554,0.0745483332461599,0.1400893612011125,0.1204350157120624
42,42.0,0.0909405698756438,0.1074899530568129,0.0941070293596194,0.092345483993833,0.063038096617993,0.1325690882923513,0.0855768248893425,0.0731028750913527,0.1399658635175952,0.1208642153054556
43,43.0,0.0899621763332211,0.1076229859635233,0.0951816554791473,0.0921944186257441,0.0642011810857591,0.1331994524206964,0.0860639482902062,0.0725072742244575,0.1387550297172563,0.1203118778599882
44,44.0,0.0903524128721151,0.1081814038431036,0.095298601144361,0.0918925713339882,0.0634781668017246,0.1333172190289004,0.0855365590839005,0.0725217830226931,0.1391483005288253,0.1202729823403875
45,45.0,0.0905684537036548,0.1089064448195332,0.0958318267073458,0.0915039859052563,0.0635079596272862,0.1330006072643916,0.0850884511583403,0.0731677616986445,0.1381352108755815,0.1202892982399652
46,46.0,0.0916068425327308,0.1091353348997376,0.0953495276120735,0.0927937767493213,0.0633237009224998,0.1317922594673314,0.0838714819051932,0.0722398553855884,0.1399315366948572,0.119955683830666
47,47.0,0.0915484993921008,0.1089105745979309,0.0968269012407418,0.0931746238189695,0.062861175490156,0.1317154669424989,0.0836448596646023,0.0709020566061785,0.139692666275543,0.1207231759712776
48,48.0,0.089994556304093,0.1082719630880956,0.09757933206962,0.0937158950998413,0.0628691007757001,0.1316672656079706,0.0836027065439428,0.0714521393905919,0.1396914920542706,0.1211555490658734
49,49.0,0.090674589241372,0.1080589827818935,0.0973278677818727,0.0936584919920412,0.0628030117719259,0.1323647470398831,0.0835469737775495,0.0710419071693929,0.1400441368323669,0.1204792916117016
50,50.0,0.0909517591268554,0.1085585175565448,0.0973125983546258,0.0933196660059019,0.0634078114382352,0.1321994221005129,0.0833451549711152,0.0707047038718882,0.1392968132350039,0.1209035533393162
51,51.0,0.091338004284853,0.1084858268014119,0.0979248442261341,0.0922533723949269,0.0632654333331135,0.1319408820551109,0.0835768146128061,0.0708889386818253,0.1393094352468698,0.1210164483629478
52,52.0,0.0907543895409761,0.1092999423323234,0.0974118925453526,0.0923764475735941,0.0636811334097993,0.1314553066044727,0.0828540113631949,0.070585328446479,0.1401623329727231,0.1214192152110844
53,53.0,0.0910593901709813,0.1100510737224389,0.0969876514010135,0.0911547960902557,0.0642620181100682,0.1320815634340646,0.0825799370268577,0.0695348513280608,0.1404808798781468,0.1218078388381119
54,54.0,0.0914257230065276,0.1094883672111658,0.0963468509473838,0.0923922324949369,0.0650754727587222,0.1318802158583925,0.0824474702109634,0.0689190393699144,0.1405285763767999,0.1214960517651928
55,55.0,0.0906842898118529,0.1088738019208939,0.0965827207349489,0.0921610976117438,0.0647724882974014,0.1321400108753472,0.0825547742227953,0.0695743658215738,0.1409729181772769,0.1216835325261653
56,56.0,0.0909456253010018,0.1086285859019779,0.0961425971567806,0.0924458948867982,0.0651286997994252,0.1329684342209505,0.0815975185090855,0.0690583805689383,0.1405178600221541,0.1225664036328873
57,57.0,0.0908511381164607,0.1077961270957995,0.0956322338204911,0.0924115368709074,0.0665431239700908,0.1330523558062073,0.0815726497594066,0.068788734688358,0.1399730471162863,0.1233790527559916
58,58.0,0.09030154241047,0.1067516576499159,0.0944505088444263,0.0928669613175541,0.0678736593322581,0.1333090629034271,0.0817445846863161,0.0700467089472869,0.1394300861185587,0.1232252277897862
59,59.0,0.090709331276996,0.1077635060860084,0.0936391366349013,0.0922429286841412,0.0682715525228264,0.1342000772168579,0.081477886715473,0.0693363229742576,0.1399011300605228,0.1224581278280147
60,60.0,0.0915222414456474,0.1061891844877514,0.0945385892843611,0.092363571833982,0.0691813416534198,0.1340503743575882,0.0809253663517973,0.0697605767903538,0.1398107593633437,0.1216579944317548
61,61.0,0.0918293519074744,0.1063752416287895,0.0944992664150012,0.0928309598443339,0.0687832446009143,0.1330053270952916,0.0803471463740289,0.0702184130096476,0.1409684139436028,0.1211426351809153
62,62.0,0.0910868651331429,0.1069637237110718,0.0947045237570147,0.0931662380162295,0.0687143087752029,0.1333321669446445,0.0806140899618661,0.0707324806130239,0.1403451501819031,0.1203404529059
63,63.0,0.0898006766116108,0.1059688324139258,0.0954910760676462,0.0929855663131601,0.068353295941902,0.1330337492405369,0.0819048280250878,0.0713630113462456,0.1411798745685053,0.1199190894713788
64,64.0,0.0897984909875156,0.1051313284778173,0.0959714300751445,0.0921038932548579,0.0692489181070015,0.1322798435066959,0.0825666124661613,0.0711957985204848,0.1405187603038416,0.121184924300479
65,65.0,0.0909800234226299,0.1043645531385812,0.0961638338168918,0.0926684827655574,0.0686220318777604,0.1317150404690371,0.082318871482094,0.0715812491135998,0.1405583797734408,0.1210275341404069
66,66.0,0.0905045901056704,0.1037452250790802,0.0957345983655667,0.0925802748933206,0.0689646339206942,0.1322700975228956,0.0828236754750983,0.0708314618662879,0.1413024502297809,0.1212429925416043
67,67.0,0.0905829784946074,0.1044759516317,0.0946367980284329,0.0935102350496848,0.0684906449717468,0.1324528976738379,0.0829147499854435,0.0709323641706844,0.1411718842493258,0.1208314957445357
68,68.0,0.089995242863687,0.1043074064490247,0.0949696538299581,0.0944542005447816,0.0682884770798862,0.1328772035103896,0.0829903880475948,0.0704929422225213,0.1409309331617406,0.1206935522904153
69,69.0,0.0899703599065038,0.1032577121935166,0.0946973873760154,0.0943713639396137,0.0682210905159488,0.1336741317400545,0.0835247869367133,0.0704134800598378,0.1407991949332179,0.1210704923985774
70,70.0,0.0875931269581817,0.1029000869963955,0.0967059024976661,0.0948375504638567,0.0674581505065122,0.1323900354558217,0.084232430829029,0.0700502804708175,0.1425880301794846,0.1212444056422343
71,71.0,0.0878235753049356,0.1039676137181102,0.0976859948942707,0.0947881357736131,0.0661314889942461,0.1306741325565734,0.0836012528960933,0.0718333639310155,0.1429446616044955,0.1205497803266459
72,72.0,0.0884912706432184,0.1041316178684419,0.0995508018484429,0.0949305401916768,0.0662309629958569,0.1295247869371464,0.0829962191286959,0.0721300750862807,0.1416454067104484,0.120368318589791
73,73.0,0.087449946923648,0.1053057441085284,0.1003014574129578,0.0934720304869131,0.0655590685813654,0.1287609492850367,0.0836302571714416,0.0726939025289897,0.1423223626186362,0.1205042808824823
74,74.0,0.0884767494051079,0.1067908270569776,0.0993726472877702,0.0926885082968331,0.0651321160117496,0.1296202407738073,0.0833348158252354,0.0726994438236563,0.1409727615928053,0.1209118899260565
75,75.0,0.0883384992013082,0.1064817793648671,0.0999155679767494,0.0938811845233638,0.0642181295244234,0.1295839489783002,0.0825497377428214,0.0739141885967932,0.1395839721559071,0.1215329919354655
76,76.0,0.0895933767303867,0.10634438146689,0.1000604874227318,0.0935298162650234,0.0634027818871682,0.1295765365892632,0.0813517441639122,0.0755646796705426,0.1394155261624419,0.1211606696416393
77,77.0,0.0904067682809067,0.1071388494092173,0.0996527639145595,0.0925812780332585,0.0636252218306652,0.1293523186924288,0.0824177460016486,0.0751537195505329,0.1385560947329833,0.1211152395537984
78,78.0,0.0899910015139066,0.1071239151772252,0.098671398543602,0.0937658277410843,0.0632970452816515,0.1305018124546146,0.0818769117267103,0.0749710926423866,0.1386242595965947,0.1211767353222234
79,79.0,0.0911924624723951,0.1070663576255408,0.0977606902882791,0.0936177206361857,0.0654669987575612,0.1302066833283751,0.0818084936559841,0.0738068564511616,0.1381522657694534,0.1209214710150631
80,80.0,0.0911574861127374,0.1083365892990819,0.0986553439745617,0.0926613154557575,0.0655066748496193,0.1281886538357537,0.0828998393834102,0.0729725640165445,0.1399910997909554,0.1196304332815776
81,81.0,0.091150003446618,0.1097515928644998,0.0998820905318134,0.093747215463268,0.0635940698370955,0.1273620506779559,0.082664050592068,0.0726407697766032,0.1384505954373571,0.1207575613727203
82,82.0,0.0911393814904692,0.1091845548486943,0.1009976035360934,0.0949102588741093,0.0638029884765085,0.1266760509559237,0.0832429392589606,0.0713509769604531,0.1381006401221465,0.1205946054766407
83,83.0,0.0903588854753484,0.1105800526684293,0.1008263384438161,0.0942795640920559,0.0641998657142774,0.1265332377378461,0.0836788013885025,0.0721276216031873,0.1373319268241843,0.120083706052352
84,84.0,0.0907750879377031,0.1110243179851535,0.1010853797656374,0.092851795344569,0.0644570877781658,0.1266348829207697,0.0835842454612623,0.0718269288922401,0.136947246502112,0.1208130274123865
85,85.0,0.0895394944154588,0.1113674242623372,0.1011625720947989,0.092170298832623,0.0639550880877683,0.1253189534779635,0.0852109896802264,0.070927052761614,0.1390190815279152,0.121329044859294
86,86.0,0.0902960186618345,0.1114913656773282,0.1010900499322988,0.0920546487687524,0.0631502107572904,0.1249342391623048,0.083799967027869,0.0713972126466705,0.1399747386591745,0.1218115487064762
87,87.0,0.09064413541538,0.1128010996296901,0.101076026243534,0.0915199555405586,0.0618509668322432,0.1260366170797724,0.0833399160281637,0.0716621541557646,0.139697488761024,0.1213716403138686
88,88.0,0.0895737742320134,0.1131166878494139,0.1019299388127855,0.0926843251118799,0.0629438043095868,0.1248846060539672,0.0828993486946572,0.0713223456606233,0.1403058197256253,0.1203393495494467
89,89.0,0.0898716033581696,0.1121601045953137,0.1031100208580863,0.0929692629614412,0.0618642443887797,0.1233473420849238,0.082459600680073,0.072139211783163,0.1413125728625556,0.1207660364274935
90,90.0,0.0893946195152011,0.1120636596564964,0.1027577638628338,0.0924943487220861,0.0617755245570846,0.1237887715498103,0.0837799465437553,0.0715762392521871,0.1411850394057704,0.1211840869347741
91,91.0,0.089593196580173,0.1128210339912091,0.1038674105905735,0.0930628781939505,0.0625929816782829,0.1221255855308328,0.0826358431392527,0.0711916283909532,0.1406575723140087,0.121451869590763
92,92.0,0.0890546200971921,0.112631617813838,0.1036625553245343,0.0935841950689154,0.0629793578997067,0.1216863984799394,0.0829749000084993,0.0703714422232206,0.1408715595586184,0.1221833535255351
93,93.0,0.0894745459662238,0.1138306213315664,0.1024291147826177,0.0929444470532538,0.0624657195572139,0.120883928802299,0.0822912529371227,0.0719225177686458,0.1400305336026783,0.1237273181983779
94,94.0,0.0890650313223299,0.1146265992582679,0.101313447598893,0.0928018213806453,0.0622845080599557,0.1206844699635281,0.0827471371017722,0.0715687778494171,0.1391408802857071,0.125767327179483
95,95.0,0.0889891592814299,0.1155144469005653,0.1001836807659791,0.092759916366986,0.0618947640364859,0.1207700068993655,0.08252546702242,0.0709331604643816,0.1398355515386654,0.1265938467237207
96,96.0,0.0881219284853479,0.1148914205839268,0.1000389747142973,0.0934801705458643,0.0625828779958868,0.1205831577432796,0.0824026854443025,0.0702833354769738,0.1402337656071335,0.1273816834029869
97,97.0,0.088996279266331,0.1132845576449931,0.0997024023148229,0.0937998473137193,0.0632099107277185,0.1199633153593766,0.082788370940844,0.0691270625218794,0.1405919994231957,0.128536254487119
98,98.0,0.0883978037178708,0.1119098786167173,0.1009019994115194,0.0946261881950844,0.0634639452959116,0.1212902830943192,0.0814362269362963,0.0678382227428746,0.1406791843886953,0.1294562676007104
99,99.0,0.0879400181334289,0.1123233259232526,0.1021476919527777,0.0951705592295167,0.0648643974298477,0.1207837338160864,0.0797012859988553,0.0677590666294952,0.1403877508277533,0.1289221700589855
100,100.0,0.0892609843694062,0.1114344652455396,0.1026281206720652,0.0960219766864583,0.0652269167344118,0.121141054560178,0.0787671894893984,0.0667015075720554,0.1382143052346776,0.1306034794358088
101,101.0,0.0891327681493798,0.1123708017126466,0.101772971529998,0.096942140651952,0.0656263284861583,0.1199424257843292,0.0788444375467745,0.0672135551481059,0.138902053350638,0.129252517640017
102,102.0,0.0890933431601515,0.1116932302602829,0.1021802792937355,0.098381180762216,0.0639004903402062,0.1207697712360563,0.0787017606463797,0.0685794529205843,0.138261857178918,0.1284386342014691
103,103.0,0.0890284225276046,0.1116471618150469,0.1008282286879831,0.0997370003319007,0.0625512292701051,0.1212217414714253,0.0787161719781909,0.0686455430515866,0.1390057421970356,0.1286187586691207
104,104.0,0.0906661847945714,0.1117182329621955,0.1016846854718133,0.0998465744913192,0.061597801960708,0.1218560673264977,0.0779676496530299,0.068862206606556,0.1375760761867702,0.1282245205465381
105,105.0,0.0909648884007858,0.1116988537192194,0.1005442613283009,0.0997162320605851,0.0621703570826147,0.1227149604653231,0.077989885227753,0.0684516123919893,0.1383156133045499,0.1274333360188782
106,106.0,0.0911015009928665,0.1112998506335673,0.0998043495316494,0.0990690029972546,0.0623416536733495,0.1227854545869629,0.0792147839460081,0.0678130115233462,0.138403084279942,0.1281673078350531
107,107.0,0.092328779463525,0.1104339936579261,0.1002294048273121,0.0991411930921157,0.062280298447669,0.1227957986530538,0.0797340360814991,0.067706848626591,0.1374504409488161,0.1278992062014916
108,108.0,0.0924308493305482,0.1094947824091481,0.1003887970130641,0.0988465514208201,0.0629028508076007,0.1224978349221326,0.0812533598759712,0.0661864169771231,0.1375866808993825,0.1284118763442089
109,109.0,0.0936202917306513,0.1104574037964229,0.0992942280834987,0.0990982040569316,0.0624042034579447,0.1219371066107987,0.0818791160236621,0.0668242690185083,0.1370776263767351,0.1274075508448459
110,110.0,0.0954227340724076,0.1095881780749136,0.0985459861595238,0.099287314708233,0.0633510279858563,0.1222368399442322,0.0817946347523548,0.0662867988219916,0.1362685939293888,0.1272178915510977
111,111.0,0.0952111495527508,0.1092201892532473,0.0979107575676013,0.0995071838277056,0.0643045052361261,0.121055615156845,0.0822299110026774,0.066742548648543,0.1368082526461946,0.1270098871083082
112,112.0,0.0952430103973876,0.1089051460233629,0.0983248303442999,0.0997624625274133,0.0638501234759339,0.1201464448455211,0.0831690945986032,0.0665910080988661,0.1366756141249984,0.127332265563613
113,113.0,0.096571379953459,0.1077684104986797,0.0974697488115383,0.1007692654322464,0.063400427009048,0.1207095257972462,0.0822634834854645,0.0672506430088324,0.1362195370513131,0.1275775789521716
114,114.0,0.0972531895690075,0.1082797985384286,0.0956153131810788,0.0997024549086887,0.0625781170819997,0.1222729973849164,0.0825023132107447,0.0684376402609423,0.1367635411440121,0.1265946347201805
115,115.0,0.097117740095085,0.1067788084767742,0.0961460374887973,0.0998461234449627,0.0626619816933668,0.1212023538440945,0.0827034096870991,0.0695355727312675,0.1375792922915124,0.1264286802470396
116,116.0,0.0966646205617199,0.1087779830070189,0.0946448486457562,0.0998426754622828,0.0626134880027224,0.1224351376836197,0.0815639612066899,0.0692194781067885,0.1382926701339328,0.1259451371894682
117,117.0,0.0973725213615663,0.108208433859456,0.0943237490040515,0.1000332241559269,0.0620540978284124,0.1222089945161701,0.0813773320606395,0.0707065985190209,0.1384110666714319,0.1253039820233238
118,118.0,0.0976570795892135,0.1089917087242564,0.0938740958096753,0.0989467337904977,0.0621180482598318,0.1225711844483563,0.0804917653854238,0.0721595963090973,0.1385068583190327,0.1246829293646145
119,119.0,0.0968587569248273,0.1094623177638402,0.0951835034505362,0.0978931605223747,0.0630477456519646,0.1231392182425618,0.0782979022890238,0.0730822463667133,0.1390401028379445,0.1239950459502128
120,120.0,0.0978503275018951,0.1107669909189407,0.0954511326530979,0.0959219135278615,0.0634104198592795,0.1224565313058982,0.0796402207063362,0.0730024067322559,0.1381022310116956,0.1233978257827386
121,121.0,0.0974656244373426,0.1116959613817378,0.0952885733411654,0.0959452745369998,0.0634747944906585,0.1227341590796147,0.0797597964002383,0.0725081225373461,0.137759115218834,0.1233685785760621
122,122.0,0.0960272416423115,0.1121548903744097,0.0953877446341166,0.094948312859573,0.0643666583782567,0.1220850362765689,0.0796701998968672,0.0722026202574881,0.1384007803514053,0.1247565153290024
123,123.0,0.0966408266327306,0.1131572840706501,0.0963622223095301,0.0946178555433764,0.0629154357933372,0.1217125786546245,0.078453445994145,0.0716623155717734,0.1386641817768615,0.1258138536529705
124,124.0,0.0984062986666578,0.1118600530851813,0.0968597910373725,0.0942480630940909,0.0624156900284467,0.1208179924791345,0.0783297298447362,0.07143240620432,0.1384727412899601,0.1271572342700992
125,125.0,0.0994830650106113,0.1111506808742742,0.0980337784130062,0.0955563453703452,0.0617991848198621,0.1191345491676419,0.0794330052914838,0.0721560451235752,0.1372184899176128,0.1260348560115865
126,126.0,0.0988008802896714,0.1121285979213074,0.0983892847547713,0.0958383744040317,0.0614306881321082,0.1185717595865581,0.0802346997166112,0.0717102692162972,0.1382540671794081,0.1246413787992348
127,127.0,0.0986491198835934,0.1113719469594091,0.0999259207911877,0.0961030821414598,0.0606896220373556,0.118725129388927,0.0806937179399525,0.0724310431880898,0.1382812068276724,0.123129210842352
128,128.0,0.0975798808599728,0.1123808659631136,0.1009162556119708,0.0946112576747384,0.0599820639247401,0.1195334077146541,0.08103741547905,0.0724811590231706,0.1384722403974797,0.1230054533511091
129,129.0,0.096502373383051,0.1134697820659742,0.1019116794770675,0.0926168013082387,0.0598855206155532,0.119374311717672,0.0801536232614249,0.0718439018985224,0.1406284878893215,0.1236135183831741
130,130.0,0.0968880228668093,0.1143044919818797,0.102327242251456,0.092183726422052,0.0610976238366174,0.1185564843628192,0.0790292569264776,0.0712340238930581,0.1406321083424408,0.1237470191163893
131,131.0,0.09641265215426,0.1146883295085044,0.1033323879598393,0.091290815516162,0.061696647239275,0.1175522713518867,0.0783794521866758,0.0713474774163875,0.141181994707508,0.1241179719595006
132,132.0,0.0968156036588959,0.1163980455455555,0.1029420688393942,0.0910387808696587,0.0623375084941964,0.11707858507677,0.077806280772615,0.0715598433206022,0.1404118410871532,0.1236114423351582
133,133.0,0.0960240875975905,0.1170442233904309,0.1038225019540387,0.090962522669056,0.0615892777790625,0.1173694983555619,0.0770659573197772,0.0716132211990714,0.1400127395389116,0.1244959701964988
134,134.0,0.0962059595567316,0.118071792711569,0.1045943537154157,0.0904718842538696,0.0618382377550277,0.116542922508511,0.0761152332427913,0.0708195212251478,0.1407383586933687,0.1246017363375671
135,135.0,0.0956137101584748,0.1168441867573285,0.1065903094041539,0.0908473801403178,0.0620293933735032,0.1161891551820406,0.0740736046888043,0.0707346299603598,0.1411594578051946,0.125918172529822
136,136.0,0.0955243838922036,0.1157582731167195,0.1071973494381877,0.089387621554024,0.0612334763911812,0.1181427012715298,0.0721528692019722,0.0708266467227083,0.1428240797768479,0.1269525986346251
137,137.0,0.0943392865896336,0.1154257876276236,0.1075548770764052,0.0904212514578958,0.060661844002718,0.118361422132106,0.0724526279753974,0.0714050861818684,0.1426072083988712,0.1267706085574802
138,138.0,0.0939358779412972,0.1150407564029614,0.1077285897791835,0.0902881974836801,0.0596931923532381,0.1189949048537243,0.071922859575801,0.0701248573133153,0.1435159705918008,0.1287547937049976
139,139.0,0.0923994248425639,0.1174840371527575,0.1073890675119048,0.091550250210878,0.0589335985363433,0.1192148874612296,0.0709652530295407,0.0686064223228301,0.1441889180339501,0.1292681408980014
140,140.0,0.090210961089608,0.1164464647511943,0.1096820583919504,0.0911392705285205,0.0604846892310679,0.1200886689213323,0.0725271776789087,0.0675296026136338,0.1445684808338705,0.1273226259599131
141,141.0,0.0911671222001622,0.1157967615259842,0.1100336131335553,0.0907876041768166,0.0605672394614753,0.1200194665276067,0.0729568236764747,0.0652636081961462,0.1455196701255637,0.1278880909762146
142,142.0,0.0911878828690739,0.1148173672309108,0.110154534182834,0.0919996224922674,0.0606078961905865,0.121221005179046,0.0735494473680307,0.0637331183572649,0.1448059697200963,0.1279231564098886
143,143.0,0.0921234190800513,0.1161226232296716,0.1101303676732454,0.0915359949251143,0.0601452201294413,0.1223760321360283,0.072979431644411,0.0629868941881986,0.1432361979005908,0.128363819093247
144,144.0,0.0924091622192936,0.1164325220214534,0.1102683137292062,0.0906619766428896,0.059825766715281,0.122658236453157,0.074454052366464,0.0622827865492447,0.1424696748896452,0.1285375084133648
145,145.0,0.0931713094590056,0.1164459953780013,0.1105820792727762,0.0903384656940362,0.0601756687282203,0.1210257962794867,0.0727340613258251,0.0622878426721105,0.1438660793018167,0.1293727018887208
146,146.0,0.0917628643698722,0.1177837421522758,0.1108767690807511,0.0905136390194469,0.0597348237204636,0.121522905036251,0.0715223796767748,0.0629431414408144,0.1446994878586587,0.1286402476446911
147,147.0,0.0901045767113604,0.1172189878442926,0.1129343770625263,0.0902831995986824,0.0607178650983641,0.1222932496199016,0.0738016568606767,0.061979675989808,0.1437245177600882,0.126941893454299
148,148.0,0.0910769218806486,0.1172471266568217,0.1122303608306495,0.089781323302651,0.0601071076601242,0.121345403816006,0.0755234975319613,0.0620215832990409,0.1432819993588799,0.1273846756632163
149,149.0,0.0924620905498432,0.1186604942868898,0.1109979974364425,0.0897067758416191,0.0595780727734875,0.1201013494402974,0.0761639261940152,0.0613163791978118,0.1421079880784348,0.128904926201158
150,150.0,0.0920741793743539,0.1191520457680265,0.1109182867375879,0.0900229482265643,0.0596093322523098,0.1199883920872428,0.0761550084945028,0.0619632598326603,0.1413784103554294,0.1287381368713217
151,151.0,0.0930089662585038,0.1193507266718192,0.1106541105584257,0.0887415369053127,0.0599340629020798,0.1206655961850297,0.0771830945367169,0.061442002442268,0.1422565597588881,0.1267633437809555
152,152.0,0.0918986954151466,0.1183922095587972,0.1102036835421924,0.0905200129191317,0.0604701198954618,0.1221048351907828,0.0766883447721451,0.0612663355679643,0.1417106028698954,0.1267451602684822
153,153.0,0.0923043806905625,0.1191932393499829,0.112261685265189,0.0896541092966969,0.0598387849099656,0.1221677742330157,0.0765219065628259,0.0608622105545263,0.1415229245876924,0.1256729845495422
154,154.0,0.0932223328405074,0.1184531358283164,0.1122321419469709,0.0887673998969904,0.0601252196745345,0.1233662312952105,0.0747590971836764,0.0594692322598758,0.1431480934845084,0.1264571155894086
155,155.0,0.0944125959439564,0.1171449159321226,0.1122185280498522,0.089066445375601,0.0597437026881594,0.1254248377250565,0.0740866803808881,0.0582615122682539,0.1441352973062936,0.1255054843298159
156,156.0,0.095341358629243,0.116590533048343,0.1131997242047819,0.0899542894668443,0.0589997005094318,0.124982987591424,0.0732877119390254,0.0575882459584236,0.143777162593799,0.1262782860586835
157,157.0,0.0948384151347768,0.1158573218613895,0.1120869860044985,0.0894101170806853,0.0585888576088104,0.1268892202847562,0.0741162089042024,0.0567397920909532,0.144001832406088,0.1274712486238393
158,158.0,0.0938719184814417,0.1152296583682778,0.111630978930235,0.0904704257494095,0.0577174513249188,0.1277430203494951,0.0735347204803579,0.0583028765149694,0.1430231892237051,0.1284757605771893
159,159.0,0.0945084795424137,0.1158253702912355,0.1111065816523675,0.0894803665467673,0.0563405113770315,0.1277502592516069,0.0750692073186858,0.059372583661042,0.1416139409402233,0.128932699418626
160,160.0,0.0948533345766765,0.1171421661271584,0.1115648200201723,0.0888602556761347,0.0561040986439186,0.1291311277654169,0.0736501477153722,0.0577802547972927,0.1411368804442236,0.1297769142336337
161,161.0,0.0943721697656051,0.1144811317327645,0.1129624456851234,0.0895717935893484,0.0557056480124222,0.1291334442217558,0.0734294268209339,0.0599348446414893,0.1416370262888207,0.1287720692417363
162,162.0,0.0953597830127895,0.113763626513496,0.1125952781799673,0.090672324491328,0.0553846669142167,0.1288999211411439,0.0740031927810428,0.0600372456322552,0.1407244993262709,0.1285594620074893
163,163.0,0.0940904792553264,0.1119714237497604,0.1137723186146247,0.0908963576995758,0.0560167205323665,0.1291464517495708,0.0743225851457915,0.0598725501056211,0.1412531285379957,0.1286579846093667
164,164.0,0.094692631041508,0.1112686778557296,0.1126205956450095,0.0898048672930005,0.0558596100272731,0.1302666458867732,0.074025564358934,0.059318638593582,0.1428120612439335,0.1293307080542561
165,165.0,0.0956108846162993,0.1103435848927864,0.1113718922872391,0.0898374549396378,0.0565914129251483,0.1297039132823894,0.0730076228037667,0.05966930267297,0.142961375144486,0.1309025564352765
166,166.0,0.0980882456551428,0.1079376405762966,0.1113701067364749,0.0885750591374779,0.0560665239816326,0.1287845851032652,0.073757325578863,0.0581622580527448,0.1438288352115125,0.1334294199665893
167,167.0,0.0993855990202396,0.1066285755422093,0.1102776968333379,0.0881954875238461,0.0570784288910771,0.1272889742974222,0.0742566759801829,0.0591979622320947,0.1438827353542439,0.1338078643253459
168,168.0,0.0989510201499063,0.1063253501158367,0.1112754339497287,0.0868107540587307,0.0581493023572882,0.1271040113262395,0.0746290198761566,0.058573473892644,0.1439425409107313,0.1342390933627377
169,169.0,0.0998664805251481,0.1044434266906187,0.1114233085481637,0.0886728365722596,0.0578774068793888,0.1281741003552936,0.0749002266656656,0.0583521633546819,0.1433342952391886,0.132955755169591
170,170.0,0.0999417162067073,0.1040241853429252,0.1118305888901183,0.0881280271434552,0.0593613362536877,0.128688740468546,0.0764243923906799,0.0574938157631608,0.1417800799370243,0.1323271176036947
171,171.0,0.1004234058643761,0.1037836529886772,0.1115894545662671,0.0883962428245044,0.0609900040312024,0.1268302253069367,0.0763336125844101,0.0577424270637363,0.1425608924203633,0.131350082349526
172,172.0,0.099659160306576,0.1029628483700567,0.1113468799460386,0.0870728116707397,0.0628263700243334,0.1261978463738937,0.0762578777889496,0.0577222074427907,0.1442981369627878,0.1316558611138332
173,173.0,0.0991539490184671,0.102971128311275,0.1111843921726796,0.0861434363619839,0.0616136321158593,0.1253587047549685,0.0763755136815036,0.0582553769676377,0.1455829442114658,0.1333609224041591
174,174.0,0.0985266740954125,0.1028870726156985,0.1126044919387946,0.0858761936960159,0.0623468804363912,0.1246017298284329,0.0770222954355223,0.0591417693068462,0.1448750371966325,0.132117855450253
175,175.0,0.0984054603560266,0.10339157587884,0.1129468994747153,0.0845256629750213,0.0622354056611796,0.1255248688406777,0.0765834704718708,0.0594316086134616,0.144479710228366,0.1324753374998407
176,176.0,0.0965324524224859,0.1049618388646091,0.1122173710886479,0.083920588660588,0.0613728428238496,0.1263062139914673,0.07671539901071,0.0611960997952653,0.1432299597826945,0.1335472335596818
177,177.0,0.0963081197146265,0.1046274179355377,0.112333415313427,0.0839407034209106,0.0603735464774022,0.1269538228938104,0.0754039702709864,0.0618075562169411,0.1442471756248939,0.1340042721314637
178,178.0,0.097163307855359,0.104609704258356,0.11315030519357,0.0841828321108377,0.058227180424028,0.1277593377865625,0.0741246429215398,0.0621769087933864,0.1448357371144174,0.1337700435419426
179,179.0,0.0947175316195729,0.1045471464478527,0.1154412107859631,0.0824875208189465,0.0610065949977671,0.1273854064449112,0.071668113893286,0.0609173668440927,0.1467178192463157,0.1351112889012914
180,180.0,0.0946551403478261,0.107594159304386,0.1156124550986655,0.0810953425134278,0.0607310271197192,0.1267117151947468,0.0705197088237921,0.06101343926836,0.1475281892775352,0.1345388230515406
181,181.0,0.0955063462413069,0.1062930098229638,0.1150069169378492,0.0815585110854654,0.0596734256495044,0.1267412039670276,0.0714493569107568,0.0602960125467751,0.1486090240860673,0.1348661927522829
182,182.0,0.0951685036015239,0.1066303461065495,0.1148571555515707,0.0817946628577652,0.0577120972172875,0.1283959493881112,0.0717115450742622,0.0603286841738266,0.1513615306013314,0.1320395254277712
183,183.0,0.0950165063377976,0.1060903566570825,0.1135997767870047,0.0833438610081184,0.0583655591484424,0.127564923301522,0.071861556251149,0.0611110500400406,0.1516507457853823,0.1313956646834598
184,184.0,0.0963155259316699,0.1069609985368034,0.1133950652868615,0.0823171756500918,0.0578597213556921,0.1275994513995684,0.0708844492903012,0.0614880581522055,0.1531604871450603,0.1300190672517453
185,185.0,0.0967311702035363,0.1081348610857977,0.1132757206304718,0.0828203521945605,0.0586880038485906,0.1278926943934616,0.0690330998580907,0.0605418688161916,0.1537603342087325,0.1291218947605661
186,186.0,0.0969181715022785,0.1091620317761585,0.1127825414994391,0.0806729121128678,0.0565962113530522,0.1281972966113758,0.0671028680608394,0.0630088380780906,0.1538741828524026,0.1316849461534949
187,187.0,0.0965366865788127,0.1096934080775888,0.1141702747847255,0.0790629104007197,0.0574724903652809,0.1277977090785602,0.0675963607009072,0.0617887067840226,0.1541903492093129,0.1316911040200689
188,188.0,0.096772459153991,0.1105390195455517,0.114205193918418,0.078192999006165,0.0563990724085842,0.1264087336354296,0.069027072987969,0.0614955922283274,0.1541702484574364,0.132789608658127
189,189.0,0.0950607884971944,0.1109685453400483,0.1147786855725438,0.0778907888127444,0.058206152878729,0.1242281236012049,0.0689235975367576,0.0614562108493259,0.1546775883763047,0.1338095185351463
190,190.0,0.0942315497700921,0.1123091725899354,0.1146596743517169,0.0762699305766425,0.059279719035459,0.1246776330446837,0.0681775445729637,0.0593459856792173,0.1568460416373334,0.1342027487419556
191,191.0,0.092814281809097,0.1131996087387133,0.1137221736747075,0.0757421192864609,0.0602302541286458,0.1268505926828946,0.0677439090080616,0.059852245778645,0.1570370969581853,0.1328077179345885
192,192.0,0.0930585544672983,0.1140549778996136,0.1132775740929597,0.0737583900671842,0.0594079260317794,0.1268347567461849,0.0690995638253723,0.059859701586979,0.1586559074982897,0.1319926477843383
193,193.0,0.0925197764054016,0.1144940182724174,0.1125125686879028,0.0725990338255703,0.0605674261143371,0.126252546964418,0.0708668828151441,0.0611826113710589,0.1579600551399317,0.1310450804038175
194,194.0,0.0928379707994664,0.1149438014222649,0.1119654129661428,0.0722404294331061,0.0614606598438997,0.1247322147856817,0.0713521064284916,0.0619979273791252,0.1599411105078395,0.1285283664339814
195,195.0,0.0917057475281194,0.1158253921806505,0.1131540817341731,0.0727001224575376,0.0606123040273165,0.122757546724794,0.0714195526916146,0.0626728285727981,0.1591176018431915,0.130034822239804
196,196.0,0.0925802404278677,0.1173106009784832,0.1132212647298892,0.0725537005643335,0.060136970788205,0.1227800579069811,0.0701724739947023,0.0618995023856011,0.1587323849130856,0.1306128033108505
197,197.0,0.0926215853069865,0.1171904965018389,0.112540181449016,0.0729111388358155,0.0599534092966146,0.1237451635010599,0.0689273825146941,0.0631696298788888,0.1596627619639715,0.1292782507511135
198,198.0,0.0944270233748322,0.1179631556107382,0.1122159724442158,0.0721990190442898,0.0594046226276868,0.1227005859766509,0.0683361314940214,0.0619840962429872,0.1609643711690558,0.1298050220155213
199,199.0,0.0951619014119638,0.1171854386780779,0.11075527388292,0.0740012542869428,0.0603631746906517,0.1235391456049127,0.0673082926367631,0.0625742573820503,0.1611492753140796,0.1279619861116375
200,200.0,0.0963624704219032,0.1193120991420408,0.1081835428456243,0.075242180700513,0.0595111468564916,0.1250411621884366,0.067010631225677,0.0618254346176403,0.1603591889416266,0.1271521430600459
