,Unnamed: 0,Generation,Intertwine_two,Add_vertex,Delete_vertex,Invert_path_vertices,Insert_inside_vertex,Delete_inside_vertex,Replace_inside_vertex,Donate_between_routes,Trim_one_terminal_cb,Grow_one_terminal_cb
0,0.0,0.0,0.10000000000000002,0.10000000000000002,0.10000000000000002,0.10000000000000002,0.10000000000000002,0.10000000000000002,0.10000000000000002,0.10000000000000002,0.10000000000000002,0.10000000000000002
1,1.0,0.10900000000000001,0.10321588868534576,0.09950577445171234,0.09927808996981688,0.10015712614918533,0.100647492175698,0.09848319992386,0.09747500473311788,0.0954743866172486,0.10290970318878462,0.10285333410523076
2,2.0,0.31601,0.10513794911025282,0.09968705663540818,0.09839418273018925,0.1000719415102099,0.10030731833014424,0.09792832899229792,0.094425505931203,0.09167639775030631,0.10591071026752176,0.10646060874246673
3,3.0,0.6191589000000001,0.10806606686202821,0.10063259869064448,0.09769681815188486,0.09918791936421573,0.10002344074903907,0.09627957438573283,0.09151242522450595,0.08674422766549067,0.10914834068737173,0.11070858821908652
4,4.0,1.015801321,0.11098215632616429,0.10056381703197306,0.09760594901068034,0.0987253184108942,0.09930052450940968,0.09577953010467723,0.08842594604366377,0.08104691026199977,0.11321291185193291,0.11435693644860477
5,5.0,1.50262148669,0.11305731779100005,0.10129553818915721,0.09729564644498441,0.09854297913624595,0.09926531981957225,0.09464907814200407,0.08475293938368031,0.07701427016925895,0.11661023065118607,0.11751668027291072
6,6.0,2.0757334209441005,0.11566395281784156,0.10190416154106563,0.09689325791122774,0.09748732337924765,0.09857151689103694,0.09345417414329009,0.08235894187176807,0.07236500188688368,0.12077300235891292,0.12052866719872565
7,7.0,2.7307768275633495,0.11740051365870943,0.10182203076992931,0.09692654405542145,0.09582207411680646,0.09773803392261693,0.09310409111731788,0.07950002954261641,0.06918745485404328,0.1250850003317733,0.12341422763076547
8,8.0,3.4630081252450404,0.12045902861842316,0.1021811697326056,0.09672031106253912,0.09467211056299886,0.09737299064059127,0.09217676674186531,0.07522999847054755,0.0656903578667576,0.12948341241375902,0.12601385388991243
9,9.0,4.2673862119061114,0.12282454260562524,0.10289045172528291,0.09638462898944597,0.09203183915658159,0.09654479676979336,0.09223890725566716,0.07137781145935898,0.06271574872000159,0.133606908498978,0.12938436481926507
10,10.0,5.138652627782014,0.1252377708339807,0.1018804682472485,0.09633320335597123,0.09055489175943576,0.09575938355872049,0.0924718979157014,0.06828285368729065,0.060362617387420235,0.137778965987666,0.13133794726656486
11,11.0,6.071405875792507,0.12688778896161787,0.10183502976856501,0.09712442128061813,0.08942684200357118,0.0941584763050605,0.09212261597331076,0.06434818273275052,0.05895101729096226,0.14214575624659265,0.132999869436951
12,12.0,7.060169740244025,0.12885896914810935,0.10230570420015142,0.09631197389789291,0.08751179939530285,0.09222544563895328,0.091163546085639,0.062014698464218365,0.05700013415337453,0.14670736053671843,0.13590036847963977
13,13.0,8.099455520847952,0.13036816278909039,0.10353706887839383,0.09820308766538831,0.08526973383757175,0.09168264910094966,0.08840966654498682,0.059042932956963376,0.05480946235549415,0.15042448661015143,0.13825274926101017
14,14.0,9.183818168183006,0.13187693123736813,0.10406632995892885,0.09856240462836442,0.08216706247761763,0.09034647689477693,0.08748213065928899,0.0565462041187928,0.05370518197303989,0.1538736339852851,0.1413736440665371
15,15.0,10.307906369102724,0.1336719374535088,0.10492899308207382,0.09933672083563294,0.08021444082812659,0.08772232293628666,0.08787455116273557,0.05289387414005215,0.05262083139465185,0.1582054139905099,0.14253091417642155
16,16.0,11.466506686239443,0.13461730561293456,0.10440705306650414,0.09923395696451211,0.07837716924675593,0.0853406597284847,0.0876117266269674,0.050453347559272964,0.05122579343678375,0.16297024565205642,0.1457627421057279
17,17.0,12.654581904800096,0.13652198701868384,0.10556326752090531,0.10033955150644697,0.07606333010712882,0.08416927506647315,0.08599941290248463,0.04785829700157862,0.05003662259319019,0.16665535735014717,0.14679289893296119
18,18.0,13.867303782456686,0.13890268020465707,0.10654006417085826,0.10037851505121115,0.07361257436988405,0.08325463976403583,0.08472254130205246,0.04437318130917908,0.048152064652087156,0.1716172643481937,0.14844647482784115
19,19.0,15.100080434523047,0.14126534208508149,0.1070252742452692,0.10112876525250886,0.06980762900238542,0.08090272299912742,0.08425190764750637,0.041855484340843144,0.04742946479743276,0.17766523957676517,0.1486681700530801
20,20.0,16.348578617037543,0.14379509152224618,0.10756641338756573,0.10195101659189121,0.06750619893498913,0.07860889684148537,0.08208301473583512,0.040831654012233536,0.04776041346935934,0.1821379324121723,0.14775936809222204
21,21.0,17.608741195130214,0.1435540399624742,0.10914827780874466,0.10459128742353015,0.06456682620564923,0.07620054125767069,0.08037782123386819,0.03870843002089037,0.04667384205491141,0.18780327838372132,0.14837565564853972
22,22.0,18.876800103462312,0.14400099061992336,0.1098277031163514,0.10534862248275177,0.06289349365937895,0.07412355823954059,0.07833365512285514,0.0373482543357562,0.045661262170971065,0.193353053827696,0.1491094064247755
23,23.0,20.14928511992658,0.14438110557370232,0.1092208047466637,0.10655424413340386,0.061819951053459055,0.07153286988621689,0.07616893236958197,0.03672575914144267,0.045602391027504956,0.19978433462070305,0.14820960744732148
24,24.0,21.423028783545156,0.14479328816105866,0.10980464720017925,0.10794202392121821,0.05970913105879956,0.06936919641591188,0.07388981840781787,0.03483863426421131,0.04551774452926848,0.2070305303427195,0.14710498569881522
25,25.0,22.695167792966423,0.1441912940655777,0.11092814091477565,0.1087633106730048,0.05877496054133757,0.06661288263799282,0.07373670857826799,0.034139442224651456,0.04708497330545271,0.21071961713231321,0.14504866992662602
26,26.0,23.963141223515898,0.1463681473276452,0.11044125501251964,0.10985687415670997,0.0571270138123141,0.0653781661350211,0.07169039909568087,0.033060814867391375,0.04578285932898705,0.21480681872054097,0.1454876515431897
27,27.0,25.224685898775267,0.1469841441179844,0.10859446352808978,0.11117916571795881,0.0554092737862515,0.06280919804220732,0.071370125082718,0.03114092371832871,0.048880619343662154,0.21779409729038499,0.1458379893724143
28,28.0,26.477829247520948,0.1463443450957946,0.10707084890922558,0.11331353521762551,0.05298159661231447,0.060107244541302056,0.06891706901690894,0.03038180381507544,0.05193688744290077,0.22310003834556288,0.1458466310032897
29,29.0,27.720879968916847,0.14698222171185477,0.10510756295467392,0.11695901387364442,0.05012203950939157,0.05786518915451939,0.06966276172497217,0.029932536996978863,0.05164317028014863,0.2278612903972033,0.14386421339661296
30,30.0,28.95241681848399,0.1477132308454125,0.1040551491247842,0.1177795948521117,0.04824038722620369,0.056713446792020436,0.07116909531523605,0.02902348089317948,0.051842368459597096,0.23126534134262014,0.14219790514883474
31,31.0,30.17127581490958,0.14549560775508644,0.10177876644418493,0.12029995885592137,0.04711163346190686,0.05531354569940461,0.07111238654545747,0.02792085504911771,0.050302204926221915,0.23883572426511387,0.1418293169975849
32,32.0,31.376536153543515,0.1469609981418813,0.09961995266087458,0.1208838619676873,0.04513094094328115,0.05329154961540172,0.07146799137117703,0.02761845985379123,0.05043956039146512,0.24275519317128644,0.14183149188315428
33,33.0,32.567505096778625,0.14980902585464914,0.09971985886095429,0.11824330691042038,0.043652238051291425,0.05146015785714906,0.0702106447320458,0.026664847486462317,0.04929126254550499,0.2505160540322486,0.14043260366927413
34,34.0,33.74370209472243,0.15218375629416045,0.10086070541439436,0.1180326005525658,0.0430147344110392,0.04815333847321266,0.06968719922162998,0.025772971949849774,0.04720479409186654,0.2574252939663211,0.13766460562496027
35,35.0,34.90484237192463,0.15445344382150816,0.10125757569924629,0.11875612123943367,0.04187447655280747,0.04503407168474488,0.06772457121529393,0.025012554247399985,0.04591687764641193,0.2649165057260647,0.13505380216708912
36,36.0,36.05082019768737,0.15574661149567132,0.102185143501775,0.11823278799204548,0.0408004910391638,0.04280842474482028,0.06706905028287007,0.024901186975156385,0.044184809361517086,0.27245013115183064,0.13162136345515008
37,37.0,37.18169203889697,0.15708891605775502,0.0998292168346813,0.1185213272688058,0.039521085469267934,0.04252760140004952,0.06470440834458546,0.025573990735249463,0.04211536663554236,0.2795176346635168,0.13060045259054648
38,38.0,38.29765977559663,0.15795925195597652,0.09831300027255015,0.11651228827233816,0.03988519740167451,0.03983676114163254,0.06520990462457317,0.025150193950630728,0.040131714515809686,0.28880863723262074,0.12819305063219397
39,39.0,39.399054140870355,0.15904059637522616,0.0990615540257068,0.1147717955607267,0.04038530568894288,0.0390956489049545,0.06331202438847326,0.024817274904967556,0.03890753586653079,0.29424561989855746,0.12636264438591407
40,40.0,40.48631852820801,0.16114863639250837,0.09664560037150531,0.11539355000309075,0.03998603441544632,0.03877849854297907,0.06045379578994112,0.024910107071561865,0.0381634026465773,0.2992502093663931,0.12527016539999697
41,41.0,41.55999329152982,0.1598282473332099,0.09483112178698475,0.12115204879508742,0.03882544577927939,0.03770043751296177,0.05831568705032942,0.02473798609971437,0.03647345151444957,0.3046149779532268,0.12352059617475682
42,42.0,42.62070064560415,0.16064396788485624,0.0956271441370615,0.1201781744808098,0.03711120631025527,0.03815428109041032,0.056056695032437154,0.02463569736405448,0.03642548669081393,0.3066866601116952,0.12448068689760625
43,43.0,43.669130257815,0.1593350532894993,0.09397590072599249,0.11830608287890367,0.037332257798346404,0.037300615125617005,0.05562710324624207,0.024597280528320036,0.03506060013675906,0.31143892664401485,0.12702617962630525
44,44.0,44.70602560622662,0.15825723177975973,0.09082480748314578,0.11763197821245244,0.03741374574989259,0.03556613130207556,0.055928693767097776,0.02461673257087584,0.03469545501284476,0.3177227978918645,0.1273424262299912
45,45.0,45.73217116373481,0.15877033730091109,0.08948706194385711,0.11994758129141894,0.03654911137614162,0.03373728983636484,0.053904643803432156,0.0246880720834673,0.033858944151042104,0.3186474637942975,0.1304094944190675
46,46.0,46.748380453854836,0.15802571663759374,0.08754426109351175,0.11934517994735602,0.03603601918882487,0.032053959618861545,0.05264875214462131,0.025768555473589746,0.0331376168789092,0.32372760296186714,0.1317123360548648
47,47.0,47.755485010424316,0.1581908106464244,0.08638012932219041,0.12092934263544641,0.03464803878152481,0.03051842282691997,0.05119270428931202,0.026910313288172477,0.032619863798810426,0.32715784083955385,0.13145253357164532
48,48.0,48.7543242612326,0.15551826007661293,0.08841574892764875,0.1213776493789131,0.0333523760271395,0.029831717566449985,0.052101408841486556,0.027074326276831536,0.031721431560368364,0.33011159891180636,0.130495482432743
49,49.0,49.745736344347726,0.1516918860340037,0.09055160018610975,0.11896512663568434,0.03215275578792133,0.030871657566515415,0.05318832009903207,0.027251194703856375,0.03146588075414738,0.3304610962972686,0.1334004819354612
50,50.0,50.730549855707864,0.15098727993187838,0.09182317396700178,0.11678808671803503,0.031051570014745768,0.0307416431813749,0.05235693751327991,0.02895148826520713,0.030598375426119793,0.33110728408108614,0.13559416090127133
51,51.0,51.70957651737491,0.14918828199618694,0.08861135383908406,0.12163782041452532,0.030049987118740306,0.03018672470881461,0.04951627650790669,0.029540439019073432,0.03091132172231927,0.3340849908182184,0.13627280385513113
52,52.0,52.68360474770151,0.14551785497968167,0.08784921190082956,0.12125906793444427,0.031266995418607425,0.030019389868908918,0.049386934788215854,0.029705673640695707,0.030780047994801697,0.3377758428032161,0.1364389806705989
53,53.0,53.65339410751842,0.14444306669518225,0.08702139962777783,0.1190316632787147,0.03090896342233191,0.03245767321784887,0.048042641363235356,0.029857328063748797,0.03092187869871013,0.3406909267643543,0.13662445886809593
54,54.0,54.61967059027847,0.14116932503612012,0.08887708893643756,0.11774517470574333,0.030545326787296836,0.03483374986911189,0.04864709286264109,0.02999524376385909,0.030324725371243717,0.3388212823677353,0.13904099029981112
55,55.0,55.58312271885972,0.141735863764371,0.08919733206847343,0.11459559522119889,0.02986392724156736,0.03450554839279924,0.04977166525895764,0.03087405760040735,0.029784040122811505,0.3401793831285062,0.13949258720090743
56,56.0,56.544398407394254,0.13992422969569832,0.08572678480107376,0.11943681464643009,0.02925202837799516,0.035395508471131945,0.04846286964857675,0.030977071547617883,0.029299582997994403,0.34376035792017934,0.1377647518933024
57,57.0,57.504102543001395,0.13790030460579022,0.08843872451422694,0.11706646659106673,0.029888890315183256,0.03691382222467563,0.04831253357421361,0.031060013384631182,0.029401147338915534,0.34298707233893205,0.1380310251123649
58,58.0,58.462795239617805,0.13751083731772534,0.09011676185638691,0.11520889989809414,0.029624170847588994,0.03925192609426039,0.047275195969930614,0.03112406090409684,0.029021029347442575,0.3439815807250858,0.13688553703938852
59,59.0,59.42099071417639,0.13549904460771145,0.0893142136668646,0.11973915233983955,0.030298252573988018,0.040833682865679455,0.049357936712796105,0.031170463062574965,0.028688712861642488,0.3401709700190067,0.13492757128989677
60,60.0,60.379156734137354,0.13366785151126984,0.08756933167792882,0.1189553311009969,0.030134049039191854,0.040253895531818594,0.04991839650386446,0.03120052037457953,0.029775504170125092,0.33999880301466007,0.1385263170755649
61,61.0,61.337714584760846,0.13192498142237377,0.0863411330150372,0.11713460766264029,0.029777465763232112,0.04073496053473523,0.04955253480502363,0.03121556675163784,0.03035096104341621,0.3436390498562778,0.13932873914562593
62,62.0,62.29703950447439,0.13069851474540173,0.08967185238564734,0.11647221384328213,0.031178633053211842,0.040238190687406444,0.04803203906608519,0.032326417666624765,0.030432616286794358,0.34295350872331215,0.137996013542234
63,63.0,63.257461537171835,0.1284477312130196,0.09097391900974669,0.11771187819547935,0.030880017077283245,0.042519046137423105,0.049940355721218854,0.032304400954611005,0.030218476327662846,0.342358819219499,0.1346453561440562
64,64.0,64.21926675122782,0.1300387378187585,0.0906701181947389,0.11655891973957042,0.032660485255495364,0.0424900714525836,0.04966319907494578,0.03226154190425252,0.031000920441151273,0.34276690843543406,0.13188909768306956
65,65.0,65.18269877636592,0.1325199919131295,0.08749697113945741,0.11701761704179574,0.03336399034482318,0.04209861879783994,0.049259664530996373,0.03220035333988735,0.03081549158289427,0.34244641568625717,0.13278088562291906
66,66.0,66.14796061122655,0.13151483095661032,0.09102121615756484,0.11562416339920611,0.03335528443791103,0.042697850176707235,0.049653386774408045,0.032123280098559824,0.030640450694634027,0.33970657815289057,0.133662959151508
67,67.0,67.11521665648885,0.13224010541996228,0.09262060437688546,0.11682520201681415,0.03420435684051892,0.04351063482869107,0.048413255480408895,0.03203268138037946,0.030476509388253466,0.33489782996898293,0.13477882029910335
68,68.0,68.08459493066005,0.13019905974653617,0.09268789471527412,0.11961592158777368,0.034974695819879435,0.042932315813963465,0.0476903895711342,0.03193081572021333,0.030324197118628427,0.33131264751963113,0.13833206238696605
69,69.0,69.05618942810752,0.13232137839024577,0.0914509898468387,0.11887108163709442,0.03519354340284388,0.04258549926313623,0.0461217458327933,0.03181982846886168,0.030183874104779608,0.3313092954607375,0.14014276359266892
70,70.0,70.03006258152917,0.13435079147459877,0.0906414072732376,0.11717707184356164,0.037972292424886436,0.04327249370035756,0.045997089917337614,0.031701741657956584,0.030055744651267875,0.32587789516774773,0.1429534718890482
71,71.0,71.00624779379335,0.13322059086908794,0.08918375624278933,0.11473962565228928,0.037586112374853105,0.045034875715486755,0.046097611100124544,0.03157844611156243,0.02993987069659464,0.32757927888417177,0.1450398323530403
72,72.0,71.98475200689319,0.1353005034467424,0.08914087093888498,0.11474423196171352,0.03716268920607458,0.043904469850641,0.04689328755362625,0.03145169565869207,0.0315454074073261,0.3270522033291313,0.14280464064716789
73,73.0,72.96555827861411,0.13630049866403227,0.0878042070351298,0.11369365302475876,0.03806820247661498,0.04512457784554734,0.04679793149407317,0.03132310329452182,0.0322914421291007,0.3227332462617685,0.14586313777445276
74,74.0,73.94862834037681,0.1402845836744348,0.09004500112719839,0.10988486773410469,0.037580083482283554,0.044123605467287,0.04639542270760243,0.031194139133823382,0.03324047130005001,0.32003889053136503,0.14721293484185086
75,75.0,74.93390511255946,0.13990770529320362,0.09272476696335866,0.11076775661743074,0.039134318672533384,0.043700985656643807,0.045217762417671496,0.031066129997856552,0.033099339248848975,0.3175875085751329,0.14679372655732006
76,76.0,75.92131515639825,0.14016064382460855,0.09483281915371498,0.10857391543694549,0.038728929357913056,0.042471331397186375,0.04339256670456808,0.030940260475507842,0.032941327010279554,0.32188614991734166,0.14607205672193463
77,77.0,76.91077104428919,0.13914720897771515,0.09386876947048005,0.10902985820250241,0.038612465689878014,0.043480813964449534,0.042510154905523644,0.030817575300638923,0.032769702725464284,0.3246067546996546,0.14515669606369366
78,78.0,77.90217363294813,0.13827229286791898,0.09457879631095971,0.11154705893743753,0.0379982790067438,0.04239865303455596,0.04078611172851353,0.03069898289025051,0.03258754384187589,0.32584488760835995,0.14528739377338445
79,79.0,78.89541422641172,0.1408820227314808,0.09408229812869456,0.10961309269329998,0.038606349196197695,0.04115590343906868,0.03912661175191929,0.03058525989199843,0.032397725408227586,0.3285973068932157,0.14495342986589765
80,80.0,79.89037661826481,0.14116423375728146,0.09472466145332235,0.10935446856086714,0.03795080997983631,0.039925869768739436,0.0409811213967813,0.030477056594651577,0.03220291156386183,0.3292503823876962,0.14396848453696276
81,81.0,80.88693900474995,0.14047842593013363,0.09497637150277535,0.10923195858703433,0.03855318694192489,0.038719580767755724,0.040545597732400095,0.031843107928016735,0.03200554998829404,0.3309396571090929,0.14270656351257271
82,82.0,81.88497576253909,0.14067913650285352,0.09367711418861649,0.10897805205213408,0.037865111017434394,0.037546724859192825,0.04075992786002212,0.031960518524043476,0.03301736944890121,0.33376750258599375,0.14174854296080852
83,83.0,82.88435908692391,0.1411786802245337,0.09379173804327119,0.11018230588503605,0.038667036510568575,0.03741408265974662,0.0421252498720255,0.031841581005268356,0.032809282928307634,0.33407701297251535,0.13791302989872736
84,84.0,83.88496048800103,0.1421398457612529,0.09378457440167542,0.10958146651165215,0.03880077137467368,0.03643700355755811,0.04115969941736708,0.03171612142831806,0.032593912230490345,0.3373835508937686,0.13640305442324402
85,85.0,84.88665214409042,0.14797066010903323,0.09702184976559804,0.10706307503368512,0.0389102950092088,0.036799932996721775,0.04101252268931749,0.031586046594779614,0.032374139480149874,0.3320628316268768,0.13519864669462958
86,86.0,85.88930811312994,0.14900289182886314,0.09516024610952435,0.1051869621050484,0.041821703659053924,0.03578942017936096,0.04088159706159141,0.03145311877864722,0.03215260261004196,0.33332148977128206,0.13522996789658684
87,87.0,86.89280540413424,0.14830638141539357,0.09186924727148832,0.10440377856647642,0.04222523287325436,0.034822064441942614,0.03973362407107593,0.03131895255634159,0.03358293493583312,0.3403343281078468,0.13340345576034757
88,88.0,87.89702491199675,0.148943309900945,0.08797513810596755,0.10554696104247129,0.04139127532071453,0.034359437008073083,0.04004202751229511,0.03118501343070311,0.033348287298197,0.34628984368654686,0.13091870669408678
89,89.0,88.90185221995306,0.14666522053192765,0.08902977421943538,0.10651488946999693,0.040526800770221534,0.03348888591070601,0.039145314513514745,0.031052618083321448,0.03310362155134252,0.3464026336545276,0.13407024129500655
90,90.0,89.90717827491419,0.14470972286993788,0.08703203534316015,0.10632608437863764,0.041923628427703315,0.03267050106396858,0.041626141482325324,0.030922936089844737,0.03285238616366006,0.34865041801725455,0.13328614616350812
91,91.0,90.91289994163006,0.14287200218209145,0.0839144313836872,0.10767439411644023,0.04263393663127614,0.0319072496912652,0.040717224976741496,0.03079699293481725,0.03259775045310925,0.3497541521990013,0.13713186543157074
92,92.0,91.91892044225806,0.14078816455910576,0.09243413302453635,0.10709530580315298,0.041684815575565866,0.031201250958919523,0.04041534058717585,0.03067567416594434,0.032342600809082425,0.3491293394000502,0.134233375116467
93,93.0,92.92514968840067,0.14165320135659404,0.09254760158328636,0.10387313807319665,0.041772257365918206,0.03146672953995868,0.04018601416389247,0.03055973053229928,0.03208954012136746,0.3489436962437638,0.13690809101972332
94,94.0,93.93150451304501,0.14768925775431138,0.0941613050953709,0.1006694444851471,0.041859113637423964,0.03170185345047852,0.04029233081249643,0.030449783956695734,0.031840890101210315,0.34467608333549615,0.13665993737136975
95,95.0,94.93790881009448,0.14996018272393677,0.09353028000161138,0.09856271456410223,0.04084801592898159,0.03448444864726293,0.04015690532832883,0.030346334199085584,0.03159869618205678,0.34254730094109676,0.13796512148353737
96,96.0,95.94429358933806,0.15055485186080178,0.09264470156789309,0.09623261804614196,0.04162530142024457,0.03394044408267981,0.041886337833997936,0.030249766075245592,0.03265782203536142,0.3404499990877039,0.1397581579899302
97,97.0,96.9505969547639,0.1537242176926164,0.09087054888630822,0.09842006928138976,0.04140095414566884,0.03341143553372819,0.042272870871779236,0.030160357103037144,0.032420678474854935,0.3365997295849418,0.1407191384256758
98,98.0,97.9567640140995,0.15441397263822104,0.08910574414937135,0.10126362912970295,0.041665262883984075,0.03290121348433445,0.04430349984833067,0.03007828545701917,0.03218304248565055,0.33532798340788494,0.13875736651550108
99,99.0,98.96274672736057,0.15575535760459783,0.088963765123158,0.10070268092807683,0.04060937348369792,0.032413001505036745,0.044221847695324626,0.030757633807901086,0.03277999356269258,0.3349633547450175,0.1388329915444972
100,100.0,99.96850370202192,0.15502231434909802,0.0882992091211574,0.10042459505216975,0.041613546552735754,0.031949480708618444,0.04468934897215317,0.03139079437803696,0.03254006109343925,0.3342150249693839,0.1398556248032076
101,101.0,100.97399994219691,0.1540846942512702,0.08739455722600792,0.1024308914234229,0.04086478927646287,0.033032615557159535,0.04498393177747444,0.031309603387836525,0.032298721260176855,0.3357764284322262,0.13782376740796276
102,102.0,101.97920655893245,0.1552416885756298,0.08422074585261558,0.10337942327309305,0.03979594016669706,0.03303159092817938,0.04791090729142675,0.031223435462777772,0.03261944794938583,0.3375800715758354,0.1349967489243596
103,103.0,102.98410044840509,0.15387378305086563,0.0831122408595589,0.1007670871840075,0.03873601656624086,0.03381069481037935,0.048922042902271395,0.031133649975597113,0.03245127212496332,0.3397128402158359,0.1374803723102803
104,104.0,103.98866394444643,0.15084477115332035,0.08557956203307857,0.10649352922846261,0.038356233493463836,0.033722393982631646,0.0484416898550374,0.031041506537378548,0.0322086279915135,0.33742290704199723,0.13588877868311655
105,105.0,104.99288445143917,0.15248633934734937,0.08751015318177757,0.10811135041357023,0.03733550889306351,0.03331771519757568,0.04769572785238713,0.030948162377608054,0.03196816199149352,0.33474827510999366,0.13587860563518148
106,106.0,105.99675406321822,0.1539268979256382,0.08848927363765602,0.10800205598250182,0.03634350166377258,0.035040543622360074,0.04912833986657223,0.03186884911878191,0.03173206097156061,0.3342835849459023,0.13118489226525445
107,107.0,107.0002691731872,0.15249873227889055,0.09247902039491757,0.11160281161663957,0.036763066316231933,0.03483354803763523,0.049569060552584865,0.031766018396781524,0.03150224944390538,0.3324581292556439,0.1265273637067697
108,108.0,108.0034300804274,0.1532108485551245,0.09418480773206035,0.11144269785770092,0.03625734850735363,0.03628211446041474,0.050287966187063826,0.032205099855492074,0.03128039657457662,0.33066074076859864,0.12418797950161488
109,109.0,109.00624059613932,0.15193567890149884,0.09651371286606131,0.11650717044657757,0.036491668786449105,0.03584526708546521,0.05050438597083356,0.0320838618065458,0.03106792502643497,0.3265233314667757,0.1225269976433581
110,110.0,110.00870765431864,0.150419503699167,0.0988693693001854,0.11681410354288005,0.035737592798775975,0.03539365177715599,0.05043033034326547,0.033976539336789874,0.03086602138284314,0.32735625706228927,0.120136630756648
111,111.0,111.01084093013685,0.14483702992308703,0.09930568109850572,0.11326114284235748,0.034894414512115265,0.035942825368669704,0.052851469663967685,0.035014279857403456,0.03067564788978206,0.33406781958724924,0.11914968925686253
112,112.0,112.01265246907188,0.1417399845790191,0.09905172909858356,0.11479322555154445,0.03408660990899947,0.03785165822847114,0.05194187559779736,0.03482308638648346,0.03049755526712927,0.33384924459746923,0.12136503078450317
113,113.0,113.01415632942268,0.1392511940111782,0.10205538429667568,0.11485443029583477,0.035316848796951614,0.03986793374651564,0.052342456042846944,0.03460278139879063,0.030332296354070466,0.33310293862125484,0.11827373643588139
114,114.0,114.01536824044418,0.13813951118212667,0.10032780189922762,0.11456009644459766,0.03457257909127732,0.03931482807427087,0.050812726238306856,0.035662458774117965,0.03196009111504549,0.33712682472736966,0.11752308245366005
115,115.0,115.01630527795908,0.13677491988381701,0.0998751550605795,0.11517692815298017,0.03385701056525767,0.03893133712696961,0.04973404525525937,0.035385962113756476,0.03190160346862659,0.33954263986333705,0.1188203985094167
116,116.0,116.0169855589429,0.13650268312619185,0.09916963689851453,0.1142545458299895,0.03317442878618741,0.03873936620303377,0.049805686921270825,0.035083255498293574,0.03174178126581707,0.34089080591857823,0.12063780955212337
117,117.0,117.01742795623892,0.14084508859583564,0.09497134509590564,0.11580995236586054,0.033606357394779705,0.03853086244154974,0.047926621093469506,0.034759986989394025,0.03158052347063034,0.3412258926434588,0.12074336990911619
118,118.0,118.01765183424293,0.1388167043213529,0.09508311113981463,0.11879496510534321,0.033424190641288536,0.03786375796235726,0.04772112619306918,0.03442144546149049,0.03141958622025597,0.33494583529234223,0.12750927766268572
119,119.0,119.01767680610413,0.1363220796435704,0.09602306840863928,0.1189722904581978,0.03387285501865556,0.03718472635146046,0.04639005596112399,0.034072543631762396,0.03126054683271648,0.33679910433063676,0.12910272936323702
120,120.0,120.01752251271817,0.13956537369731167,0.09451987731655999,0.11878108290979143,0.033714217743524254,0.038537940715892484,0.046027955103826367,0.03371780654868949,0.031104805915603776,0.3322490225023871,0.13178191754641358
121,121.0,121.01720842354362,0.14062383553951607,0.09749952072297427,0.11770359438512983,0.03316430843932936,0.03860393718445105,0.04619541606287403,0.03394586574514792,0.030953591031046307,0.3309445566907341,0.1303653741987972
122,122.0,122.01675365905109,0.14089875463532597,0.09764253964707069,0.11849766906776488,0.03263774698116066,0.03867641852824507,0.04558161274832188,0.033585609791469184,0.030807961724634122,0.3284819922600743,0.1331896946159334
123,123.0,123.0161768344173,0.14323669411757425,0.10225354542102773,0.11612595376459463,0.033451175664051085,0.03794517229349229,0.04451670139900554,0.03322552333524363,0.030668815731616814,0.3266764842277238,0.1318999340456704
124,124.0,124.01549592390272,0.14400834027928835,0.1028010806183032,0.11497505520260273,0.03296640940346349,0.03845472835718948,0.04469270752238968,0.0328691902912882,0.030536896180585072,0.328847588803403,0.12984800334148702
125,125.0,125.01472814520056,0.14391940288939495,0.09961547748214307,0.1145149004638906,0.03250045567490001,0.0377063650728264,0.044872526774882134,0.03251979864881543,0.03296917217187026,0.33024061958110146,0.13114128124017596
126,126.0,126.01388986291661,0.14725970247951164,0.09915004260633775,0.11615752923121916,0.03205609276244388,0.037650004244636076,0.043925894484468576,0.032180148184101774,0.03282779354819058,0.33003035956412496,0.1287624328949658
127,127.0,127.0129965102319,0.14878478178051163,0.09753385283903931,0.11602748398629248,0.031635605213608926,0.036897972656200186,0.044899094869284666,0.03185266128401847,0.032672274851396954,0.33305977712652607,0.12663649539312152
128,128.0,128.01206252771334,0.14955183469716313,0.09693250758567994,0.11772815683297785,0.031240810367521382,0.03615216450004589,0.04346803458259945,0.03153939646110332,0.032505585275768724,0.33702447814048136,0.1238570315566592
129,129.0,129.0111013181695,0.15515827803881752,0.09557122918332689,0.11962240862719792,0.030873086902367376,0.03751698327890072,0.0430624006534658,0.03124206415586865,0.03233050880494563,0.33450366406471344,0.12011937629039632
130,130.0,130.01012521639834,0.15944692046223782,0.09043401794536922,0.11788482393495053,0.030533404914705096,0.03678233935912631,0.04184338480203508,0.03096204443959876,0.03337816504458137,0.3371368490353183,0.12159805006207773
131,131.0,131.0091454726403,0.1622012293754634,0.09025647751475122,0.1195712906640546,0.030222357076661998,0.03605333643773808,0.04548770914791498,0.03070040625055987,0.033334200656378675,0.33339685711594536,0.11877613576053207
132,132.0,132.0081722485317,0.1646621459237651,0.0873312329237146,0.12377994629422312,0.03086825966153479,0.03609121443243638,0.04454194565795114,0.030457927817919273,0.033123947295863564,0.32825790117686154,0.12088547881573074
133,133.0,133.00721462434865,0.16565694491030944,0.08540947854530538,0.1265472022193312,0.03110070284575179,0.03538532989384791,0.04456791707816176,0.03023511795036354,0.03290347979844133,0.3221102714623864,0.1260835552961015
134,134.0,134.0062806163404,0.16909047196470586,0.0821923424287359,0.12936074832287375,0.03200158964548396,0.034696180510179815,0.0433104710693931,0.030032237890059748,0.03267602425277691,0.3192143582311575,0.1274255756846337
135,135.0,135.00537720296956,0.16578302235667108,0.07991430042565402,0.12648293934767063,0.033688347621984,0.03473091736809216,0.04511087992100901,0.03247732345688574,0.03244455401915115,0.3204121609195362,0.12895555456334623
136,136.0,136.00451035890612,0.16835088960856823,0.08025852790532532,0.12541125628533195,0.034262043124862744,0.034858832845426325,0.04455535805734717,0.03228792723246027,0.03221178526869647,0.31687667632898486,0.13092670334299691
137,137.0,137.00368509565993,0.1742847858644702,0.08140348825127047,0.12430752920254388,0.034717154597075604,0.03422723729783273,0.0434883692248766,0.03209459135815274,0.03198017554060028,0.3101057488260147,0.133390919837163
138,138.0,138.0029055077818,0.17556771910729285,0.08428842363853897,0.12810756496152834,0.03513113523304998,0.03361652893202017,0.042277643428879526,0.03189964315769444,0.03175192502990771,0.3055059352863159,0.1318534812247723
139,139.0,139.00217482361367,0.17480487465104136,0.08173071549151376,0.13077846535281454,0.035099524467117914,0.035453803036545585,0.04391641476236701,0.03229201931864573,0.03152898031998532,0.30630053764467124,0.12809466495529773
140,140.0,140.0014954596262,0.1736108818188287,0.07949986494320509,0.13318750894039544,0.0361251077112212,0.03487204246948378,0.042780243819117575,0.0320940942946688,0.031313040277855315,0.3102618730190567,0.12625534270616762
141,141.0,141.00086907744122,0.17342867426837377,0.07675213826852592,0.13359038332368414,0.03646375834458617,0.03521819047012762,0.04245472119029568,0.031895020830142874,0.03110556383715976,0.3184460922299221,0.12064545723718216
142,142.0,142.0002966427003,0.17692743114118223,0.07848889679839807,0.13242919677850895,0.03607350414592432,0.03465093412388093,0.04103724061112107,0.03169690450376811,0.030907779402162164,0.3170990666695982,0.12068904582545613
143,143.0,142.99977848500652,0.18711858003100942,0.07832058555635638,0.12655009514824295,0.035661540325669414,0.03493282028242341,0.040852371941089295,0.03150163076499314,0.03072069561664271,0.3200668326629742,0.11427484767059923
144,144.0,143.99931435823203,0.19410670784004672,0.07553544135142425,0.1242594303125546,0.035902120456015985,0.036206571666665896,0.04101597383584948,0.031310868092445744,0.03142182586230499,0.31706129544952555,0.113179765133167
145,145.0,144.99890350055264,0.19748938229549456,0.0735003248839531,0.12390958653116932,0.035458454694118326,0.03564890812464015,0.04222720053174924,0.03112607300622863,0.0312495834768614,0.3185457480657395,0.11084473839004598
146,146.0,145.9985446936357,0.203527712404781,0.07286358453191744,0.12159849944247762,0.035794732691253196,0.03509052185557058,0.041121474172956876,0.03094849669857094,0.03108206949519355,0.31413169433353416,0.11384121437374484
147,147.0,146.99823632047406,0.20533110417997769,0.07373874815329025,0.11682367046001144,0.036748806313559874,0.03453706899485225,0.04173027666237933,0.03077919305469331,0.03092048621674055,0.3178447794265671,0.1115458665379284
148,148.0,147.99797642142389,0.21049068627972287,0.07525355788663945,0.11379804061887604,0.03626151983275725,0.03399359073025724,0.040691713500089224,0.03061902784465651,0.030765856403965446,0.31507781537418467,0.11304819152885147
149,149.0,148.99776274806447,0.21284661082215187,0.07472677941330019,0.11277980338193985,0.036416517687783256,0.03346452438481915,0.03997529063005405,0.030468688877176825,0.030619031008428197,0.31542131956961583,0.1132814342247309
150,150.0,149.99759281456036,0.21479509261210983,0.07214156634431074,0.10839725652213626,0.03590129678296048,0.03295371943007669,0.040664530950086285,0.030328696917673342,0.030480697842360394,0.32166362810747484,0.11267351449081131
151,151.0,150.99746394626104,0.2120453348661501,0.0713195584045776,0.10586725042530615,0.03537858500079038,0.0324644577765077,0.03975246896732226,0.030199417184943473,0.030351391014475766,0.3248468027294112,0.11777473363051556
152,152.0,151.99737332532905,0.2120573593098418,0.07017755841395364,0.10452612392971661,0.03485435854682938,0.035374070544406756,0.04111131230767085,0.030081071253637157,0.030231500959234842,0.32417158670313884,0.11741505803157037
153,153.0,152.99731803323698,0.21058876131716026,0.07118240673728557,0.10521303134909876,0.03551686546399539,0.038401847779583234,0.03992355418534454,0.0299737492029251,0.030121284899925667,0.32418731106775084,0.11489118799693089
154,154.0,153.99729509002177,0.21014472900387018,0.0696197564360754,0.10732249334431966,0.03499338415472557,0.041392828813446234,0.04013160843281836,0.029877421865255,0.03002087759754815,0.3234949413650941,0.11300195898684759
155,155.0,154.99730149022784,0.21133577050593338,0.06918787782774274,0.1094188088775583,0.03447231713483547,0.040820783455788476,0.04007717338013675,0.02979195304269936,0.029930302249432907,0.32717268928035265,0.10779232424552021
156,156.0,155.99733423551103,0.20822534528036324,0.0685376084321234,0.10539946454877148,0.033958633645586024,0.04019773479933861,0.04162739830777088,0.029717111571972293,0.029849481413634856,0.33437917874719164,0.1081080432532478
157,157.0,156.99739036391077,0.20187685278559714,0.07290359632321299,0.0999844267756791,0.03345673216880566,0.039535013660540345,0.041348319937225785,0.029652583132598206,0.02977824784728026,0.3407485055358445,0.11071572183321625
158,158.0,157.99746697583146,0.19405644528992821,0.07429848772043135,0.09882298387803341,0.03297045351801528,0.0388432144990165,0.040354346206338154,0.02959798170583555,0.029716355159088322,0.3470153512806229,0.11432438074269058
159,159.0,158.99756125680176,0.19225413845698905,0.07707955869630095,0.0962768347764552,0.03250309819712379,0.03813216310865488,0.03970915758754513,0.030539656306004286,0.029663488188124695,0.34728434796538105,0.11655755671742125
160,160.0,159.997670497107,0.1944363657355438,0.0775487347204624,0.09588157406628525,0.03205744742635021,0.03819368420244296,0.04023281940418103,0.030493650751913973,0.029619273032376183,0.3486854622231274,0.11285098843731714
161,161.0,160.99779210841066,0.19218237892372914,0.0806662707325338,0.0903637451110505,0.03163578725839048,0.03746260626624772,0.04231303012956281,0.03044730924571355,0.02958328666187876,0.3564937774323691,0.10885180823852447
162,162.0,161.99792363749984,0.18684056375688535,0.08258514618113239,0.08774297007332221,0.031239935234642822,0.03673001006100953,0.04119566926251323,0.030401128797676032,0.029555066061812296,0.36752499727160315,0.10618451329940326
163,163.0,162.9980627773051,0.1826432232848054,0.08099212400723607,0.08380179961472312,0.03420346084174542,0.03600337337568507,0.04101046591721446,0.03035555510646551,0.029534116861134354,0.373341790329931,0.10811409066105986
