Generations,Unnamed: 0.1,Intertwine_two,Add_vertex,Delete_vertex,Invert_path_vertices,Insert_inside_vertex,Delete_inside_vertex,Replace_inside_vertex,Donate_between_routes,Trim_one_terminal_cb,Grow_one_terminal_cb
0,0.0,0.1,0.1,0.1,0.1,0.1,0.1,0.1,0.1,0.1,0.1
1,1.0,0.1021267129626964,0.1001753703701571,0.0937474183006159,0.1045658912033705,0.0994492894054913,0.0998966071426515,0.0973370538719181,0.1026730888886073,0.1013761965809505,0.0986523712735411
2,2.0,0.1050021995400763,0.1012908929356925,0.0879578819202053,0.1057611705185124,0.099360367139723,0.0992575781595676,0.0943988150626792,0.1040544944683275,0.1038255280050583,0.0990910722501574
3,3.0,0.1056884009397021,0.1011724391940778,0.0820072061998181,0.1061233971372832,0.1015206316020769,0.0995735915843846,0.0953852224187818,0.1038471936477428,0.1073400675530631,0.0973418497230691
4,4.0,0.1024392008680578,0.1027161364091231,0.0763638473167831,0.1045145645959614,0.1027770780087739,0.1002652524664648,0.0964222011769096,0.10793418257253,0.1083615227593789,0.0982060138260168
5,5.0,0.1038833976953216,0.1028105281642793,0.0718820740812527,0.1063807259004595,0.1019999966222252,0.0996224505405498,0.0955304633404253,0.1066157656437116,0.1131359464917184,0.0981386515200561
6,6.0,0.1027832993030849,0.1019104408048139,0.0662332911448231,0.1042483874443445,0.1027559802209,0.1015044601453735,0.0957850538572316,0.1103084150914105,0.1166688788605875,0.09780179312743
7,7.0,0.1050503045985338,0.1025068398332902,0.0599882029808166,0.1005910093762143,0.1005430410950351,0.1027044581469712,0.0967713491892826,0.1100458527691398,0.1237514933843528,0.098047448626363
8,8.0,0.1056850247631424,0.0999736801028181,0.0591355079448954,0.1044036263033756,0.1008077749230343,0.0999830954393186,0.0983041092109025,0.1084846057427943,0.125236395156697,0.0979861804130212
9,9.0,0.1079317401259217,0.0999471825936297,0.0548158906915928,0.1023494698047996,0.099892893170983,0.1004693097212746,0.100083115056498,0.1074976029794987,0.1301159972352817,0.0968967986205196
10,10.0,0.1077662151161516,0.0997052192873339,0.0507487660602809,0.1039909508315711,0.1008496878111334,0.1008989413794381,0.1003745530117224,0.1068587172404091,0.131469643503258,0.0973373057587011
11,11.0,0.1081162374067803,0.0994907077619429,0.0483196532875038,0.1028187571490799,0.0987485388865336,0.1046097529215247,0.1016142486603791,0.1095802178084694,0.1316679766698597,0.095033909447926
12,12.0,0.1097222827636259,0.1019947577939681,0.0436518965828447,0.1022719540485363,0.0988740109163174,0.1045749890041309,0.1015552258609414,0.1085950997400914,0.1348091279814487,0.0939506553080947
13,13.0,0.1087834404549129,0.1018800443018386,0.0393143965828231,0.1011320398786752,0.098784283161063,0.1072057475749394,0.1013514202268735,0.1118989805271484,0.133669136417965,0.0959805108737603
14,14.0,0.1085205682586961,0.0996322781207452,0.0353175026169754,0.1031041095000706,0.098781730377825,0.1076891725725286,0.1019668194596889,0.1150907194639949,0.133740600864413,0.0961564987650617
15,15.0,0.1101038867363554,0.0985621090894517,0.0316671230215427,0.1042390753480463,0.0972748970126996,0.1076027159853255,0.100777556271928,0.116730507678426,0.1353571429547903,0.097684985901434
16,16.0,0.1096831698090186,0.0985387628477105,0.0346363378729499,0.1007832762853941,0.0989557892338889,0.1067974055433084,0.1023353734724794,0.1133614318941291,0.1378702214909756,0.097038231550145
17,17.0,0.1082234949390841,0.0984185417366602,0.0316181629147261,0.1040987055404055,0.101477572380497,0.1063757101499396,0.1039787510107849,0.1126549197831249,0.1367585940244202,0.0963955475203569
18,18.0,0.10973080523721,0.0968464385539718,0.0288856238231773,0.1045778215658247,0.1018894280814713,0.1067828938610797,0.1043682512040257,0.1126424258629821,0.1361463174358698,0.098129994374387
19,19.0,0.1112717451368384,0.0953263724714611,0.0264374824025517,0.1042312519150475,0.1031538307025149,0.1091850160235931,0.1059125087513953,0.1091969051130079,0.137270736915851,0.0980141505677385
20,20.0,0.110322135562227,0.0971703330324328,0.028548224735108,0.1059118843854148,0.0992958444193068,0.1095083938119817,0.1058225528285128,0.1077109738171777,0.1373957027970228,0.0983139546108151
21,21.0,0.1122327858595938,0.0953255824474751,0.0273947463511529,0.1064586575570069,0.0994922348193795,0.1093532123248484,0.1075141998004826,0.1084741263833347,0.1341573082837142,0.0995971461730113
22,22.0,0.1125314659283736,0.0979713541335508,0.0256780261619286,0.1088284751944489,0.0977889773089932,0.108745770847738,0.106831529730374,0.1096308868329268,0.1327260614430523,0.0992674524186132
23,23.0,0.1115556974509436,0.0958881864323301,0.0266868677013537,0.1062608350746802,0.0978520425212648,0.1088981572020895,0.1063226383318025,0.1124208310404656,0.1342656053805312,0.0998491388645382
24,24.0,0.1098886636101705,0.0966372930207525,0.0268383046638567,0.1045505850905785,0.0993853913751272,0.1091812419889011,0.1083486097131687,0.1120647167359857,0.1359747301506817,0.0971304636507766
25,25.0,0.1090047925748362,0.0971352948182738,0.0256832587780498,0.1036647088962744,0.0998257145824898,0.1106268108389504,0.1072327165001179,0.1151554720790103,0.1351413500888937,0.0965298808431028
26,26.0,0.1123307843556308,0.0944362508790949,0.0246868848930431,0.1015749722276908,0.0976511220712379,0.1149006974737844,0.1091210877789872,0.1159296115997194,0.1349599635475842,0.0944086251732265
27,27.0,0.1110722303838229,0.0910182226199972,0.0238432795476067,0.1008476400794183,0.1001806074921332,0.1169109889511225,0.1127414202417089,0.1157981758595253,0.1335170076354444,0.0940704271892198
28,28.0,0.1071742135541647,0.0926957936726156,0.0268882365371622,0.0995032488934397,0.0991527154085879,0.1194283959062115,0.1132581551920337,0.1124402214950634,0.134627147294701,0.0948318720460197
29,29.0,0.104204425131369,0.0922279990156426,0.0293607915087424,0.1011178663774897,0.0978758271870523,0.1232386525606318,0.1118679539020672,0.1099849348301852,0.1353647637268442,0.0947567857599749
30,30.0,0.10535455258775,0.0931818862439241,0.0300140924940173,0.1038821318351406,0.0956111770764556,0.1199733769938784,0.107604496141679,0.1117317135106206,0.1373314504440116,0.095315122672522
31,31.0,0.1060066934512606,0.0944199078617628,0.0307319953742025,0.1048613069660299,0.097678181296047,0.1158849445984589,0.1066695827696304,0.1112587657763068,0.1398975154771616,0.0925911064291388
32,32.0,0.102709933476914,0.0940924271301901,0.0341256767756709,0.1067138425508944,0.0982862365949196,0.1136428966373776,0.1052697872652667,0.1103164833946481,0.1392964820694901,0.0955462341046277
33,33.0,0.101496980569554,0.0981587701188921,0.033690822360541,0.1073788145478032,0.0976372197080671,0.1129558192961132,0.1059706488033085,0.1088662158030399,0.1381396337868549,0.0957050750058253
34,34.0,0.0990817079055657,0.0990405500722527,0.0365595397381072,0.1047216212842067,0.0991598246177518,0.1157498895805075,0.1039205295794484,0.1083090945064085,0.1351890349210179,0.0982682077947329
35,35.0,0.0972121274631881,0.0985057999018532,0.0361084948632261,0.1056285388261141,0.0972724977705659,0.1173669803637872,0.1063975669319085,0.1095453053943912,0.1333697179929303,0.0985929704920346
36,36.0,0.0978421125552758,0.1004475538064219,0.0410151151947953,0.1047148852551249,0.096803122322927,0.1179079843659701,0.1063747310368428,0.1064154941459713,0.1306303656827323,0.0978486356339379
37,37.0,0.0961641981017271,0.1028527023958645,0.0404846412404246,0.1038343840736,0.0971403663558715,0.121549724747151,0.1044267166877124,0.1072402189956102,0.1308235271175616,0.0954835202844764
38,38.0,0.0970804743946975,0.099865651629722,0.0399023682690867,0.1055543020896785,0.0966624530645778,0.1241605336955552,0.1031309741761594,0.1065939784337299,0.1304741495364771,0.0965751147103153
39,39.0,0.09948783994713,0.101019176432732,0.0423096927378262,0.1037016460240186,0.0969646078293569,0.1237478433944868,0.1000904994705506,0.1079542576688681,0.1273675057452159,0.0973569307498141
40,40.0,0.0988081645828677,0.1021532014241849,0.0432123049203003,0.1030069127995793,0.0936890394207853,0.123894375675453,0.1000278839576392,0.1114399355779823,0.1284322699041035,0.0953359117371037
41,41.0,0.0966449999976103,0.1031533399134531,0.0477483012167164,0.102127621932109,0.0916051418377058,0.1243949681406848,0.0989062022387557,0.1119758282118602,0.1280077017674645,0.0954358947436394
42,42.0,0.0959799861088255,0.1043975069848656,0.0478160797941638,0.1015655086488432,0.0932779271311511,0.1261341319279704,0.0994315332766672,0.1097828959031494,0.1242145377276454,0.0973998924967176
43,43.0,0.094849502206923,0.1029897165399579,0.0501013753914199,0.1045744711684799,0.09103882292232,0.1259382743811654,0.0980054836104049,0.1081803470582583,0.1235523277243358,0.100769678996734
44,44.0,0.0925067208460703,0.1025682684807963,0.049051257858028,0.1041905786137124,0.089897589028779,0.1261253687938272,0.0999494147889846,0.1108482793882365,0.1232922898222273,0.1015702323793375
45,45.0,0.0912749168459343,0.1034525542541499,0.0509359373638086,0.1058693895648603,0.0873114206025638,0.1266863328783644,0.1020586537451077,0.106970306295213,0.1216080813800492,0.103832407069948
46,46.0,0.0885778845398054,0.1037432477224744,0.0543345238896431,0.1033540460703617,0.0835146452673627,0.1251033007395412,0.1021158768670223,0.1110956693850383,0.1238014329892403,0.1043593725295096
47,47.0,0.0889898773289645,0.1027873826057323,0.0551757410798618,0.1054604866856351,0.0861173012778498,0.1261036545825714,0.1015808589437374,0.1097633057585262,0.1194226821232297,0.1045987096138908
48,48.0,0.0905583776642337,0.1008750975316862,0.0537075260779662,0.1087763484795084,0.0876396177872049,0.1263670521098485,0.1040957637702636,0.1077192072634666,0.1173633183658421,0.1028976909499791
49,49.0,0.0951324066779133,0.1023187846977777,0.0546390476297361,0.1091561471328708,0.0866864304278792,0.1241867561600095,0.1047919441650652,0.1063087054735403,0.1133748144318278,0.1034049632033794
50,50.0,0.0938517830923676,0.1044815311258378,0.0570574906132261,0.1068976691733556,0.0865556238090063,0.1294941067669353,0.102922688768379,0.1035703260399281,0.1128549739422385,0.102313806668725
51,51.0,0.093566794128297,0.1048856624689276,0.0588087888704436,0.1105722038240359,0.0829610508855049,0.1295715677388016,0.0976659184217824,0.10725509068694,0.1146417973127672,0.1000711256624989
52,52.0,0.0928605598885464,0.1055780972964423,0.0595223556126623,0.1111986094651977,0.0836454679156487,0.1267744427091682,0.0977580292916243,0.1096506986054301,0.1142016614817786,0.0988100777335007
53,53.0,0.0941371241965798,0.1080083124191478,0.0618329865555187,0.1080806877461684,0.0859427547225552,0.1264601537038008,0.0947945570731101,0.1072519701680395,0.11264752044254,0.1008439329725389
54,54.0,0.0919901943179278,0.1057580345113002,0.0612861204456503,0.1110869891406327,0.0900561305731008,0.1243415072417828,0.0961957129461921,0.1088776568999951,0.1108390590520005,0.099568594871417
55,55.0,0.0886810823935451,0.1040339678082314,0.0612117491627019,0.1098852118776107,0.0901893960630017,0.125118070488903,0.0970181503116073,0.1081920753710266,0.112572966895651,0.1030973296277207
56,56.0,0.0854642723406559,0.1049514847668855,0.0629416888681002,0.1105885928515885,0.0865403615598258,0.1246215545327282,0.0972226147989742,0.1078286211968083,0.1145903460926302,0.1052504629918024
57,57.0,0.0814215628835983,0.1047055645802067,0.0605495648970278,0.1097835177940912,0.0843069091613392,0.126398361333878,0.0986625750336447,0.110121240526605,0.1149134442947052,0.1091372594949033
58,58.0,0.0845535969356799,0.1044895297841828,0.0580911576740924,0.1106118074629993,0.0848540849414677,0.1257914543885896,0.0982536083265179,0.1099360955741441,0.1144342413653011,0.1089844235470245
59,59.0,0.0867347229147755,0.1026388425692642,0.0555976795967096,0.1109724524442236,0.0845761474500229,0.1271659984967576,0.0975102568385976,0.1084513423117896,0.1194138912481383,0.1069386661297204
60,60.0,0.0892025212506677,0.0996236681469031,0.0561295060394173,0.1079873050552126,0.0853738183292174,0.1246687655147367,0.0981389265697803,0.110016011718031,0.1210149354891862,0.1078445418868471
61,61.0,0.0886377492934005,0.1013448516199157,0.0536181146199726,0.1065626893577625,0.0825488157004416,0.1246367184527861,0.0991717777080653,0.1101049282828108,0.1257095976992573,0.107664757265587
62,62.0,0.0895428434553121,0.0970726618236008,0.0551464054866762,0.1052744014371912,0.0847757719357507,0.1252100009851851,0.0996287174572438,0.1103091752569599,0.1263708501577973,0.1066691720042822
63,63.0,0.0892322262955613,0.093772901753447,0.0538279392287159,0.1089672935506109,0.0891955610505899,0.1241452818742017,0.0964162063244767,0.1094799555246292,0.1270937598488951,0.1078688745488718
64,64.0,0.0967873980830338,0.0931796035246072,0.0533972557370807,0.1041321774153447,0.0915941491851442,0.1255353169948468,0.0921963504878184,0.1079229888668801,0.1267672354647769,0.1084875242404664
65,65.0,0.1013130121458374,0.0952776540950094,0.0533889865551872,0.09947587694651,0.0915457769758241,0.1267205278352808,0.0884592221664095,0.1080432645169627,0.1309679942889242,0.104807684474054
66,66.0,0.1012326787562695,0.095208057810278,0.0529716898230203,0.0967558989100576,0.0960638813506679,0.1303072101325758,0.0891555109059412,0.1043173040644064,0.1287796206839663,0.1052081475628163
67,67.0,0.1022362235064007,0.0945860867821019,0.0505291440585871,0.0953553248570732,0.0985873548728935,0.1306458859772822,0.0899328747637495,0.1026496392304888,0.1322215961909432,0.1032558697604792
68,68.0,0.1019247914588424,0.1008248946431974,0.0481255614300114,0.0996901621603114,0.0993114100619644,0.1319101742452934,0.0889264608648368,0.0983070771490695,0.1330221382457324,0.0979573297407403
69,69.0,0.1033613206030546,0.0996685816477126,0.0501576155040646,0.0987479563690934,0.0986445445973891,0.1286902633197239,0.0941186652489696,0.0948416919680543,0.1345580067419371,0.0972113540000004
70,70.0,0.1053427980214923,0.1000029617516799,0.0491868502294402,0.0996312590169857,0.0968409236917245,0.128465547781014,0.0926016480990228,0.0953164283820359,0.1364278207820652,0.096183762244539
71,71.0,0.104318774144634,0.0975503677453928,0.0469145344037944,0.1012764050805864,0.0986111710575874,0.1293164617727591,0.0980797713203881,0.0953619973709037,0.1345250358677986,0.0940454812361547
72,72.0,0.10554903619098,0.0948951768036908,0.0447003048166753,0.1010461855357849,0.0994855156283583,0.1306469599099119,0.0993935321173813,0.0979410743936562,0.1344999165270486,0.0918422980765121
73,73.0,0.1064109553826372,0.093621404681615,0.0425604951401013,0.1019776460290345,0.0974978100237968,0.1310879865646009,0.1010523732652355,0.0990605838777212,0.1334335342293997,0.0932972108058573
74,74.0,0.1069342386645394,0.0931555269849846,0.0466924322537584,0.0969707757039997,0.098756198676468,0.128711778278431,0.1021671693993177,0.0966676404825218,0.1343768681297562,0.0955673714262226
75,75.0,0.1043702099084962,0.0924901228234535,0.0489723627196429,0.0969708760190895,0.0993346610898732,0.128835930605963,0.0987342847187502,0.0966741568241059,0.1381369434087512,0.0954804518818738
76,76.0,0.1077916830436489,0.0910580710613083,0.0469707459373053,0.0960983842215132,0.0984506951736155,0.1263521641168475,0.1006734331683025,0.0947794547330645,0.1422689182558501,0.0955564502885435
77,77.0,0.1070167395129466,0.091372120748491,0.0475288680788924,0.0955624495231173,0.0956921035637299,0.1268920197545974,0.1015746458794742,0.0954759710372463,0.1419910094489727,0.0968940724525315
78,78.0,0.1066858557433034,0.0918055495377745,0.0455795330909744,0.0921148442382224,0.094477621350289,0.1277228009404205,0.1055293954078208,0.0941807055402021,0.1447966119068419,0.0971070822441504
79,79.0,0.1068776433925351,0.0902494411680059,0.0467812476123756,0.0952853789091399,0.0940760265134627,0.1233099132623016,0.1088736412661213,0.0936242071593846,0.1449582331876525,0.0959642675290204
80,80.0,0.1058512322569283,0.0837379727922811,0.046601994039406,0.0964945930166065,0.092034565213129,0.1234530727694506,0.1138169622415844,0.0934348417796845,0.1498443736775764,0.0947303922133526
81,81.0,0.1041901040854706,0.0773402715262061,0.0470495900912778,0.0937982324455914,0.0956492901864217,0.130770592976687,0.1136543438060827,0.0927433593108862,0.1496440141794315,0.0951602013919444
82,82.0,0.1028409431068434,0.0811763508433752,0.0468061645824987,0.0940492226228511,0.0978521732095777,0.130154477549101,0.1120223031522745,0.0908668619874384,0.1481058148053674,0.0961256881406721
83,83.0,0.1017888455554971,0.0823677386394381,0.047005496093678,0.0994312725635787,0.0958523760779855,0.130169083048864,0.1089751812585115,0.0892170116014876,0.1520051689775837,0.0931878261833752
84,84.0,0.0973163953535759,0.0833558639824681,0.0468840888768984,0.1007597962961315,0.0937445998538318,0.1316271990316916,0.1142018742937275,0.0907795478871281,0.1490906187760122,0.0922400156485344
85,85.0,0.0928422507650061,0.0859057045437139,0.0468179870048795,0.1009763055762051,0.0919455396662484,0.1343950340252007,0.1129930633048492,0.0911908061476828,0.1506808895493531,0.0922524194168605
86,86.0,0.0882198006791905,0.0859193254632793,0.0476305438972394,0.1001874393818143,0.0927669058184957,0.1304082343104737,0.1139109105045203,0.0903480237826678,0.1535688083395375,0.0970400078227809
87,87.0,0.0913236491954366,0.0859300708032487,0.0469778633477515,0.1038398672429427,0.0894771912206173,0.1289978689875808,0.1120531875100886,0.0922556045901942,0.152659806183162,0.0964848909189771
88,88.0,0.0887834843939839,0.0899259382139498,0.0466113368341216,0.1023277584890287,0.0875090769270916,0.1314874465362503,0.1092780079656874,0.0958858806916476,0.1508233539774046,0.0973677159708339
89,89.0,0.0902448682940353,0.0863986353422984,0.0448424328142242,0.1061235359284512,0.0889954204630786,0.1272562047374615,0.1089295645596527,0.0974778785677908,0.1496430700975508,0.1000883891954561
90,90.0,0.0912371185583461,0.0805473082875311,0.0431019948681744,0.1070493894498633,0.0884700171636295,0.1280001592755277,0.1102169100049883,0.0998114904920709,0.1522157111611864,0.0993499007386819
91,91.0,0.0947062641098169,0.0777812631807204,0.0414045807680478,0.1062440324010634,0.08898264235345,0.1281223743418482,0.1117738135579883,0.1020992822609959,0.149794183592657,0.0990915634334117
92,92.0,0.0972090263589125,0.0790037614982785,0.0397628622702533,0.1061987623748111,0.0856980883381933,0.125895179002402,0.1145438951783016,0.1034400687139197,0.1497077273901733,0.0985406288747541
93,93.0,0.0958531989760587,0.0775865116165806,0.0381876869995358,0.1062292464005659,0.0813303011374637,0.1214937492013333,0.1178090570346204,0.104671911512557,0.1554816769236776,0.1013566601976063
94,94.0,0.0924785682732199,0.0787352114207344,0.0366881523858947,0.1108858406153078,0.0816754533332698,0.1231424000202937,0.1178349318785836,0.1053630131953012,0.1517933652426685,0.1014030636347258
95,95.0,0.092544159797308,0.0773836888347049,0.0383438059685297,0.1099013643438423,0.0831625012479152,0.1213304004559869,0.1208987934228089,0.1048196975747608,0.150878574779444,0.1007370135746987
96,96.0,0.0934951919723166,0.0755451508223664,0.0384008349859062,0.1088615943148528,0.0825737333195115,0.1210169056770212,0.120609248024471,0.103648553045933,0.1536232017444573,0.1022255860931636
97,97.0,0.093225939745018,0.0759396938275574,0.0396325965445898,0.1084421676547826,0.0822409541017541,0.1205610477410615,0.1204319794129111,0.100818738523533,0.1562858172074738,0.1024210652413183
98,98.0,0.0977460517200521,0.0739385086813398,0.0383604769450225,0.1079042224631094,0.0796057225924572,0.1222482065184736,0.1192340208185677,0.0977195417304292,0.1583000910076461,0.1049431575229017
99,99.0,0.1005376752312951,0.0703249958413693,0.0412063474064254,0.1108698039712846,0.0826462269279149,0.1215450277781192,0.1136716077772924,0.0968834978674449,0.1583214505350652,0.1039933666637884
100,100.0,0.1015152768403287,0.0722454896322969,0.0413253553649942,0.1121475826115893,0.082084584697337,0.1196345895174472,0.1163484902628862,0.0938234784947898,0.1569438429311555,0.1039313096471745
101,101.0,0.100779177584399,0.0767737139314701,0.0401161496333472,0.1118859313832553,0.079733070858521,0.1226342848088129,0.1117113338859401,0.0942734057205771,0.1580357360177511,0.1040571961759255
102,102.0,0.0995105258199738,0.0789283577065289,0.0389267029785315,0.1081989348185622,0.0808327412084574,0.1185295881309791,0.1126661501192073,0.0964142805948033,0.1600574698780106,0.1059352487449453
103,103.0,0.0927838574925666,0.0815808808511423,0.037766933959412,0.1052672931661226,0.0828587646723496,0.1179981243973995,0.1142330384154651,0.0948593320648304,0.1606024045856323,0.1120493703950789
104,104.0,0.0976701538746073,0.08627747245817,0.0366454725026103,0.1033667709747687,0.0799151910576458,0.1194859383363695,0.1148536802971705,0.0924238519616954,0.1594950448806617,0.1098664236563001
105,105.0,0.0997167826918355,0.0880230407743299,0.0355697024664627,0.1029249856849187,0.0767776043776511,0.1224446578647573,0.1095999447130475,0.0882325629443224,0.1664740168072941,0.1102367016753801
106,106.0,0.1010141883859138,0.0869514265467843,0.036995113769949,0.1013399661546102,0.0807572396591458,0.1207593892202021,0.1119429165858788,0.0850095859487567,0.166027338025534,0.1092028357032247
107,107.0,0.1036239371127567,0.083631707008948,0.0395261178006864,0.101159699662708,0.0806177265234027,0.1229565963412332,0.1107961356487479,0.0815446549148226,0.1659025594832175,0.1102408655034763
108,108.0,0.0997744374980769,0.0834915641152804,0.0422722889828095,0.0992847894555825,0.0782882385636958,0.1227794436566026,0.1157538815152518,0.0855507088745557,0.1632049347093906,0.1095997126287537
109,109.0,0.0994589753489686,0.0811121724581917,0.0426488242571318,0.0974446756780065,0.0795556488934071,0.1232987489529277,0.1154941740594841,0.0888393052268792,0.1592450539346903,0.1129024211903124
110,110.0,0.0995957220934319,0.0793054417207743,0.0416119552136195,0.0970758614895291,0.0807880125075152,0.1201775748833064,0.1149419403928395,0.0912018575928786,0.161043744854077,0.1142578892520279
111,111.0,0.0974689179035254,0.082471858058926,0.0447244377938958,0.0939158309184244,0.0813614976835465,0.1234228622606509,0.1136414432406152,0.0923570112804716,0.1571430270010828,0.1134931138588608
112,112.0,0.0951768886478353,0.0840739043441211,0.0450638131421342,0.0959619825271398,0.0808572290593041,0.1238380419481394,0.1136215675652172,0.0967705424588072,0.1526482351367302,0.1119877951705708
113,113.0,0.0925082598042648,0.088310781548428,0.043930720700617,0.0971761446510997,0.0756689189766242,0.1257972078310906,0.1184228510065716,0.0955663540046034,0.1513253242072208,0.1112934372694795
114,114.0,0.0935902059509935,0.0901108198274603,0.0427716302962453,0.0974156830756269,0.081320302053371,0.1247571061950304,0.1143819945377846,0.0957849477108825,0.1497827416994697,0.1100845686531352
115,115.0,0.0955321496930315,0.0847807885631153,0.0445470248795596,0.0932791520090756,0.0812928995665963,0.125310465640464,0.1138220339190137,0.0955061122592249,0.1541839472692389,0.1117454262006795
116,116.0,0.0977549626224885,0.0836496043759909,0.0433477467305567,0.0904854713403159,0.0828581621221872,0.128227399711706,0.1146332286697148,0.0937419606725946,0.1544802068708533,0.1108212568835916
117,117.0,0.0966343612069234,0.0813570597947128,0.0456057187969545,0.0903916599697293,0.082955500545041,0.1283882632863332,0.1114211385177947,0.0972779716834648,0.1522875372104838,0.1136807889885619
118,118.0,0.0958712800367744,0.079957043351814,0.0482838343612186,0.0929728002977885,0.0808070625535891,0.1297546520749425,0.1102537868775925,0.0989409574053415,0.1515439875568723,0.111614595484066
119,119.0,0.0972192990280352,0.0805266025625646,0.0469781540292932,0.0914121944756445,0.0801231594731955,0.1337990665261308,0.1095047774422406,0.1013653231099208,0.1507424346207986,0.1083289887321756
120,120.0,0.0936285244962653,0.0837075002484253,0.0456332601902675,0.0942095194837891,0.080056331895223,0.1360769401838605,0.1044973747421836,0.1020418057455501,0.1498618180990231,0.1102869249154121
121,121.0,0.092545305642223,0.083499766170654,0.0442665231332416,0.097347603662864,0.0829427117387746,0.1370253372351866,0.1070419148336047,0.1016541091441847,0.1449825257371774,0.1086942027020888
122,122.0,0.0948378341266098,0.0796485678968727,0.0428937945505859,0.0940562902627353,0.083684948182104,0.1414081582335075,0.106070309881125,0.0966444450626099,0.1508276316664158,0.1099280201374337
123,123.0,0.0898981711922151,0.0818982375120478,0.0415294008806899,0.0977743314517641,0.0836853327356403,0.1378113192954311,0.1047638218252638,0.100670362340276,0.1512483775313687,0.1107206452353028
124,124.0,0.0903038596275161,0.0814100327926173,0.0427757719325398,0.0961362924704459,0.0847905201489066,0.1348528890324291,0.1053230559017577,0.1066671426563151,0.149043271526406,0.1086971639110659
125,125.0,0.0915835937770196,0.0824109829328922,0.0431841909752618,0.0995821062654847,0.0828346360346883,0.1331788658678294,0.1068553729462465,0.1040936133180875,0.1461450981968529,0.1101315396856366
126,126.0,0.0903222068978556,0.0871210353041029,0.0418493359856286,0.0981091000705603,0.0900483901696132,0.1326569419262098,0.1074114032747457,0.1024128659740587,0.1422951845974349,0.1077735357997898
127,127.0,0.0946937003751946,0.0877211947666128,0.0405294731351024,0.0969726744235094,0.0897937550135841,0.1304074158042991,0.1066567421303707,0.1006025510923723,0.1462585527936617,0.1063639404652924
128,128.0,0.0968903760632736,0.0883391798194792,0.0392363018382778,0.0931252014004391,0.0918331388811856,0.1300714877768063,0.1000531572440052,0.1001070628769393,0.1547555709630725,0.1055885231365208
129,129.0,0.0966858610530907,0.0842532673415788,0.0379800846527529,0.0986949527965479,0.0937254542623459,0.1292253266637728,0.098648621518695,0.1000042349949618,0.1541123555198751,0.1066698411963787
130,130.0,0.0959357189406455,0.0940887225552052,0.0367696883392529,0.0988346913748998,0.0916426115871374,0.1283128856581703,0.0949695896804153,0.097501230693766,0.1551773762213659,0.1067674849491411
131,131.0,0.0967509663183859,0.0914425565570474,0.0356126347737104,0.099636707802566,0.0925271089553187,0.1282578956914915,0.093996771054132,0.0970348014451619,0.1546336198080175,0.1101069375941681
132,132.0,0.0978508426140184,0.0891817127997293,0.0345151602169851,0.0981766924969528,0.091666977984193,0.1312086690261062,0.0943121668378968,0.0992716460641628,0.1570061883260392,0.106809943633916
133,133.0,0.0950176212956556,0.0895064362254096,0.0365636819498507,0.1027060511485276,0.0859489092300842,0.1306030946927188,0.0973100133390375,0.0997242629401918,0.1537902673986498,0.1088296617798739
134,134.0,0.1021126993420975,0.0865156854282362,0.0355684542974518,0.1059512525584537,0.0860816150806142,0.1290835489021038,0.0978529274721206,0.0978098034956606,0.1528378009265779,0.1061862124966831
135,135.0,0.1040700321184672,0.0892600043389864,0.0346170648673183,0.1064474750620187,0.0803856230559091,0.1301160938335662,0.1007222899479629,0.1001346701469724,0.1499779956491189,0.1042687509796793
136,136.0,0.1051580561799067,0.0887774490427697,0.0337146437315249,0.1070732414743084,0.0773438436203736,0.1287239038018096,0.1088986577135103,0.0974613166184663,0.1483099203422129,0.1045389674751171
137,137.0,0.1051527574534938,0.0890572425452889,0.0328653182719957,0.1147577797648334,0.0744699947787691,0.1242258350030185,0.1099353573699822,0.1000777436728527,0.1496287457558186,0.0998292253839466
138,138.0,0.1054861147346691,0.0866573009884646,0.0371781734628286,0.1129725232929329,0.0770622576711241,0.1269156253120973,0.1060683381530441,0.0997889159842349,0.1480558841212647,0.0998148662793392
139,139.0,0.1096288980038847,0.0835226648207201,0.0398682462659962,0.1080312076999292,0.074331358125625,0.1326088818517099,0.1005257072058639,0.0994539328333851,0.152276232135027,0.0997528710578583
140,140.0,0.1086520063533842,0.0867273538611498,0.0436617883998003,0.1069046009630547,0.0765910905096658,0.1338404592370319,0.0979362883755148,0.0996818395615952,0.1504814443697779,0.0955231283690248
141,141.0,0.1042146601224361,0.0879289620950099,0.0472047875890539,0.1062126163169264,0.0786330361462482,0.1351963161550461,0.0988690308301465,0.0979281914230243,0.1462695902365628,0.0975428090855454
142,142.0,0.1079573708981245,0.0931238514022461,0.0479687781491062,0.1073045856335991,0.0734617446261556,0.1343882066652196,0.0946836864518358,0.0992778950460586,0.143666234864434,0.09816764626322
143,143.0,0.1112768631792953,0.0956603699697866,0.0469362654925046,0.1074380338911352,0.0741679367561885,0.1334832614466445,0.0923650665976313,0.0993268081472148,0.1411201366541764,0.0982252578654223
144,144.0,0.111684269711836,0.1003928731032656,0.045837641446638,0.102407989799769,0.073883434296494,0.134914572113371,0.0888264683285046,0.100304495182662,0.1405276066381594,0.1012206493792996
145,145.0,0.1092419122759328,0.1035127203553191,0.0446905033908918,0.1008141106120042,0.075094923173499,0.133685736832067,0.0917716007500441,0.0966507521161913,0.1406991547099384,0.1038385857841115
146,146.0,0.1116233955666524,0.1013110848834714,0.0435111741068112,0.1032995494631168,0.076158163651721,0.1343886910475859,0.09501467764889,0.0947509210629651,0.1356008267424428,0.1043415158263427
147,147.0,0.1123425226132797,0.108828250827092,0.0423146660100706,0.1018637477587795,0.0748819266228696,0.1334957073728181,0.0953772309908225,0.0914131811309425,0.1341167534305605,0.1053660132427643
148,148.0,0.1099679027842334,0.1103812178982751,0.0411146620629033,0.1074375126906227,0.0735319260988459,0.128171622795806,0.0946711006363896,0.0873493004613231,0.1395340579818286,0.1078406965897716
149,149.0,0.1071611061841937,0.1104012227782593,0.0399235118898237,0.1086436274249111,0.075097756084637,0.1285412626725713,0.0958367231195447,0.0849130065908769,0.1383498985419259,0.1111318847132558
150,150.0,0.1054745143202056,0.1114623053822147,0.0387522416151539,0.1127520753611056,0.0759250471725234,0.1296358853762925,0.0946002090032147,0.083788658656041,0.1361287309897373,0.1114803321235106
151,151.0,0.1002470295028724,0.109004319804421,0.0376105759517995,0.1168608197094477,0.0743448038790178,0.1313352977578791,0.0979661462300476,0.0867170301358758,0.1345068563459783,0.1114071206826602
152,152.0,0.1019248385635263,0.1121688304747445,0.0365069710952625,0.1152486676436133,0.0752370802383467,0.1310260910782021,0.0960337229086323,0.0901708580878089,0.1307947817615866,0.1108881581482763
153,153.0,0.1009826051971467,0.1107990949169604,0.0393812540406909,0.1136877603557828,0.0754826924186972,0.1338036436162095,0.1033907591038458,0.087923013072616,0.1252242598310337,0.1093249174470165
154,154.0,0.0973051395146605,0.108757615580081,0.0383349588266317,0.115346469028733,0.075365359794712,0.1325320253557062,0.1057804857780443,0.0892576518287196,0.1246249939169014,0.1126953003758097
155,155.0,0.0958753059788811,0.1091861899115541,0.0373099435457121,0.1130044370004512,0.0740175554328642,0.134548032286273,0.1072150612343166,0.0903068683688155,0.1250954028036111,0.1134412034375207
156,156.0,0.0937046159931581,0.1058388992106461,0.0363143303574273,0.1100883636489506,0.0712656731245823,0.133615593228185,0.1141480195051769,0.0896463923189317,0.1317746966688391,0.1136034159441023
157,157.0,0.0922764027056118,0.1059566087679949,0.0353551351843968,0.106237130329505,0.06946865774157,0.1371215510829052,0.1109167720836999,0.0872235663979833,0.1390095389797564,0.1164346367265763
158,158.0,0.0929287339322881,0.1044695170839102,0.037718900474504,0.1003313573515341,0.0674776612898066,0.1376584540914849,0.1104785681285436,0.0872735628673945,0.1436912075559922,0.1179720372245414
159,159.0,0.0995674985471616,0.1020265322500924,0.0386629070677517,0.0974438118146703,0.067591030692288,0.1369684387947683,0.1068880711633548,0.0860154594052554,0.1453721092668648,0.1194641409977922
160,160.0,0.0973999115080903,0.1011165033428876,0.0377641780166707,0.098652058667494,0.0683749762820935,0.1422797882072421,0.1095465460871655,0.0819574766167243,0.1450721304252525,0.1178364308463789
161,161.0,0.0944758155436732,0.1070604810814678,0.0368776800905312,0.0968012305091725,0.070483966168255,0.142216849753567,0.107215064692342,0.0791113406824012,0.1477061646887225,0.1180514067898672
162,162.0,0.09730986968867,0.1034942791192858,0.0360110551561003,0.0939926855352282,0.0747785577929713,0.1453326650691343,0.1051866929781479,0.0811117521508953,0.1439285556210023,0.1188538868885641
163,163.0,0.0959928960724698,0.101924808488285,0.0351709821635514,0.0907881435690541,0.0777934309088468,0.147812282803731,0.1019657750733833,0.08430376560451,0.1431815836356506,0.1210663316805173
164,164.0,0.0948864351195422,0.0945790378248798,0.034363206648622,0.0931575545475137,0.0784661912760004,0.1481837428314349,0.1000730958178418,0.0917104911446115,0.1434691471143692,0.121111097675184
165,165.0,0.0951931394510304,0.0873220538495663,0.0335925766186992,0.0965844198269156,0.0761779972554234,0.1535914490021582,0.0993175324687679,0.0898411525731266,0.1475334035595963,0.1208462753947155
166,166.0,0.0908985728066627,0.092292515043099,0.0328630838255818,0.0973773399920463,0.0717469203273249,0.1516549618333122,0.0999184047616296,0.0889680475295603,0.1512931416719684,0.1229870122088141
167,167.0,0.0841498902333288,0.0915784736320411,0.0321779094735203,0.1039019710504161,0.0750400719653913,0.1485957839809251,0.0984604934197989,0.0897267806149286,0.150816388115964,0.1255522375136854
168,168.0,0.0827163324299556,0.0919628257155039,0.0315394734619297,0.1079931997338528,0.0771701519120346,0.1427712708733071,0.1021878587033773,0.0907993874389213,0.14666856130164,0.1261909384294772
169,169.0,0.0823063982293851,0.0911762478852744,0.0309494863168789,0.1097977829142862,0.0803933301092279,0.1396717847554743,0.1024812201423218,0.0894565948976458,0.1482630572920401,0.1255040974574649
170,170.0,0.0847855543679328,0.0869800690381659,0.0304090030231643,0.1089977825801207,0.0798258447537093,0.1412967638591879,0.1029683354770153,0.0916730176321123,0.1496741521262388,0.123389477142352
171,171.0,0.0869328213319187,0.0843382441568854,0.0299184780285896,0.1075268807010832,0.082850762019149,0.1389034730462695,0.1048679361367589,0.0903482164166531,0.1527262280718566,0.1215869600908354
172,172.0,0.0857941057689489,0.0873460505615336,0.0316578795517199,0.1086809961107851,0.0851284096877886,0.1335168108335659,0.1075669991641647,0.0897802491211865,0.1495890035398987,0.1209394956604075
173,173.0,0.0833752513948723,0.0866992875942984,0.0331756466937818,0.1100849434506344,0.0862588408727983,0.1317777742583791,0.1082983306619479,0.0860237317955016,0.1560278384439361,0.1182783548338494
174,174.0,0.0820920766629702,0.0901100423315167,0.032772036917802,0.1157575210863154,0.08145314057024,0.135766066470643,0.109126452538445,0.0821452647172354,0.1548837952090667,0.1158936034957651
175,175.0,0.0857139877102373,0.0872192552256782,0.0323810677502421,0.11727667887101,0.086764940214146,0.1328093029846211,0.107217519771659,0.083938668954739,0.1546104959577373,0.1120680825599295
176,176.0,0.0882405841517585,0.0850855464152305,0.0320053848219358,0.1172423800226433,0.0867456746964034,0.1323770142122876,0.1070939958807994,0.0887080240256897,0.1519330409890033,0.1105683547842479
177,177.0,0.0875529959618404,0.0916789995663209,0.0316472163382408,0.1186336330172134,0.0817472075283281,0.1342195252154396,0.1023611900119076,0.0892989854817423,0.1509343196621461,0.1119259272168203
178,178.0,0.0901223767909015,0.0881482109005341,0.0313083925395328,0.1167838106948151,0.0840372877199388,0.1340064494684749,0.1049026139744663,0.0888944052521879,0.1505043033372847,0.1112921493218632
179,179.0,0.0918577255265646,0.0912701698354278,0.0353768869820434,0.1152141177804843,0.0799947053657842,0.1303625088464967,0.1047876112360919,0.0881784176074422,0.1522087631287143,0.11074909369095
180,180.0,0.0950725566191422,0.0895984220438391,0.0365147047050256,0.1110986361541473,0.0791101233653194,0.1332374029423563,0.1041976630748055,0.0910937365338004,0.1482676223752194,0.1118091321863441
181,181.0,0.0946318726229401,0.083455621445003,0.0406633970645692,0.1082984777667378,0.0824189413808526,0.1281030359774785,0.1012599326672296,0.0951145362634704,0.1535964165778531,0.1124577682338648
182,182.0,0.0899613175289877,0.0878726579951153,0.0420941862952773,0.109975205695037,0.0818801038261771,0.1260552559353673,0.1016956122249405,0.0950290895139372,0.1525739532562081,0.1128626177289517
183,183.0,0.0877634548970796,0.0857708947908923,0.0483642675991935,0.1096437133747059,0.0795581564912637,0.1271429996207211,0.1044185759011781,0.0964586017713827,0.1482661941909098,0.1126131413626725
184,184.0,0.0896123661466324,0.0852271444076318,0.0494629111534778,0.1085085824197441,0.0815798665507508,0.1299189817569453,0.1048816679685788,0.0947142038542906,0.1463970029057307,0.1096972728362168
185,185.0,0.0897359276602021,0.0949293032435574,0.0486837998954837,0.1072362459807778,0.080740309251366,0.1283941810267966,0.1043577466939227,0.0902651621872541,0.1445124322416701,0.1111448918189687
186,186.0,0.0914689765936161,0.0920277492656451,0.0477957617643341,0.1094807383042891,0.0801144014222655,0.1298309081344287,0.1081586543559305,0.0890574206970868,0.1403881597816835,0.1116772296807198
187,187.0,0.0943503471815329,0.088341106718529,0.0512701824143224,0.1093794694272402,0.0820469317018259,0.1293660473935367,0.1059509064995767,0.0881551780790498,0.1400970540142099,0.1110427765701758
188,188.0,0.09617876954517,0.0886825602332626,0.0521292263822651,0.11214340108558,0.0808723246193621,0.127920302737062,0.1054800086637945,0.0841518263125272,0.1373652318250245,0.1150763485959513
189,189.0,0.094244875324412,0.0917826117160657,0.0533343778399051,0.1125204714467478,0.0812777255978112,0.13071875607594,0.1012162089387945,0.0850948837311757,0.135518109637663,0.1142919796914841
190,190.0,0.092396505794833,0.0927818224147885,0.0520172096254005,0.1141342119866113,0.0803044003687597,0.1336467375769957,0.1022781917079308,0.0837364900448437,0.1357977143092851,0.1129067161705511
191,191.0,0.0862382360025166,0.0974351757015044,0.0506115861360922,0.1143341071373525,0.0817733403101016,0.1296667122309261,0.1024282718655627,0.0832101364430527,0.1362952625674044,0.118007171605486
192,192.0,0.0801334108294066,0.0952808154623152,0.0491404091343539,0.1139864795869342,0.0819867475696482,0.1256024757564947,0.1054715912877473,0.0869879049318126,0.1417319157297902,0.1196782497114964
193,193.0,0.0814312101684559,0.0946043095561531,0.0543974592657923,0.1090212212572464,0.0852539687644093,0.1267228462962716,0.1033226890844071,0.0867621001110188,0.1390189044780815,0.1194652910181633
194,194.0,0.0793170681824522,0.0988309318513129,0.0538300293271059,0.1098360640756336,0.088306122592833,0.1224085682076137,0.1072651820990289,0.0868242242053952,0.1394345931165222,0.1139472163421017
195,195.0,0.0782571016568186,0.1006376530379787,0.0521446265521872,0.110884226212432,0.0913851168087102,0.1246576169946261,0.1042258717958855,0.0884704675452091,0.1387196952941745,0.1106176241019775
196,196.0,0.0791011669404279,0.0990293327241366,0.0530294902201217,0.1136136913355112,0.0872061267771214,0.1273748017950196,0.1051201778574823,0.0930487918059095,0.1326540442632884,0.1098223762809808
197,197.0,0.0806527979844677,0.0984300266625956,0.0540129645766373,0.1123049746611429,0.0862021905650783,0.1313550611688374,0.1096124451699961,0.0929036680352501,0.1264937124135579,0.108032158762436
198,198.0,0.0791515517120173,0.0972612262339655,0.0550288605250574,0.1106544719463826,0.0853417920412279,0.1344270274288297,0.1139595582217141,0.0893597984784347,0.1293858165360168,0.1054298968763534
199,199.0,0.0810271678323926,0.0976782566202279,0.05934586946929,0.1090587658274711,0.0864502097281628,0.1313728709687804,0.1171677043458657,0.0868124289463027,0.1275426077540068,0.1035441185074995
200,200.0,0.0814250677948993,0.0982755455643317,0.0573242566537255,0.1053206047559111,0.0918972998191111,0.1299672366896741,0.1213607596668561,0.0853075757289389,0.1293881018643053,0.0997335514622462
