,Unnamed: 0,Total_iterations,Intertwine_two,Add_vertex,Delete_vertex,Invert_path_vertices,Insert_inside_vertex,Delete_inside_vertex
0,0.0,0.0,0.16666666666666657,0.16666666666666657,0.16666666666666657,0.16666666666666657,0.16666666666666657,0.16666666666666657
1,1.0,1.0,0.16380952380952368,0.1695238095238094,0.1695238095238094,0.16380952380952368,0.16380952380952368,0.1695238095238094
2,2.0,2.0,0.15952380952380943,0.1752380952380952,0.17563025210084027,0.15952380952380943,0.16523809523809516,0.16484593837535005
3,3.0,3.0,0.15461781476344574,0.17350670365233467,0.1768230852211434,0.15461781476344574,0.16906225920789023,0.1713723223917398
4,4.0,4.0,0.15104638619201718,0.17564956079519178,0.18396594236400055,0.15104638619201718,0.17120511635074734,0.16708660810602552
5,5.0,5.0,0.14937971952535053,0.17398289412852513,0.1880135614116196,0.14937971952535053,0.16953844968408072,0.16970565572507312
6,6.0,6.0,0.14779241793804895,0.1742209893666203,0.20285483125288942,0.15350670365233465,0.15350670365233465,0.16811835413777154
7,7.0,7.0,0.14395646707527893,0.17506600660066,0.2153811095395253,0.15046283199748542,0.15006679239352502,0.165066792393525
8,8.0,8.0,0.1418453559641678,0.1817802923149457,0.21782555398396977,0.14835172088637433,0.14795568128241393,0.16224139556812822
9,9.0,9.0,0.13922630834512018,0.17916124469589811,0.2194922206506364,0.1514469589816124,0.15105091937765203,0.1596223479490806
10,10.0,10.0,0.13851202263083448,0.17844695898161236,0.22306364922206498,0.1507326732673267,0.1503366336633663,0.15890806223479487
11,11.0,11.0,0.13533741945623132,0.18455807009272351,0.23536523652365232,0.1418437843784378,0.14716203048876314,0.1557334590601917
12,12.0,12.0,0.13489297501178688,0.18911362564827908,0.23187317303158886,0.14139933993399337,0.1524318717586044,0.15028901461574726
13,13.0,13.0,0.1346231337419456,0.19073267326732668,0.22117476033317615,0.14557394310859656,0.15216203048876312,0.1557334590601917
14,14.0,14.0,0.14335329247210432,0.1889072764419299,0.2143493635077793,0.14874854628319972,0.15089218921892186,0.15374933207606473
15,15.0,15.0,0.14224218136099323,0.19406600660066,0.22911126826968403,0.14247870501335846,0.13890806223479488,0.15319377652050917
16,16.0,16.0,0.14481360993242182,0.1897485462831997,0.23530174446016022,0.1396056891403426,0.13576520509193776,0.15476520509193775
17,17.0,17.0,0.14189441801322988,0.18518288971754315,0.25093810809652395,0.13676730530195877,0.13329045761719027,0.15192682125355392
18,18.0,18.0,0.14522775134656324,0.18407177860643206,0.24466826682668263,0.1362117497464032,0.13844918777592044,0.15137126569799836
19,19.0,19.0,0.13877093920572178,0.19285118263379133,0.2440338791643139,0.13916575694836564,0.13533615659702616,0.1498420854507811
20,20.0,20.0,0.13651645487129355,0.21255704510543222,0.23711711585905135,0.1332655588139459,0.1325307917888563,0.14801303356142062
21,21.0,21.0,0.13783247218731087,0.21009528464367172,0.2443148070567425,0.1312482427966299,0.13051347577154027,0.14599571754410465
22,22.0,22.0,0.14023784459268326,0.20952141406980115,0.23817317091510642,0.13138865793704502,0.1300983353563999,0.15058057712896422
23,23.0,23.0,0.13968228903712773,0.21704666659505367,0.23650650424843978,0.13083310238148946,0.1295427798008443,0.14638865793704503
24,24.0,24.0,0.14095213030696901,0.21514190469029176,0.23777634551828103,0.13210294365133074,0.12636817662624114,0.1476584992068863
25,25.0,25.0,0.14325396825396824,0.2187313797313797,0.2381929181929182,0.12986324786324785,0.1241001221001221,0.14585836385836384
26,26.0,26.0,0.14262042788129745,0.22779779158040026,0.2319654934437543,0.13222015182884747,0.1264713595583161,0.1389247757073844
27,27.0,27.0,0.1417791580400276,0.20973429951690822,0.241648033126294,0.12637888198757763,0.13451897860593515,0.1459406487232574
28,28.0,28.0,0.14020772946859902,0.2116549344375431,0.2428385093167702,0.12785507246376812,0.1328840579710145,0.14455969634230503
29,29.0,29.0,0.1369825174825175,0.21074508824508825,0.25148801198801196,0.12568520368520367,0.13314413364413363,0.14195504495504496
30,30.0,30.0,0.13395548654244308,0.20890096618357487,0.2598623188405797,0.12819461697722567,0.12962215320910975,0.13946445824706694
31,31.0,31.0,0.1335665976535542,0.20440890269151135,0.2629654934437543,0.12975017253278123,0.1272888198757764,0.14202001380262252
32,32.0,32.0,0.13308796517492172,0.20227215055475922,0.26752959600785686,0.12927154005414876,0.12629736688432341,0.14154138132399002
33,33.0,33.0,0.12963053371749025,0.2062490625316712,0.2640490765273374,0.13025855304116174,0.1272843798713364,0.142528394311003
34,34.0,34.0,0.12595626595626597,0.20232622932622932,0.2693480963480963,0.1294922854922855,0.12933721833721834,0.14353990453990453
35,35.0,35.0,0.12848151848151848,0.20085148185148186,0.27319658119658113,0.12746198246198248,0.1234988344988345,0.14650960150960152
36,36.0,36.0,0.12715223665223666,0.20026640026640027,0.26504323454323453,0.1272993672993673,0.13083621933621936,0.14940254190254193
37,37.0,37.0,0.12245138195138199,0.20312110112110113,0.25906032856032857,0.12615406815406818,0.1387678432678433,0.15044527694527696
38,38.0,38.0,0.12172410922410924,0.202030192030192,0.26124214674214674,0.12506315906315907,0.14087373737373737,0.14906665556665558
39,39.0,39.0,0.1226112849923592,0.2003941216498761,0.2608937254845183,0.12631119974086727,0.1428858044484643,0.14690386368391484
40,40.0,40.0,0.12272239610347029,0.20283856609432052,0.25889372548451833,0.12642231085197836,0.1421080266706865,0.14701497479502593
41,41.0,41.0,0.1217600902154982,0.20559239369106538,0.25565821064872296,0.12544130463675057,0.14551870730997865,0.1460292934979842
42,42.0,42.0,0.11870518287164096,0.19952375951124385,0.2569785034878902,0.1313680948449409,0.14647295119009762,0.14695150809418644
43,43.0,43.0,0.1205388773593108,0.1973206243361042,0.2506430064603439,0.1331838721993521,0.15256957249836506,0.14574404714652395
44,44.0,44.0,0.12285727138358718,0.19456712293554396,0.25507718012981173,0.1317637041321252,0.15128012338538654,0.1444545980335454
45,45.0,45.0,0.12132191784823367,0.19549641586483688,0.2591983922510238,0.13059198696040805,0.15010840621366936,0.14328288086182822
46,46.0,46.0,0.12251239403870985,0.1966868920553131,0.25586505891769046,0.13178246315088424,0.14848935859462173,0.14466383324278062
47,47.0,47.0,0.1252623107886266,0.20885117221959323,0.25336777842041,0.12397682434524539,0.14612816423342737,0.14241374999269735
48,48.0,48.0,0.12809059361690944,0.2044067277751488,0.25466070771333926,0.1281687435371646,0.1480675581728213,0.13660566918461656
49,49.0,49.0,0.1367109557109557,0.21187456987456982,0.24348296148296142,0.12806804306804304,0.14465867465867463,0.13520479520479517
50,50.0,50.0,0.13615540015540012,0.21750949050949053,0.24007026307026302,0.1275124875124875,0.1441031191031191,0.13464923964923964
51,51.0,51.0,0.13585236985236984,0.21720646020646023,0.2415854145854145,0.1272094572094572,0.1438000888000888,0.13434620934620933
52,52.0,52.0,0.1366277056277056,0.22298179598179602,0.23564524364524359,0.12798479298479298,0.14560717060717057,0.13115329115329113
53,53.0,53.0,0.1358499278499278,0.226951492951493,0.24431191031191027,0.1193181263181263,0.14385969585969585,0.12970884670884666
54,54.0,54.0,0.13640548340548336,0.23472927072927072,0.24931191031191027,0.11376257076257072,0.13830414030414032,0.12748662448662448
55,55.0,55.0,0.12920113220113216,0.23398179598179594,0.25344555444555444,0.11301509601509599,0.1402839382839383,0.13007248307248306
56,56.0,56.0,0.12856232656232655,0.2340755910755911,0.2447414807414807,0.11657209457209458,0.14272205572205574,0.13332645132645132
57,57.0,57.0,0.1267291597291597,0.23779020979020976,0.2469376179376179,0.11529836829836831,0.14075235875235875,0.13249228549228548
58,58.0,58.0,0.12589882581186929,0.2361582089408176,0.25003073255247166,0.11544414522675395,0.13704746943877377,0.13542061802931368
59,59.0,59.0,0.1327362888008049,0.2295985591469462,0.23303039254652155,0.12294086558602689,0.1438989576731512,0.13779493624654915
60,60.0,60.0,0.13217684824136433,0.23085730040568744,0.23144531096143997,0.1221250147701761,0.1494933632675568,0.13390216235377528
61,61.0,61.0,0.13187770294221907,0.23628465083303787,0.222470951987081,0.12156945921462052,0.15445062822482178,0.13334660679821972
62,62.0,62.04,0.124809326873843,0.23591712946551652,0.22252223403836305,0.1225352711804325,0.15490361967781321,0.1393124187640317
63,63.0,63.04,0.124809326873843,0.23591712946551652,0.22252223403836305,0.1225352711804325,0.15490361967781321,0.1393124187640317
64,64.0,64.04,0.124809326873843,0.2314726850210721,0.22295234156524477,0.1225352711804325,0.15490361967781321,0.14332675568159442
65,65.0,65.12,0.1253221473866635,0.23583165938004647,0.2203882390011422,0.12279168143684276,0.15208310685730042,0.14358316593800466
66,66.0,66.16,0.12803643310094923,0.22821261176099886,0.2191025247154279,0.1198393004844618,0.1582894560636496,0.1465196738745126
67,67.0,67.2,0.1340205600850762,0.22803800858639567,0.21848347709638027,0.11510914175430306,0.15355929733349089,0.15078951514435388
68,68.0,68.24,0.1302971472971473,0.22546486846486846,0.21311011211011205,0.1186109446109446,0.15645077145077146,0.15606615606615606
69,69.0,69.24,0.13031095957182914,0.22429751408012277,0.20862225214399122,0.12180722658983528,0.15532641754380885,0.15963563007041268
70,70.0,70.24,0.13469435395522353,0.2312694310520397,0.19745009097183008,0.12174617652878521,0.1552653674827588,0.1595745800093626
71,71.0,71.24,0.13450387776474731,0.23222181200442066,0.1972596147813539,0.12155570033830902,0.15507489129228258,0.1593841038188864
72,72.0,72.24,0.13910660836747796,0.22883752962013826,0.20013546115720027,0.125025952308561,0.15021569493308626,0.15667875361353623
73,73.0,73.24,0.14489041279834117,0.22661658063448337,0.2101335513023492,0.12643156303770112,0.1408738309147516,0.1510540613123733
74,74.0,74.28,0.1436289592760181,0.22580413703943109,0.21292444157150037,0.12606356388709328,0.14090239172592114,0.15067650650003592
75,75.0,75.28,0.14291467356173237,0.2250898513251454,0.21649587014292895,0.12534927817280755,0.14018810601163542,0.1499622207857502
76,76.0,76.28,0.14291467356173237,0.2250898513251454,0.21649587014292895,0.12534927817280755,0.14018810601163542,0.1499622207857502
77,77.0,77.28,0.14291467356173237,0.22108985132514541,0.21649587014292895,0.12534927817280755,0.1441881060116354,0.1499622207857502
78,78.0,78.28,0.13585728650434534,0.21861243984773393,0.22673396538102417,0.12720520002872943,0.14111606693959633,0.1504750412985707
79,79.0,79.32,0.13188827838827838,0.2208217338217338,0.2258400488400488,0.12864163614163615,0.1408821733821734,0.15192612942612943
80,80.0,80.32,0.13117399267399268,0.22410744810744807,0.2244114774114774,0.12792735042735046,0.13616788766788768,0.1562118437118437
81,81.0,81.32,0.13472954822954825,0.22366300366300362,0.22263369963369964,0.12748290598290601,0.13572344322344324,0.15576739926739927
82,82.0,82.32,0.13339416380720728,0.2161624824450911,0.22995951632908151,0.12648726876987745,0.134766028657333,0.15923053999140957
83,83.0,83.32,0.12961350002654348,0.217129293411902,0.22415865052821574,0.12745407973668843,0.14144712533842968,0.16019735095822052
84,84.0,84.32,0.13032778574082923,0.21784357912618776,0.22503166640123162,0.12816836545097415,0.13771696660827096,0.16091163667250621
85,85.0,85.32,0.13416905558209904,0.21668484896745757,0.2258253171948824,0.127009635292244,0.1365582364495408,0.15975290651377608
86,86.0,86.32,0.13655000796305145,0.21906580134840997,0.22058722195678718,0.12939058767319636,0.13560585549715984,0.15880052556139515
87,87.0,87.32,0.13655000796305145,0.21906580134840997,0.22058722195678718,0.12939058767319636,0.13560585549715984,0.15880052556139515
88,88.0,88.32,0.1419944524074959,0.21606580134841,0.20958722195678717,0.1303905876731964,0.13089156978287414,0.17107036683123636
89,89.0,89.32,0.13983572224876573,0.2143515156341243,0.2166983330678983,0.13812074640335512,0.12917728406858842,0.16181639857726815
90,90.0,90.32,0.13855289396593742,0.2178767681593768,0.21468823205779727,0.13664599892860763,0.12825809214939649,0.16397801473888432
91,91.0,91.32,0.14128016669321017,0.21757373785634648,0.21347611084567608,0.13634296862557735,0.1279550618463662,0.16337195413282368
92,92.0,92.32,0.14056588097892445,0.2168594521420608,0.21204753941710464,0.13562868291129163,0.12724077613208049,0.16765766841853796
93,93.0,93.32,0.13723254764559115,0.2213038965865052,0.2198253171948824,0.1418985241811329,0.12152649041779479,0.15821322397409354
94,94.0,94.32,0.13697613738918088,0.22104748633009497,0.2211073684769337,0.14164211392472265,0.12127008016138452,0.15795681371768328
95,95.0,95.32,0.1371373489182478,0.22173141402916677,0.22061884869188245,0.14187660342154726,0.12138732490979683,0.1572484600293589
96,96.0,96.32,0.13658179336269227,0.2256203029180557,0.21506329313632688,0.14076549231043617,0.12527621379868573,0.15669290447380335
97,97.0,97.32,0.13033638583638585,0.21361477411477406,0.22345726495726498,0.14222527472527471,0.13420451770451772,0.15616178266178266
98,98.0,98.32,0.13566422466422468,0.20222832722832723,0.22524664224664226,0.146997557997558,0.1333736263736264,0.15648962148962148
99,99.0,99.32,0.13410866910866914,0.20922832722832724,0.21408791208791209,0.14555311355311357,0.1362625152625153,0.16075946275946276
100,100.0,100.32,0.1291894771894772,0.21424852924852922,0.20407492507492503,0.15601776001776002,0.13800999000999,0.15845931845931846
101,101.0,101.32,0.1283005883005883,0.2165313575313575,0.20550926850926846,0.15896725496725497,0.13267665667665668,0.158014874014874
102,102.0,102.32,0.1283005883005883,0.2165313575313575,0.20550926850926846,0.15896725496725497,0.13267665667665668,0.158014874014874
103,103.0,103.32,0.1283005883005883,0.2165313575313575,0.20550926850926846,0.15896725496725497,0.13267665667665668,0.158014874014874
104,104.0,104.32,0.1283005883005883,0.2165313575313575,0.20550926850926846,0.15896725496725497,0.13267665667665668,0.158014874014874
105,105.0,105.32,0.13385614385614386,0.21764246864246864,0.20606482406482404,0.1506339216339216,0.13323221223221224,0.15857042957042955
106,106.0,106.32,0.13385614385614386,0.21335675435675433,0.20606482406482404,0.1506339216339216,0.13323221223221224,0.16285614385614383
107,107.0,107.32,0.13306286220239708,0.21268750371075953,0.20558161993045712,0.15042978726699657,0.13284203135365924,0.1653961955357304
108,108.0,108.32,0.1363961955357304,0.2115763925996484,0.20502606437490153,0.149874231711441,0.13228647579810368,0.16484063998017484
109,109.0,109.32,0.1363961955357304,0.2115763925996484,0.20502606437490153,0.149874231711441,0.13228647579810368,0.16484063998017484
110,110.0,110.32,0.14296445384680678,0.2129337851690793,0.19707322742616856,0.1467926517926518,0.1340706809530339,0.16616520081225958
111,111.0,111.32,0.14934377766935905,0.21356051958377534,0.19812130247013965,0.14241391425112354,0.13473571906130044,0.1618247669643018
112,112.0,112.32,0.13953375743030916,0.21361729075522176,0.20282891820822851,0.14216429930223032,0.13452887342542516,0.16732686087858498
113,113.0,113.32,0.13953375743030916,0.21361729075522176,0.20282891820822851,0.14216429930223032,0.13452887342542516,0.16732686087858498
114,114.0,114.32,0.1381051860017377,0.21790300504093607,0.20211463249394282,0.14145001358794462,0.13381458771113944,0.16661257516429928
115,115.0,115.32,0.13972423362078534,0.2185220526599837,0.2047490057834885,0.13872040220316084,0.13154474644129815,0.1667395592912834
116,116.0,116.32,0.1393135753135753,0.2177059607059607,0.20470407370407373,0.13827317127317126,0.1311340881340881,0.16886913086913083
117,117.0,117.32,0.13401054501054502,0.22209990009990016,0.2044010434010434,0.13797014097014096,0.13083105783105783,0.1706873126873127
118,118.0,118.32,0.1331985791985792,0.2254759684759685,0.20303352203352204,0.13715817515817516,0.130019092019092,0.17111466311466308
119,119.0,119.32,0.13315261392789485,0.22583858338914517,0.2028956262214689,0.13707645912140295,0.12997312674840766,0.17106359059168041
120,120.0,120.32,0.13578997656525746,0.22188253943310124,0.19937914270498538,0.1397138217587656,0.12645664323192415,0.1767778763059662
121,121.0,121.32,0.13684003761531852,0.22348815603871786,0.20114348946933214,0.14131943836438218,0.13036384713912805,0.1668450313731212
122,122.0,122.32,0.13684003761531854,0.22293260048316227,0.20669904502488773,0.14076388280882662,0.13036384713912802,0.16240058692867682
123,123.0,123.32,0.13620511698039786,0.2240754576260194,0.20606412438996707,0.14368451772946153,0.1295384503137312,0.1604323329604228
124,124.0,124.32,0.1353241645994455,0.22552783857840034,0.20446888629472898,0.14280356534850916,0.13349083126611216,0.1583847139128038
125,125.0,125.32,0.1353241645994455,0.22552783857840034,0.20446888629472898,0.14280356534850916,0.13349083126611216,0.1583847139128038
126,126.0,126.32,0.13496052823580915,0.22443692948749125,0.20410524993109264,0.14171265625760007,0.13312719490247582,0.16165744118553108
127,127.0,127.32,0.13394321221849312,0.22281355286411464,0.2073736481994909,0.1434226129675568,0.1321098788851598,0.16033709486518474
128,128.0,128.32,0.13689415016943107,0.2250502051007669,0.19031737114321384,0.14565926520420902,0.13379097556625646,0.16828803281612267
129,129.0,129.32,0.13789415016943107,0.2220502051007669,0.18503165685749956,0.14665926520420902,0.13479097556625647,0.17357374710183698
130,130.0,130.32,0.13806081683609772,0.22255020510076687,0.18786499019083286,0.14682593187087567,0.1351243088995898,0.16957374710183695
131,131.0,131.32,0.1455211342964152,0.2212803638309256,0.1854840378098805,0.14555609060103442,0.13385446762974854,0.16830390583199567
132,132.0,132.32,0.14503174603174604,0.2216349206349206,0.1863862433862434,0.1453280423280423,0.13114285714285714,0.17047619047619045
133,133.0,133.32,0.14776334776334776,0.22132323232323226,0.1898321308321308,0.1413323713323713,0.13387445887445887,0.16587445887445884
134,134.0,134.32,0.14776334776334776,0.22132323232323226,0.1898321308321308,0.1413323713323713,0.13387445887445887,0.16587445887445884
135,135.0,135.32,0.14274603174603173,0.227015873015873,0.19281481481481477,0.1397089947089947,0.13285714285714284,0.16485714285714284
136,136.0,136.32,0.140001443001443,0.22466810966810968,0.19780759980759982,0.14307551707551705,0.13122366522366521,0.16322366522366522
137,137.0,137.32,0.13858730158730156,0.226031746031746,0.20265608465608462,0.1411058201058201,0.13030335097001763,0.16131569664902998
138,138.0,138.32,0.13783882783882784,0.22928327228327228,0.21173178673178675,0.14035734635734637,0.1295548772215439,0.15123388956722292
139,139.0,139.32,0.13761904761904764,0.22906349206349205,0.21283068783068784,0.14013756613756617,0.12933509700176368,0.1510141093474427
140,140.0,140.32,0.13712049062049061,0.23080230880230876,0.21354906204906207,0.13867604617604617,0.12934271284271284,0.1505093795093795
141,141.0,141.32,0.1363982683982684,0.23008008658008652,0.21271572871572872,0.13795382395382397,0.12862049062049064,0.15423160173160175
142,142.0,142.32,0.1363982683982684,0.23008008658008652,0.21271572871572872,0.13795382395382397,0.12862049062049064,0.15423160173160175
143,143.0,143.32,0.1368982683982684,0.23008008658008652,0.21271572871572872,0.13795382395382397,0.12812049062049063,0.15423160173160175
144,144.0,144.32,0.1368365400032067,0.22996897546897543,0.21703054353054355,0.13342913259579928,0.1280587622254289,0.1546760461760462
145,145.0,145.32,0.13639209555876225,0.23308008658008653,0.22014165464165467,0.13298468815135484,0.12761431778098445,0.1497871572871573
146,146.0,146.32,0.1359476511143178,0.23263564213564208,0.22236387686387687,0.1325402437069104,0.12716987333654,0.14934271284271283
147,147.0,147.32,0.1359476511143178,0.23263564213564208,0.22236387686387687,0.1325402437069104,0.12716987333654,0.14934271284271283
148,148.0,148.32,0.1359476511143178,0.23263564213564208,0.22236387686387687,0.1325402437069104,0.12716987333654,0.14934271284271283
149,149.0,149.32,0.13678098444765113,0.23680230880230876,0.21486387686387687,0.13337357704024372,0.12800320666987336,0.15017604617604619
150,150.0,150.32,0.13581028847695514,0.23865212565212562,0.2118968438968439,0.13240288106954776,0.1320325106991774,0.14920535020535022
151,151.0,151.32,0.13581028847695514,0.23865212565212562,0.2118968438968439,0.13240288106954776,0.1320325106991774,0.14920535020535022
152,152.0,152.32,0.13847695514362182,0.2347290487290487,0.20681992081992084,0.1350695477362144,0.13469917736584405,0.15020535020535022
153,153.0,153.32,0.138701619368286,0.2371515151515151,0.19960990860990863,0.13529421196087862,0.13936828603495272,0.14987445887445885
154,154.0,154.32,0.13770161936828604,0.2361515151515151,0.19705435305435304,0.13429421196087862,0.14236828603495272,0.15243001443001444
155,155.0,155.32,0.13487766554433223,0.24031168831168828,0.18831120731120732,0.13591470258136923,0.14362514029180695,0.15695959595959597
156,156.0,156.32,0.13503639570306236,0.2399148629148629,0.19235882635882637,0.1360734327400994,0.14949815616482284,0.14711832611832612
157,157.0,157.32,0.13459195125861792,0.239025974025974,0.19102549302549296,0.13562898829565495,0.15305371172037838,0.14667388167388168
158,158.0,158.32,0.1381633798300465,0.23116883116883113,0.1953112073112073,0.1342004168670835,0.15591085457752127,0.14524531024531026
159,159.0,159.32,0.1417609933925723,0.23155266955266948,0.19332361206045415,0.1342591326801853,0.15550846814004707,0.14359512417407153
160,160.0,160.32,0.1411010101010101,0.23031168831168825,0.19764502164502162,0.13361471861471863,0.14988455988455984,0.1474430014430014
161,161.0,161.32,0.14239138639138638,0.23206160506160503,0.20525241425241422,0.1348917748917749,0.14754523254523252,0.13785758685758684
162,162.0,162.32,0.14239138639138638,0.23206160506160503,0.20525241425241422,0.1348917748917749,0.14754523254523252,0.13785758685758684
163,163.0,163.32,0.14239138639138638,0.23206160506160503,0.20525241425241422,0.1348917748917749,0.14754523254523252,0.13785758685758684
164,164.0,164.32,0.14239138639138638,0.23206160506160503,0.20025241425241422,0.1348917748917749,0.15254523254523253,0.13785758685758684
165,165.0,165.32,0.14183583083583082,0.2359504939504939,0.1991413031413031,0.1343362193362193,0.1514341214341214,0.1373020313020313
166,166.0,166.32,0.14153983443457124,0.2348051948051948,0.19796901344269763,0.13754089769879244,0.15120650110123793,0.1369385585175059
167,167.0,167.32,0.1411010101010101,0.2339480519480519,0.20076190476190472,0.13673160173160173,0.1509235209235209,0.1365339105339105
168,168.0,168.32,0.1403867243867244,0.23323376623376613,0.1993333333333333,0.136017316017316,0.1502092352092352,0.1408196248196248
169,169.0,169.32,0.13986724386724386,0.23375324675324666,0.1993333333333333,0.136017316017316,0.1502092352092352,0.1408196248196248
170,170.0,170.32,0.1466260406260406,0.22615972915972907,0.20100277500277497,0.13720723720723718,0.15139915639915638,0.1376050616050616
171,171.0,171.32,0.1466260406260406,0.22615972915972907,0.20100277500277497,0.13720723720723718,0.15139915639915638,0.1376050616050616
172,172.0,172.32,0.15218159618159618,0.22600099900099896,0.19266944166944164,0.13776279276279277,0.1532245532245532,0.13816061716061714
173,173.0,173.32,0.15194516594516594,0.22604761904761905,0.19136075036075031,0.1372366522366522,0.1555122655122655,0.13789754689754688
174,174.0,174.32,0.15187856587856585,0.22642057942057942,0.1912475302475302,0.13715673215673213,0.1554390054390054,0.13785758685758687
175,175.0,175.32,0.15116428016428018,0.22903962703962702,0.1955332445332445,0.13644244644244644,0.15067710067710066,0.13714330114330114
176,176.0,176.32,0.14616428016428018,0.22903962703962702,0.1955332445332445,0.13644244644244644,0.15567710067710067,0.13714330114330114
177,177.0,177.32,0.14616428016428018,0.22903962703962702,0.1955332445332445,0.13644244644244644,0.15567710067710067,0.13714330114330114
178,178.0,178.32,0.14616428016428018,0.22903962703962702,0.1905332445332445,0.14144244644244644,0.15567710067710067,0.13714330114330114
179,179.0,179.32,0.14743412143412143,0.23030946830946827,0.1886284826284826,0.1427122877122877,0.15250249750249747,0.1384131424131424
180,180.0,180.32,0.1475928515928516,0.2349126429126429,0.19450149850149848,0.1423154623154623,0.15210567210567208,0.12857187257187255
181,181.0,181.32,0.1514341214341214,0.23730946830946822,0.1926284826284826,0.14071228771228772,0.15050249750249747,0.12741314241314242
182,182.0,182.32,0.14753246753246751,0.23884848484848478,0.19769841269841265,0.14166522366522366,0.1509292929292929,0.12332611832611833
183,183.0,183.32,0.14753246753246751,0.23884848484848478,0.19769841269841265,0.14166522366522366,0.1509292929292929,0.12332611832611833
184,184.0,184.32,0.15753246753246752,0.2381341991341991,0.19055555555555556,0.14095093795093797,0.1502150072150072,0.12261183261183259
185,185.0,185.32,0.1547570441254652,0.24060636439583807,0.19414361661730076,0.1398742310321258,0.1491246297562087,0.12149411407306143
186,186.0,186.32,0.1554713298397509,0.23632065011012376,0.19485790233158654,0.14058851674641148,0.14483891547049438,0.12792268550163285
187,187.0,187.32,0.15364593301435406,0.23505080884028248,0.1930325055061897,0.14376311992101468,0.14356907420065312,0.1309385585175059
188,188.0,188.32,0.15364593301435406,0.23505080884028248,0.1930325055061897,0.14376311992101468,0.14356907420065312,0.1309385585175059
189,189.0,189.32,0.14793164730006836,0.23505080884028248,0.1930325055061897,0.14947740563530038,0.14356907420065312,0.1309385585175059
190,190.0,190.32,0.14823467760309864,0.23595989974937343,0.1975779600516442,0.14644710260499735,0.1405387711703501,0.13124158882053616
191,191.0,191.32,0.14793164730006836,0.23505080884028248,0.19636583883952302,0.14614407230196705,0.1402357408673198,0.1342718918508392
192,192.0,192.32,0.15196095132937237,0.233567292356766,0.19462591209959626,0.14445909061698536,0.13926504489662384,0.13612170870065607
193,193.0,193.32,0.15196095132937237,0.233567292356766,0.19462591209959626,0.14445909061698536,0.13926504489662384,0.13612170870065607
194,194.0,194.32,0.1482967266651477,0.2259079516974254,0.19530234677603098,0.15068375484164956,0.14048970912128805,0.13931951089845826
195,195.0,195.32,0.14810625047467152,0.2253365231259968,0.19720710868079286,0.15049327865117337,0.14029923293081187,0.1385576061365535
196,196.0,196.32,0.15293958380800488,0.22483652312599678,0.1988737753474595,0.1408821675400623,0.14457701070858964,0.13789093946988681
197,197.0,197.32,0.15265386952229057,0.2308206501101238,0.19414361661730084,0.1407075643654591,0.147957963089542,0.13371633629528365
198,198.0,198.32,0.15265386952229057,0.2308206501101238,0.19414361661730084,0.1407075643654591,0.147957963089542,0.13371633629528365
199,199.0,199.32,0.15214317433512478,0.23001583727589922,0.19888693212532219,0.13983323281465693,0.14635635881146716,0.13276446463752964
200,200.0,200.32,0.15214317433512478,0.23001583727589922,0.19888693212532219,0.13983323281465693,0.14635635881146716,0.13276446463752964
201,201.0,201.32,0.15950681069876116,0.2285540768141387,0.1981062683446584,0.1387827277641519,0.14303312648823482,0.1320169898900549
202,202.0,202.32,0.1598737770657275,0.2094771929137254,0.20437396143588088,0.14362055660198073,0.14346536092046924,0.13918915106221608
203,203.0,203.32,0.1598737770657275,0.2094771929137254,0.20437396143588088,0.14362055660198073,0.14346536092046924,0.13918915106221608
204,204.0,204.32,0.1548737770657275,0.21447719291372538,0.20437396143588088,0.14669747967890384,0.14038843784354618,0.13918915106221608
205,205.0,205.32,0.15452327789169892,0.21399597478544843,0.20203394850763268,0.1459074200653148,0.14509288372446263,0.1384464950254424
206,206.0,206.32,0.15369203311308574,0.21304777094250776,0.2002670312143996,0.1450761752867016,0.15136690210374418,0.136550087339561
207,207.0,207.32,0.15297774739880005,0.21233348522822207,0.1995527455001139,0.1443618895724159,0.15493833067517276,0.13583580162527528
208,208.0,208.32,0.15686663628768893,0.2117779296726665,0.1989971899445583,0.14380633401686033,0.1532716640085061,0.13528024606971975
209,209.0,209.32,0.1511048074732285,0.21681992860940225,0.19522153869522285,0.14531723247512718,0.15386921850079743,0.1376672742462216
210,210.0,210.32,0.1510095693779904,0.21853421432368794,0.19436439583807996,0.14522199437988909,0.15367874231032125,0.13719108377003114
211,211.0,211.32,0.15545401382243487,0.21853421432368794,0.19436439583807996,0.14077754993544467,0.15367874231032125,0.13719108377003114
212,212.0,212.32,0.15812068048910152,0.21764532543479906,0.19391995139363552,0.14033310549100023,0.1532342978658768,0.1367466393255867
213,213.0,213.32,0.15821591858433962,0.21993103972051334,0.19277709425077838,0.14042834358623832,0.153424774056353,0.13522282980177716
214,214.0,214.32,0.1586921090605301,0.22040723019670383,0.19801518948887364,0.14185691501480974,0.1453295359611149,0.13569902027796765
215,215.0,215.32,0.15440639477481582,0.22112151591098952,0.19372947520315936,0.14257120072909546,0.15175810738968631,0.13641330599225338
216,216.0,216.32,0.15440639477481582,0.22112151591098952,0.19372947520315936,0.14257120072909546,0.15175810738968631,0.13641330599225338
217,217.0,217.32,0.1586921090605301,0.22040723019670383,0.19301518948887364,0.14185691501480974,0.1503295359611149,0.13569902027796765
218,218.0,218.32,0.1586921090605301,0.22040723019670383,0.19301518948887364,0.14185691501480974,0.1503295359611149,0.13569902027796765
219,219.0,219.32,0.16313655350497455,0.22040723019670383,0.19801518948887367,0.14185691501480974,0.14088509151667047,0.13569902027796765
220,220.0,220.32,0.16313655350497455,0.22040723019670383,0.19801518948887367,0.14185691501480974,0.14088509151667047,0.13569902027796765
221,221.0,221.32,0.16180322017164123,0.2199627857522594,0.19757074504442923,0.1414124705703653,0.14399620262778157,0.1352545758335232
222,222.0,222.32,0.16180322017164123,0.2199627857522594,0.19757074504442923,0.1414124705703653,0.14399620262778157,0.1352545758335232
223,223.0,223.32,0.1491841725525936,0.22123262702210067,0.20511042758411174,0.14268231184020658,0.14526604389762285,0.13652441710336446
224,224.0,224.32,0.1491841725525936,0.22123262702210067,0.20511042758411174,0.14268231184020658,0.14526604389762285,0.13652441710336446
225,225.0,225.32,0.1491841725525936,0.22123262702210067,0.20511042758411174,0.14268231184020658,0.14526604389762285,0.13652441710336446
226,226.0,226.32,0.14985083921926026,0.22189929368876737,0.2044437609174451,0.14068231184020658,0.1459327105642895,0.13719108377003114
227,227.0,227.32,0.14985083921926026,0.22189929368876737,0.2044437609174451,0.14068231184020658,0.1459327105642895,0.13719108377003114
228,228.0,228.32,0.15885083921926024,0.22189929368876737,0.19544376091744511,0.14068231184020658,0.1459327105642895,0.13719108377003114
229,229.0,229.32,0.15885083921926024,0.22189929368876737,0.19544376091744511,0.14068231184020658,0.1459327105642895,0.13719108377003114
230,230.0,230.32,0.15885083921926024,0.22189929368876737,0.19544376091744511,0.14068231184020658,0.1459327105642895,0.13719108377003114
231,231.0,231.32,0.15885083921926024,0.22189929368876737,0.18972947520315933,0.14068231184020658,0.1459327105642895,0.14290536948431687
232,232.0,232.32,0.15685083921926027,0.22289929368876732,0.19072947520315936,0.14168231184020658,0.1439327105642895,0.14390536948431684
233,233.0,233.32,0.15685083921926027,0.22289929368876732,0.19072947520315936,0.14168231184020658,0.1439327105642895,0.14390536948431684
234,234.0,234.32,0.15685083921926027,0.22289929368876732,0.19072947520315936,0.14168231184020658,0.1439327105642895,0.14390536948431684
235,235.0,235.32,0.15685083921926027,0.22289929368876732,0.19072947520315936,0.14168231184020658,0.1439327105642895,0.14390536948431684
236,236.0,236.32,0.152565124933546,0.22361357940305301,0.18644376091744508,0.148110883268778,0.1446469962785752,0.14461965519860256
237,237.0,237.32,0.152565124933546,0.22361357940305301,0.18644376091744508,0.148110883268778,0.1446469962785752,0.14461965519860256
238,238.0,238.32,0.1539936963621174,0.23647072226019586,0.1878723323460165,0.14953945469734944,0.14107556770714663,0.131048226627174
239,239.0,239.32,0.152565124933546,0.233613579403053,0.18572947520315933,0.148110883268778,0.1446469962785752,0.13533394091288828
240,240.0,240.32,0.152565124933546,0.233613579403053,0.18572947520315933,0.148110883268778,0.1446469962785752,0.13533394091288828
241,241.0,241.32,0.15200956937799043,0.23250246829194193,0.18906280853649268,0.14755532771322244,0.14409144072301966,0.13477838535733272
242,242.0,242.32,0.15543814080656182,0.22921675400622765,0.1827770942507784,0.14526961342750816,0.1508057264373054,0.13649267107161844
243,243.0,243.32,0.15543814080656182,0.22921675400622765,0.1827770942507784,0.14526961342750816,0.1508057264373054,0.13649267107161844
244,244.0,244.32,0.15543814080656182,0.22921675400622765,0.1827770942507784,0.14526961342750816,0.1508057264373054,0.13649267107161844
245,245.0,245.32,0.14972385509227615,0.23493103972051332,0.1827770942507784,0.14526961342750816,0.1508057264373054,0.13649267107161844
246,246.0,246.32,0.15615242652084757,0.2306453254347991,0.1834913799650641,0.14598389914179385,0.14652001215159108,0.13720695678590414
247,247.0,247.32,0.15472385509227615,0.22993103972051332,0.1827770942507784,0.15098389914179386,0.14580572643730538,0.13577838535733272
248,248.0,248.32,0.15472385509227615,0.22993103972051332,0.1827770942507784,0.15098389914179386,0.14580572643730538,0.13577838535733272
249,249.0,249.32,0.15472385509227615,0.22993103972051332,0.1827770942507784,0.15098389914179386,0.14580572643730538,0.13577838535733272
250,250.0,250.32,0.15472385509227615,0.22993103972051332,0.1827770942507784,0.15098389914179386,0.14580572643730538,0.13577838535733272
251,251.0,251.32,0.15543814080656182,0.2206453254347991,0.1892056656793498,0.15169818485607958,0.14652001215159108,0.13649267107161844
252,252.0,252.32,0.1567079820764031,0.21175643654591025,0.1873009037745879,0.15296802612592086,0.15350413913571806,0.1377625123414597
253,253.0,253.32,0.1617079820764031,0.21104215083162448,0.1915866180603022,0.1465394546973494,0.15207556770714664,0.13704822662717397
254,254.0,254.32,0.15813655350497452,0.21247072226019592,0.19301518948887358,0.1593965975544923,0.14350413913571805,0.1334767980557454
255,255.0,255.32,0.15813655350497452,0.21247072226019592,0.19301518948887358,0.1593965975544923,0.14350413913571805,0.1334767980557454
256,256.0,256.32,0.15813655350497452,0.22389929368876732,0.1873009037745879,0.15368231184020653,0.14350413913571805,0.1334767980557454
257,257.0,257.32,0.1559936963621174,0.2203278651173388,0.18515804663173083,0.1508251689830637,0.15136128199286092,0.13633394091288828
258,258.0,258.32,0.1559936963621174,0.2203278651173388,0.18515804663173083,0.1508251689830637,0.15136128199286092,0.13633394091288828
259,259.0,259.32,0.15543814080656182,0.22366119845067206,0.18460249107617524,0.15026961342750816,0.1502501708817498,0.13577838535733272
260,260.0,260.32,0.15499369636211738,0.22232786511733874,0.1841580466317308,0.14982516898306372,0.14936128199286092,0.13933394091288825
261,261.0,261.32,0.15463005999848103,0.2212369560264297,0.18379441026809443,0.14446153261942732,0.14863400926558817,0.14724303182197918
262,262.0,262.32,0.15463005999848103,0.2212369560264297,0.18379441026809443,0.14446153261942732,0.14863400926558817,0.14724303182197918
263,263.0,263.32,0.15463005999848103,0.2212369560264297,0.18379441026809443,0.14446153261942732,0.14863400926558817,0.14724303182197918
264,264.0,264.32,0.15463005999848103,0.2219512417407154,0.1887944102680944,0.14374724690514162,0.14363400926558817,0.14724303182197918
265,265.0,265.32,0.15407450444292548,0.22568140047087415,0.18768329915698334,0.14319169134958606,0.14379273942431833,0.1455763651553125
266,266.0,266.32,0.15336021872863978,0.22496711475658845,0.1869690134426976,0.14247740563530037,0.14736416799574692,0.1448620794410268
267,267.0,267.32,0.15336021872863978,0.22496711475658845,0.1869690134426976,0.14247740563530037,0.14736416799574692,0.1448620794410268
268,268.0,268.32,0.15336021872863978,0.22496711475658845,0.1869690134426976,0.14247740563530037,0.14736416799574692,0.1448620794410268
269,269.0,269.32,0.15836021872863978,0.21996711475658845,0.1869690134426976,0.14747740563530037,0.14236416799574692,0.1448620794410268
270,270.0,270.32,0.16224910761752867,0.2188560036454773,0.1864134578871421,0.14636629452418926,0.14180861244019138,0.14430652388547127
271,271.0,271.32,0.15653482190324294,0.2188560036454773,0.1921277436014278,0.14636629452418926,0.14180861244019138,0.14430652388547127
272,272.0,272.32,0.1598681552365763,0.21830044808992174,0.19101663249031667,0.1458107389686337,0.1412530568846358,0.1437509683299157
273,273.0,273.32,0.1598681552365763,0.21830044808992174,0.19101663249031667,0.1458107389686337,0.1412530568846358,0.1437509683299157
274,274.0,274.32,0.1598681552365763,0.21830044808992174,0.19101663249031667,0.1458107389686337,0.1362530568846358,0.1487509683299157
275,275.0,275.32,0.1593125996810207,0.21774489253436616,0.19490552137920555,0.14469962785752258,0.13569750132908026,0.1476398572188046
276,276.0,276.32,0.15429672666514768,0.21501473380420744,0.19973091820460237,0.14552502468291942,0.13696734259892154,0.1484652540442014
277,277.0,277.32,0.15694896331738437,0.21393681172628537,0.20211764259132675,0.14408346624136098,0.13588942052099945,0.14702369560264297
278,278.0,278.32,0.15694896331738437,0.21393681172628537,0.20211764259132675,0.14408346624136098,0.13588942052099945,0.14702369560264297
279,279.0,279.32,0.15694896331738437,0.21393681172628537,0.20211764259132675,0.14408346624136098,0.13588942052099945,0.14702369560264297
280,280.0,280.32,0.15694896331738437,0.21393681172628537,0.20211764259132675,0.14408346624136098,0.13588942052099945,0.14702369560264297
281,281.0,281.32,0.15694896331738437,0.21393681172628537,0.20211764259132675,0.14408346624136098,0.13588942052099945,0.14702369560264297
282,282.0,282.32,0.15466324903167006,0.2116510974405711,0.20154621401989817,0.14579775195564668,0.13760370623528517,0.1487379813169287
283,283.0,283.32,0.15752039188881292,0.2080796688691425,0.1929747854484696,0.15436918052707524,0.140460849092428,0.14659512417407153
284,284.0,284.32,0.16006007442849543,0.20490506569453934,0.19424462671831086,0.15119457735247205,0.14173069036226926,0.1478649654439128
285,285.0,285.32,0.15934578871420974,0.20419077998025362,0.19281605528973944,0.15048029163818635,0.14101640464798357,0.1521506797296271
286,286.0,286.32,0.16323467760309865,0.2030796688691425,0.19170494417862835,0.1499247360826308,0.140460849092428,0.15159512417407153
287,287.0,287.32,0.16234578871420977,0.20219077998025362,0.19081605528973944,0.14948029163818635,0.14001640464798357,0.1551506797296271
288,288.0,288.32,0.16234578871420977,0.20219077998025362,0.19081605528973944,0.14948029163818635,0.14001640464798357,0.1551506797296271
289,289.0,289.32,0.16234578871420977,0.20219077998025362,0.19081605528973944,0.14948029163818635,0.14001640464798357,0.1551506797296271
290,290.0,290.32,0.16234578871420977,0.20219077998025362,0.19081605528973944,0.14948029163818635,0.14001640464798357,0.1551506797296271
291,291.0,291.32,0.16234578871420977,0.20219077998025362,0.19081605528973944,0.14948029163818635,0.14001640464798357,0.1551506797296271
292,292.0,292.32,0.1644237107921318,0.19699597478544845,0.19289397736766156,0.15155821371610842,0.14417224880382773,0.1499558745348219
293,293.0,293.32,0.1637094250778461,0.19628168907116275,0.1921796916533758,0.15584392800182273,0.14274367737525628,0.1492415888205362
294,294.0,294.32,0.1637094250778461,0.19628168907116275,0.1921796916533758,0.15584392800182273,0.14274367737525628,0.1492415888205362
295,295.0,295.32,0.1637094250778461,0.19628168907116275,0.1921796916533758,0.15584392800182273,0.14274367737525628,0.1492415888205362
296,296.0,296.32,0.16759831396673502,0.1957261335156072,0.19162413609782028,0.1547328168907116,0.1416325662641452,0.14868603326498064
297,297.0,297.32,0.16331259968102071,0.1964404192298929,0.18733842181210597,0.15544710260499733,0.14806113769271662,0.14940031897926637
