,Unnamed: 0,Total_iterations,Intertwine_two,Add_vertex,Delete_vertex,Invert_path_vertices,Insert_inside_vertex,Delete_inside_vertex
0,0.0,0.0,0.16666666666666657,0.16666666666666657,0.16666666666666657,0.16666666666666657,0.16666666666666657,0.16666666666666657
1,1.0,0.10900000000000001,0.166355238095238,0.16697809523809515,0.16697809523809515,0.166355238095238,0.166355238095238,0.16697809523809515
2,2.0,0.31601,0.16562092380952373,0.16785526666666659,0.16789448235294108,0.16562092380952373,0.1661923523809523,0.16681605098039207
3,3.0,0.6191589000000001,0.16440847033348738,0.16854541007951912,0.16891587176581171,0.16440847033348738,0.16641862906364613,0.16730314842404787
4,4.0,1.015801321,0.16286221279221139,0.16943043780110026,0.17062848008623435,0.16286221279221139,0.16686300009379873,0.16735365643444355
5,5.0,1.50262148669,0.16118575607239438,0.17012248731379753,0.1727079641021543,0.16118575607239438,0.16713968851683886,0.16765834792242026
6,6.0,2.0757334209441005,0.1594001545003585,0.17080774546718186,0.17621668267370386,0.15997158307178705,0.16580952110607278,0.1677943131808957
7,7.0,2.7307768275633495,0.15729344063362607,0.17154311196762612,0.18089353870255392,0.15850979141156102,0.16414535113596498,0.16761476614866766
8,8.0,3.4630081252450404,0.15505291730687232,0.17291159933578487,0.18569202928133316,0.1569025982121057,0.16229570146433248,0.1671451543995713
9,9.0,4.2673862119061114,0.15264246593746214,0.1739700201350146,0.19049867271592746,0.15568013936886244,0.16079714036756784,0.16641156147516542
10,10.0,5.138652627782014,0.150267469557641,0.17490308252850162,0.1954717301435523,0.15446616603464242,0.15927954459915192,0.1656120071365107
11,11.0,6.071405875792507,0.1476949580290736,0.17638938855828215,0.20145355974935852,0.15244736621728236,0.1575068189807594,0.16450790846524396
12,12.0,7.060169740244025,0.14521167782319006,0.17826430635598461,0.20682711681312071,0.15047996611882541,0.15633490216627033,0.16288203072260896
13,13.0,8.099455520847952,0.1428465544827967,0.18022213032874454,0.2108439374628501,0.14903596008582615,0.15521416260216936,0.16183725503761326
14,14.0,9.183818168183006,0.14150872514205004,0.1819067376510746,0.2138798445937701,0.1480191948038148,0.1540479915463603,0.16063750626293022
15,15.0,10.307906369102724,0.1402120132975675,0.18400876264495322,0.2180930466769287,0.14648441543781437,0.1517684668744451,0.1594332950682913
16,16.0,11.466506686239443,0.13932241717531033,0.185569411547255,0.22261415838674659,0.14477575531686782,0.1492740049090392,0.1584442526647813
17,17.0,12.654581904800096,0.1382847734009308,0.18655922125012042,0.22837367114995322,0.1429024221624123,0.1466464263945281,0.15723348564205547
18,18.0,13.867303782456686,0.13772032378344554,0.18732517555626238,0.23315589287932076,0.14109951559924222,0.14466391905956777,0.15603517312216167
19,19.0,15.100080434523047,0.13664171218925583,0.1888599408650278,0.2375115774089883,0.139723422754057,0.14250621202737757,0.15475713475529387
20,20.0,16.348578617037543,0.13546680559120694,0.1922517283077684,0.24080524017271607,0.1378893427218914,0.14021203866328588,0.15337484454313166
21,21.0,17.608741195130214,0.13455148787736554,0.19526121412803554,0.24445242453670354,0.1359907012521313,0.13786873856512746,0.151875433640637
22,22.0,18.876800103462312,0.13400104901854495,0.19806070501404527,0.24711935067532903,0.13424854085883375,0.13564470180733498,0.15092565262591243
23,23.0,20.14928511992658,0.13351246644579226,0.20144737915453684,0.24926345573582312,0.1325964421200925,0.13353204950525682,0.1496482070384989
24,24.0,21.423028783545156,0.13326142448321235,0.20446090256490823,0.25119256490237807,0.13121890398482347,0.13127330941888204,0.14859289464579634
25,25.0,22.695167792966423,0.1333425775698279,0.2076388311596051,0.2528362582259003,0.12976399048093812,0.12896458656060641,0.14745375600312266
26,26.0,23.963141223515898,0.13345137521735623,0.21151653356545208,0.25354640634182407,0.12869125129782436,0.12707521508937292,0.14571921848817085
27,27.0,25.224685898775267,0.13355685664264416,0.21336292910451465,0.2549379844854287,0.12717694805420524,0.12617350411471412,0.14479177759849363
28,28.0,26.477829247520948,0.13357687008223426,0.2151804622858584,0.2561765529201292,0.1259537135219008,0.12528192691894133,0.14383047427093654
29,29.0,27.720879968916847,0.13333866957312085,0.21669000225133916,0.2580228343424502,0.12465482915438902,0.12458153632057847,0.14271212835812283
30,30.0,28.95241681848399,0.1328580245000053,0.217804726874058,0.26045657008425155,0.12374707829813877,0.12368461271178506,0.1414489875317619
31,31.0,30.17127581490958,0.1323975296657368,0.21826973507839376,0.26295130719975346,0.12313013346985997,0.1227034235355109,0.1405478710507457
32,32.0,31.376536153543515,0.1319469117469101,0.21833595892475188,0.2656531227225555,0.12259322026717502,0.12176706194112152,0.13970372439748663
33,33.0,32.567505096778625,0.131207023008503,0.21863261350046548,0.26775546947787837,0.1222754828813296,0.1210683408543044,0.13906107027751982
34,34.0,33.74370209472243,0.1301579314749041,0.21838348378837558,0.27014041961023944,0.12199272318077942,0.1207069361129275,0.13861850583277466
35,35.0,34.90484237192463,0.12942425769200394,0.21785121975539845,0.27266379998159146,0.12161020477036902,0.11988413628409282,0.138566381516545
36,36.0,36.05082019768737,0.12862159571236076,0.21714367658817174,0.27412483546262345,0.12130819446165428,0.11991350190402751,0.1388881958711629
37,37.0,37.18169203889697,0.12741442086999516,0.21662358505992005,0.2747506607880678,0.12098176699765822,0.12084232052945304,0.13938724575490632
38,38.0,38.29765977559663,0.12620560584995275,0.21591138693601444,0.27537518207687217,0.12063061438253497,0.12206810193030934,0.139809108824317
39,39.0,39.399054140870355,0.12516157494248112,0.2149679896374096,0.27576107875768596,0.12048370654350109,0.12356056825298697,0.1400650818659359
40,40.0,40.48631852820801,0.12420755533736653,0.2142176378332343,0.27575971223768675,0.12042087553145538,0.12501926252757384,0.14037495653268378
41,41.0,41.55999329152982,0.12323785551162725,0.2137039132517619,0.2752662710185762,0.12032624135229669,0.12684404308006236,0.14062167578567614
42,42.0,42.62070064560415,0.12204485728111489,0.21255358251484766,0.27475812260159493,0.12088490024471746,0.1287685166076131,0.14099002075011255
43,43.0,43.669130257815,0.121121131578326,0.2111676731040748,0.2734894431324201,0.12167410292933949,0.13128724925906032,0.14126039999677986
44,44.0,44.70602560622662,0.1205157953060535,0.2095065340066435,0.27256258461038874,0.12235746623147675,0.13363798696645807,0.14141963287898
45,45.0,45.73217116373481,0.11984087206824823,0.20795504400117365,0.271965679107876,0.12294938386523506,0.13581290055013356,0.14147612040733407
46,46.0,46.748380453854836,0.11936729923107096,0.20655316433393503,0.27096745795371263,0.12367758338561688,0.1377513730701721,0.14168312202549288
47,47.0,47.755485010424316,0.11924752630067949,0.20640923792706206,0.2696683068748773,0.12363344787104931,0.13936725875733186,0.14167422226900037
48,48.0,48.7543242612326,0.1194827067910349,0.20585967905935723,0.2684653585486738,0.12401635159187238,0.141083104324476,0.14109279968458602
49,49.0,49.745736344347726,0.12064248431001814,0.20609733077552295,0.26612688392369954,0.12439241881315392,0.14235632152197447,0.14038456065563126
50,50.0,50.730549855707864,0.12179141323555688,0.20693248177455464,0.2634545476955455,0.12471207999930065,0.14346968497553458,0.13963979231950807
51,51.0,51.70957651737491,0.12293878610743715,0.20775958473072947,0.2609671173954692,0.12499747611166152,0.14444774339471148,0.1388892922599915
52,52.0,52.68360474770151,0.1241780911071123,0.2091759797235777,0.2579405960032829,0.12535398600129782,0.14550222760673265,0.13784911955799692
53,53.0,53.65339410751842,0.1253401839742481,0.210985763076693,0.25586043989340146,0.1248344863051388,0.14627756535280861,0.1367015613977103
54,54.0,54.61967059027847,0.12654672054898267,0.21355200317102252,0.2543728140986932,0.12375621742317,0.14639563507379028,0.1353766096843415
55,55.0,55.58312271885972,0.12701075597437367,0.2159986444567541,0.25339670625895244,0.12261109148804461,0.14661896267295707,0.13436383914891825
56,56.0,56.544398407394254,0.12738641105561258,0.21838983263854245,0.25164829031464436,0.12184021804740214,0.14700041901212876,0.13373482893166982
57,57.0,57.504102543001395,0.12755294310047804,0.22107022145798433,0.2502252615886492,0.1209663780886982,0.14710397638751288,0.13308121937667744
58,58.0,58.462795239617805,0.12761155071541475,0.22348657119386506,0.24922097076022862,0.12013781972079993,0.14676317291764854,0.1327799146920432
59,59.0,59.42099071417639,0.1283309166187159,0.2251320373542401,0.2466251726319775,0.12009485248067832,0.1470444415834196,0.13277257933096864
60,60.0,60.379156734137354,0.12896645559756376,0.22678349624237878,0.24399449835718878,0.12000305701403728,0.14782556910295142,0.13242692368587997
61,61.0,61.337714584760846,0.12954063007505032,0.22885328232607177,0.24060396373848555,0.11988610511606616,0.1490409883079026,0.13207503043642355
62,62.0,62.30103950447439,0.1293739202266223,0.23075365134971298,0.2373762806692668,0.11989426314545891,0.15023426113682703,0.13236762347211192
63,63.0,63.26542153717183,0.1291782354295093,0.23251561825214812,0.2343228254406609,0.11992801545226212,0.15135490026826887,0.13270040515715067
64,64.0,64.23111115122781,0.1289584300265509,0.23369095913202897,0.2314997205735808,0.11998446508566672,0.15239896268066194,0.13346746250151062
65,65.0,65.20632069236592,0.12877039618364336,0.2351624806187096,0.22861704214671505,0.12008641884231953,0.15308161413973598,0.13428204806887645
66,66.0,66.18714607246656,0.1288381118084853,0.2357316369824308,0.22581177210250875,0.1199099917540142,0.15430665030071317,0.13540183705184777
67,67.0,67.17361745383246,0.1294894517821804,0.23615122714010522,0.2231580318269475,0.11927748458882802,0.15497599503020612,0.13694780963173273
68,68.0,68.16570552252345,0.12974862756274208,0.2361904120843224,0.22018558353300985,0.11901672499747934,0.1558533857215107,0.1390052661009356
69,69.0,69.15932772912011,0.12998875219005984,0.23600168765944876,0.21699083935762492,0.11909761175928926,0.15653657581028116,0.14138453322329608
70,70.0,70.15439443776589,0.13064642586680292,0.23641198563846091,0.21291466761042607,0.11919140098711864,0.15713324030140485,0.14370227959578666
71,71.0,71.15081053116944,0.1312597638377083,0.23682506636894574,0.2090724196525135,0.11928231142853413,0.15763251199618208,0.14592792671611635
72,72.0,72.14847690992094,0.13230448221106658,0.2368123782443086,0.20578385307926525,0.11973388991193101,0.15757036067852298,0.14779503587490572
73,73.0,73.1472918816981,0.13389113045173948,0.23649911554732794,0.20376746825863604,0.12033379224386852,0.15650669143334195,0.14900180206508618
74,74.0,74.15115243748053,0.13530296133957878,0.23603710941141173,0.202295471777422,0.12089788213548983,0.15539591658861004,0.15007065874748773
75,75.0,75.15591541330994,0.13658544054656999,0.23544754559393874,0.201434107499413,0.12138579128403647,0.15417985540829587,0.15096725966774602
76,76.0,76.1614429374233,0.1378029641630137,0.2348133612155251,0.2008094972756401,0.12186454438661616,0.15294548285204657,0.15176415010715852
77,77.0,77.16760327975109,0.13894985251180025,0.23374536017604905,0.20040421180291734,0.12233026951679979,0.15210697378301805,0.1524633322094157
78,78.0,78.1742715550486,0.13931596153046874,0.2324098630042704,0.20122418098467648,0.12296520440611733,0.15096592303597464,0.15311886703849253
79,79.0,79.18533028726587,0.13921397208540245,0.23129087071550425,0.20212785943812567,0.12372268937401991,0.1498170894469295,0.15382751894001837
80,80.0,80.19662984338875,0.138977496076443,0.23050765771524842,0.20303543479739203,0.12438218674137982,0.14822236148471277,0.15487486318482416
81,81.0,81.20803314546545,0.13904218818991051,0.22969431947449576,0.20388823526909483,0.12496674156441902,0.146622117136105,0.15578639836597513
82,82.0,82.21941578587983,0.13892374625019357,0.22815194977791217,0.2055757920068116,0.1254184388280363,0.14497716902662036,0.15695290411042626
83,83.0,83.23066600439397,0.1383837863019521,0.22674060347433983,0.2067583437338928,0.12593233576139137,0.144062713992501,0.1581222167359232
84,84.0,84.24168454101276,0.13788154805720926,0.22544570727192892,0.2080839449435107,0.12648148901259246,0.14284053270223698,0.15926677801252198
85,85.0,85.25238437855954,0.13773812299790386,0.22408840639242866,0.2095258283261091,0.12687672268718425,0.14157346086418668,0.16019745873218771
86,86.0,86.26269038856606,0.1378114450084662,0.22303089526472397,0.21046270873532588,0.1274718573584627,0.14028770587055686,0.1609353877624647
87,87.0,87.27253889368626,0.13786482044751816,0.22203948431062662,0.2114071462358356,0.12802666586576064,0.13908370787255606,0.16157817526770324
88,88.0,88.28187715935758,0.1384441546622647,0.22081747762231685,0.21124894074350384,0.12863963274040316,0.1374939025791728,0.163355891652339
89,89.0,89.2906628268682,0.13878518541711587,0.21949872626867042,0.21180104972364922,0.1299818283499252,0.1358256259157363,0.1641075843249033
90,90.0,90.29886329935906,0.13897433563651562,0.2186129031965684,0.21214591053821244,0.1311237188315546,0.13416577430825277,0.16497735748889647
91,91.0,91.30645509160725,0.13941308368999686,0.21777799805100162,0.21236049636530308,0.13217634003568857,0.132582528009626,0.16568955384838416
92,92.0,92.31342315371455,0.13975519919673357,0.21695311224661643,0.21242192261163123,0.13309393683387943,0.13103990310780075,0.1667359260033389
93,93.0,93.31976017807398,0.13973787663728515,0.2166542228660686,0.21325124017915909,0.13457210554000948,0.12904212085497224,0.1667424339225057
94,94.0,94.32546589821672,0.13967159201822363,0.21640607813513896,0.21419157188829654,0.13595008053629673,0.1271433194974138,0.16663735792463066
95,95.0,95.33054638736301,0.13960110246768453,0.216297554729159,0.2150581764139015,0.13727062731652198,0.12538739035709215,0.16638514871564122
96,96.0,96.33501336372106,0.13945746878114942,0.21664311114566598,0.21533817165417019,0.13839406806866383,0.12415594236521858,0.16601123798513234
97,97.0,97.33888350880609,0.1386749009564526,0.215843330957918,0.2164268157673274,0.1395748572294931,0.12395167227745026,0.165528422811359
98,98.0,98.34217780429455,0.13841998864580868,0.21396259853186872,0.217655837690006,0.14114129997642555,0.1237872685196403,0.1650330066362511
99,99.0,99.34492089219123,0.13800745437085774,0.2128525966353889,0.21772199245011006,0.14246521658443165,0.1240240576050401,0.16492868235417182
100,100.0,100.34714046237632,0.13710526647886084,0.21231937243650667,0.21674389222928303,0.14473408514778863,0.12453429983322213,0.164563083874339
101,101.0,101.34886667091914,0.13612525059428088,0.21208704505391573,0.21588034670242948,0.1471838530984591,0.12459494140702031,0.16412856314389476
102,102.0,102.35013159189849,0.135164989675222,0.21192239353435832,0.21499944494632967,0.1495064782727505,0.12473033597613503,0.16367635759520474
103,103.0,103.35096870486092,0.13423211083432265,0.21182029680672665,0.21411173160146924,0.15169144869655776,0.12493165429534349,0.16321275776558045
104,104.0,104.35141241947849,0.1333332046521759,0.2117755203591044,0.21322676496017284,0.1537306801406913,0.12519029080644423,0.16274353908141148
105,105.0,105.35149763843953,0.13302941848028352,0.21189389103907805,0.2124086755740526,0.1547850208553438,0.12555348288069257,0.1623295111705496
106,106.0,106.35125935912006,0.13276427817933897,0.21162933899851682,0.2116089566114521,0.15569241650631682,0.12595714304103128,0.16234786666334414
107,107.0,107.35073231414134,0.13245724239988224,0.2113415912509946,0.21078544780620867,0.15643807420677608,0.12635416978939262,0.16262347454674592
108,108.0,108.34995065051908,0.13252029972972967,0.21098496629171112,0.20993669604717652,0.15699352771223607,0.12672081692300496,0.1628436932961418
109,109.0,109.34894764675386,0.13261581028465239,0.21066991809143537,0.20912371314732484,0.1574222429071421,0.12710645593200706,0.16306185963743838
110,110.0,110.34775546689761,0.13339639946770124,0.21053117871321242,0.20755576835486078,0.1574244484787216,0.12768375175426294,0.16340845323124117
111,111.0,111.34640495035802,0.13483254265849148,0.21049301277884003,0.20614460013675331,0.15688224177212964,0.12833369109710757,0.1633139115566781
112,112.0,112.3449254359688,0.1352891818564064,0.21049501562309889,0.20526507733759936,0.1562246109660975,0.12896197222172215,0.16376414199507588
113,113.0,113.34334461865882,0.13574260289026885,0.21052804093425306,0.20444914522706706,0.1554921401240299,0.1295830942459123,0.16420497657846897
114,114.0,114.34168843689325,0.1360457362232883,0.21101722764107295,0.20362717548597103,0.15462820938652247,0.13012013328805,0.16456151797509536
115,115.0,115.3399809889353,0.1365010554826951,0.21158825821311428,0.20313571461801894,0.15344592862630163,0.13041342884322069,0.16491561421664955
116,116.0,116.3382444758838,0.13690200876682107,0.21208991447701786,0.20270503954057525,0.15218989758487253,0.1306476421881341,0.1654654974425794
117,117.0,117.33649916937861,0.13675667935769897,0.21303695951621443,0.2023071192822079,0.15088999935416628,0.13083299562771267,0.16617624686199997
118,118.0,118.33476340183014,0.136517224964821,0.21431753629493505,0.2018331781541135,0.14950969578149384,0.13091859776417025,0.16690376704046664
119,119.0,119.33305357701823,0.13626393302649994,0.2156179012089116,0.2014048449964173,0.14813573575617822,0.13098204810246286,0.16759553690953033
120,120.0,120.33138419891733,0.1362685933547612,0.21649483205768844,0.2006826046150929,0.1470523152307827,0.1306774158417373,0.16882423889993775
121,121.0,121.32976791663735,0.13637300758730742,0.21749850855590339,0.20019598832923452,0.14616441348376819,0.13075175947170659,0.1690163225720802
122,122.0,122.328215583419,0.13647165069687914,0.21840615832356944,0.20032306423891855,0.14526129660470574,0.13081478961535314,0.16872304052057438
123,123.0,123.32673632768828,0.13650062130118598,0.21938259325035053,0.20043770030200178,0.14469558076765424,0.13078446763733312,0.16819903674147477
124,124.0,124.32533763425376,0.13643564456375903,0.2204535514234483,0.20043761319013254,0.1440882306458307,0.13113995577911716,0.1674450043977127
125,125.0,125.32402543382014,0.13636605070043165,0.2214681566507858,0.2004778475204962,0.1435287688832163,0.13148340386159274,0.16667577238347778
126,126.0,126.32280419909169,0.1362566337260635,0.22231280726557479,0.20051760516920217,0.1429089103524254,0.13177621777350232,0.1662278257132323
127,127.0,127.32167704584516,0.13604346579249804,0.22293189637876637,0.20091610332749626,0.14251007080476097,0.13195152846377908,0.16564693523269972
128,128.0,128.32064583746484,0.13612570591164286,0.22371155836915751,0.19963369941305317,0.14238390585715616,0.13227900125735162,0.16586612919163904
129,129.0,129.3197112915479,0.13630740646145106,0.22412664062782564,0.1978578011787846,0.14240311099778236,0.13268884651465598,0.16661619421950072
130,130.0,130.31887308730717,0.13650347106002492,0.22452945030535637,0.19641456465806334,0.14247962383307688,0.13311206187007923,0.16696082827339956
131,131.0,131.31812997261744,0.13744153440253384,0.22474520243610402,0.19479206080664668,0.14246496433823583,0.13338609403327115,0.16717014398320879
132,132.0,132.31747986967054,0.13831764858326379,0.22494018664812457,0.19332894766804035,0.14245987722820766,0.1333662456674195,0.16758709420494441
133,133.0,133.3169199783216,0.13944645249356574,0.22505145094764223,0.19228730754506537,0.14208441338061353,0.13359930842606757,0.1675310672070458
134,134.0,134.31644687632433,0.1405455449655353,0.22511430663096402,0.19132527966725857,0.14173897549729642,0.13381181641333473,0.16746407682561118
135,135.0,135.31605661576356,0.14110517461655445,0.22570223007214038,0.19074279148714957,0.1412616776983241,0.1339019684247548,0.1672861577010769
136,136.0,136.31574481510123,0.14135079099930759,0.2260097212638601,0.19073855085760663,0.14115323508600794,0.13380930921600898,0.16693839257720894
137,137.0,137.31550674635412,0.1414169381223926,0.22640941085681396,0.19129027326536638,0.14087788985784883,0.13360802806284955,0.1663974598347288
138,138.0,138.31533741701818,0.14137332679297085,0.22709050746737441,0.19280805175382756,0.14055751108013792,0.1333189808792304,0.16485162202645903
139,139.0,139.31523164644565,0.1412767535849718,0.22770344404305976,0.19447317985311235,0.14024519051099218,0.13299921935541822,0.16330221265244582
140,140.0,140.31518413646592,0.14110340493825774,0.22844256911526256,0.19622720764408183,0.13981687375887478,0.1326755543445457,0.1617343901989776
141,141.0,141.3151895361195,0.14083533979081517,0.22905915685489334,0.19789571786667082,0.1393477581839186,0.13227870519751986,0.16058332210618242
142,142.0,142.31524250044654,0.1405497104441914,0.22962429511781293,0.19954557717549148,0.13891161482415706,0.1318849588194263,0.15948384361892096
143,143.0,143.31533774333639,0.14030112961177077,0.23013747746906332,0.20116215206883248,0.13850950789166835,0.13144794239715274,0.15844179056151245
144,144.0,144.3154700845039,0.14003720541095102,0.2305876565651878,0.2031640867207898,0.13768958567724762,0.13101518025983375,0.15750628536599012
145,145.0,145.31563449070964,0.13972322253169137,0.23129774205184883,0.20541560358676006,0.13686460670901004,0.13055168571145817,0.15614713940923172
146,146.0,146.3158261113877,0.13936288222618393,0.2319101979906817,0.20781145149890445,0.13603888200757525,0.13006072249417097,0.15481586378248394
147,147.0,147.31604030888408,0.1390044236401086,0.23246866277708086,0.21011323887348413,0.13526074339327726,0.12958994710703617,0.15356298420901324
148,148.0,148.31627268354197,0.13865124318738287,0.23297295087842573,0.21230735389050975,0.1345332136435454,0.1291420485209099,0.1523931898792266
149,149.0,149.31651909389865,0.1383896781925324,0.23384010374887496,0.2136326226355665,0.1339418405027537,0.1288025513748859,0.15139320354538682
150,150.0,150.31677567228067,0.13804111316264855,0.2348351450677953,0.2145409737516974,0.13330685244434648,0.12889194089934455,0.15038397467416803
151,151.0,151.3170388361017,0.13770509638889616,0.2357688520606669,0.21533204845766662,0.132726323478032,0.12900379716935567,0.14946388244538295
152,152.0,152.3173052951796,0.13765039988006628,0.23624571339785821,0.21550197133973842,0.1324672796509308,0.12940142161433058,0.14873321411707602
153,153.0,153.3175720553979,0.13763190499722136,0.23690196859688897,0.21484708020740365,0.13228262930985898,0.13027917203923398,0.1480572448493934
154,154.0,154.31783641904042,0.13752595674637158,0.2373950937415629,0.21384975091677186,0.13204655982940453,0.13146003856160424,0.14772260020428524
155,155.0,155.31809598212828,0.13714996456443054,0.23824248790188626,0.21190988600226446,0.13201862288035932,0.1327575863321564,0.14792145231890336
156,156.0,156.31834862908607,0.13680472162635562,0.2389861521105928,0.21033278269705913,0.13204831343910176,0.1346213564525514,0.1472066736743396
157,157.0,157.3185925250572,0.13643187527841083,0.23957584811758248,0.20860031682565866,0.13207084169053548,0.1368030731135852,0.14651804497422763
158,158.0,158.31882610618064,0.13643505718220544,0.2393153614972428,0.20729392073196803,0.1319838414400199,0.13921483878029783,0.14575698036826626
159,159.0,159.31904806812992,0.1368149654783516,0.23903784207403683,0.20579957758836356,0.13193357855013665,0.14151214939456402,0.1449018869145476
160,160.0,160.319257353203,0.13714034489486912,0.23858912474383964,0.2047620500622972,0.13184715608399555,0.1431573013093097,0.14450402290568903
161,161.0,161.31945313623675,0.13760183065083392,0.23827749645733234,0.20451784426540395,0.13191475711748143,0.14447127788440056,0.14321679362454798
162,162.0,162.31963480960474,0.13806506338860777,0.2379348720855185,0.20430540474807013,0.13200536822536166,0.14568459634859066,0.14200469520385145
163,163.0,163.3198019675399,0.138525236082632,0.23756777748064692,0.20412367927751315,0.132115782289118,0.1467951893283282,0.1408723355417619
164,164.0,164.31995439000613,0.13897805301034138,0.23718233061207206,0.20347141370376087,0.13224291487252526,0.148302223442261,0.13982306435903955
165,165.0,165.32009202632568,0.1393641660235347,0.2371731100637389,0.20274107358175922,0.13232826724222876,0.1495898731247191,0.13880350996401936
166,166.0,166.32021497875002,0.1397067847434057,0.2370380554945767,0.20193054079769265,0.13274563173215911,0.1507444382887371,0.13783454894342875
167,167.0,167.32032348614442,0.13998958965484515,0.23680846348972262,0.20144073515040348,0.13308828283604368,0.15175986954670662,0.13691305932227846
168,168.0,168.32041790793792,0.1401837997081737,0.23650179799850865,0.20085026462110112,0.13336167344706681,0.15259396562121874,0.13650849860393094
169,169.0,169.3204987084727,0.14030866995100688,0.23624506679071672,0.2003036718318513,0.13363428142269013,0.1533208047841598,0.13618750521957512
170,170.0,170.32056644186932,0.14109251858459876,0.2352297387439775,0.19996897910348543,0.13402245106568947,0.15406283645404967,0.13562347604819905
171,171.0,171.32062173750757,0.14185331757524589,0.23422524340606976,0.1996780936069491,0.13440365160580436,0.1547040281564016,0.13513566564952922
172,172.0,172.3206652862069,0.14314131945289182,0.23322466944361636,0.19859621014069131,0.13483032350347765,0.15543059165348558,0.13477688580583724
173,173.0,173.3206978271742,0.14436728088641718,0.23225657817764414,0.19743237820547765,0.13519103885136272,0.15629120964534302,0.13446151423375524
174,174.0,174.32072013577306,0.1455397650205175,0.23136050248426493,0.1963128911740161,0.13552814679032016,0.15705065038935795,0.13420804414152335
175,175.0,175.3207330121543,0.14658696017835968,0.23076653989149154,0.19568327066500726,0.13577640121761742,0.1572418401332774,0.13394498791424672
176,176.0,176.32073727077588,0.14707520902027685,0.23021470442947684,0.19511511194558168,0.1360064906544332,0.15784826350824316,0.1337402204419883
177,177.0,177.32073373082756,0.14750552368944234,0.22970630173976508,0.19460795042397527,0.13621793070544758,0.1583723329174009,0.13358996052396885
178,178.0,178.32072320756575,0.14787939445643963,0.22924207257202314,0.1936607579956222,0.13691047190873049,0.15881704306323988,0.13349026000394468
179,179.0,179.3207065045545,0.14832571113079976,0.22894922599271558,0.19258653348500449,0.1377060628640064,0.15886842245317323,0.1335640440743006
180,180.0,180.32068440679882,0.1487343532566301,0.22915958395482378,0.19216745250418488,0.138432474432555,0.15881132211492394,0.13269481373688236
181,181.0,181.32065767475072,0.14947484313736661,0.22964611924998185,0.19162631849411882,0.13896475726276034,0.1585325578500896,0.13175540400568284
182,182.0,182.32062703915992,0.1497707114228316,0.23031453616012065,0.191656312533396,0.139556580709734,0.15824404895094232,0.13045781022297545
183,183.0,183.3205931967366,0.15001461044084646,0.23100145086612922,0.19174372817039562,0.1401103082415652,0.1579112433814933,0.12921865889957024
184,184.0,184.32055680658826,0.15120929812797604,0.2316267158699319,0.19116766337468974,0.14055278360302131,0.15747047029303857,0.12797306873134245
185,185.0,185.32051848738885,0.15207020639973737,0.2325017457321609,0.19100189008653762,0.14084732227992977,0.15689218213676917,0.12668665336486523
186,186.0,186.3204788152355,0.1529433207930084,0.23294174736623235,0.19095553996393694,0.1411741047480979,0.15586547584374966,0.12611981128497485
187,187.0,187.32043832214515,0.15357186415488008,0.23324455373735142,0.1907703087947331,0.1417798134068927,0.15470419044931544,0.1259292694568274
188,188.0,188.32039749514234,0.15413829386915934,0.2335351420223879,0.19062622270956425,0.1423447842649492,0.15354768243183803,0.12580787470210145
189,189.0,189.3203567758884,0.15407172843203404,0.2338118281470997,0.1905206080608785,0.14343886996518931,0.15240703913379652,0.12574992626100215
190,190.0,190.32031656080102,0.15398072175760463,0.2341641445571812,0.19090521930605991,0.14418090214907622,0.1509890502131974,0.12577996201688085
191,191.0,191.32027720161435,0.15381105227877007,0.23440827778726742,0.19119688471296692,0.14484109008883062,0.14957805436392668,0.12616464076823855
192,192.0,192.32023900633018,0.15400248610096237,0.2344860713565235,0.19133708044645611,0.14527979088824275,0.1481176653675474,0.12677690584026816
193,193.0,193.32020224051112,0.15415436119321954,0.2345468977788564,0.19149614492312778,0.1456664146050011,0.14671478906609678,0.12742139243369868
194,194.0,194.3201671288689,0.15390269221119005,0.23382591143880105,0.19173824409154042,0.14662476913266986,0.14550016937556293,0.12840821375023595
195,195.0,195.32013385710218,0.15360108285285548,0.23304070127819462,0.1921822505604329,0.14750883044561394,0.14433785943249208,0.12932927543041126
196,196.0,196.3201025739411,0.15375801943990586,0.23220697035212687,0.1927987716303064,0.1473732189982081,0.14367917199648933,0.13018384758296375
197,197.0,197.32007339335675,0.15386250658336076,0.23198132074481725,0.1929413747573482,0.14716879786350104,0.14343342692930305,0.13061257312166993
198,198.0,198.32004639689725,0.15394445864185946,0.2317666293918917,0.19308173999028536,0.14692020650728427,0.1432575017304378,0.13102946373824162
199,199.0,199.32002163611475,0.15395424008459602,0.23148346609801854,0.1936930190170011,0.14654691471019074,0.14298601323724264,0.13133634685295115
200,200.0,200.31999913504936,0.15394493272556423,0.23121394284531152,0.19429510927212845,0.1461438152738512,0.14277537704910923,0.1316268228340355
201,201.0,201.31997889273998,0.15465490215489486,0.230813214816005,0.19480484235220868,0.14561286945150317,0.14228929106508953,0.13182488016029895
202,202.0,202.31996088573416,0.1553790903634277,0.22852227981956916,0.1959233856933276,0.1455504996782993,0.1419024754769267,0.13272226896844969
203,203.0,203.31994507057155,0.15607580661813028,0.22626998745371846,0.19701458045776016,0.14547506745165265,0.14156997030201557,0.13359458771672303
204,204.0,204.31993138621954,0.15624083095183855,0.2245749963790529,0.19807024955553065,0.14569632564686627,0.1409819772430878,0.13443562022362396
205,205.0,205.31991975644053,0.15634063239591203,0.22290040456437293,0.19884938756950282,0.14582646360152,0.14091729268414904,0.13516581918454335
206,206.0,206.31991009207502,0.1563291556726747,0.22120940724907764,0.19940576566213575,0.14586127284748496,0.14152823432943543,0.13566616423919164
207,207.0,207.31990229322528,0.15622102682473665,0.2195344647308176,0.19984369002959945,0.14581332162181704,0.14253361134507914,0.13605388544795025
208,208.0,208.31989625132826,0.15648016695622194,0.2178994511138021,0.20017935695946637,0.14570009564266634,0.14339583118579272,0.13634509814205067
209,209.0,209.31989185110768,0.15614107488642734,0.21687092353775034,0.20009207040126398,0.14573034449099936,0.14433034281989124,0.13683524386366794
210,210.0,210.31988897239808,0.15577600553995638,0.21611616734144884,0.1998790928961071,0.14574391352481653,0.14524774442834132,0.13723707626932996
211,211.0,211.31988749183546,0.1558442232109573,0.21546106723459987,0.19963226617088567,0.14530646201935826,0.1461577158547662,0.1375982655094328
212,212.0,212.31988728441073,0.15616838368763958,0.2148133197204378,0.19931299897041388,0.14482302209916226,0.1470074559586597,0.13787481956368688
213,213.0,213.31988822488435,0.15648917489419206,0.21448723844340697,0.19885744229993577,0.14435255081442802,0.14785353809028362,0.1379600554577536
214,214.0,214.31989018906182,0.1568427734646098,0.21429582235446937,0.1989104473398234,0.14403274172874245,0.14786120055888205,0.13805701455347297
215,215.0,215.3198930549309,0.15675093410537358,0.2142560905242764,0.19852062786864136,0.14379458385591468,0.1484856372775001,0.1381921263682939
216,216.0,216.31989670366374,0.1566448332887554,0.21428898613096986,0.1981218788179227,0.14356800793910152,0.14908035502537823,0.13829593879787233
217,217.0,217.31990102048667,0.15695552959723105,0.2143154889033656,0.19764765206469972,0.14328269297044102,0.14949952137925446,0.13829911508500814
218,218.0,218.31990589542244,0.1572525220694921,0.21440025881145516,0.1971745233610408,0.14301165171909025,0.14988507124356168,0.13827597279535997
219,219.0,219.31991122391042,0.1579786556088819,0.21453662144258825,0.1972071141890261,0.14275616722583176,0.14929206632416925,0.1382293752095027
220,220.0,220.31991690731053,0.15868375477329366,0.2147180538981492,0.19724452668721132,0.1425172386597889,0.14867429214864109,0.1381621338329158
221,221.0,221.3199228532975,0.15922953867524772,0.21489379042669515,0.1972414601191502,0.14225115526945611,0.14835151449545717,0.1380325410139937
222,222.0,222.3199289761528,0.1597464810019703,0.21510264325564213,0.19724199305714796,0.14200329337116568,0.14801746148891487,0.13788812782515908
223,223.0,223.319935196961,0.15897039172581257,0.21546619635364472,0.19799972847518704,0.1419012935616804,0.1478035853213996,0.1378588045622757
224,224.0,224.31994144371885,0.1581740491855384,0.2158510584485316,0.19875279734251147,0.14181730391592892,0.14758572135639808,0.13781906975109154
225,225.0,225.3199476513637,0.15736744213296222,0.21625125001966553,0.19949413562551946,0.14175036331399538,0.14736644701330898,0.13777036189454853
226,226.0,226.31995376173043,0.15662632975650662,0.21672790287037705,0.2001508363331459,0.1414994362575173,0.14721476274003858,0.13778073204241462
227,227.0,227.31995972344316,0.15589157371232412,0.2172086043442013,0.20078479621585268,0.1412654306625139,0.14706542637233772,0.13778416869277027
228,228.0,228.3199654917502,0.15606988592762924,0.2176881425640888,0.2004919497573047,0.14104899443878777,0.14691969648332648,0.13778133082886299
229,229.0,229.31997102830906,0.1562581764543202,0.21816183847323437,0.20017790605621294,0.14085053501144842,0.14677866972402598,0.1377728742807581
230,230.0,230.31997630092891,0.15645356455599144,0.2186255393436207,0.19984792527384265,0.14067023929513062,0.14664328604905819,0.13775944548235644
231,231.0,231.31998128327749,0.15665338659412825,0.21907560767041986,0.19893547235471687,0.14050809387589536,0.1465143349867395,0.13831310451810028
232,232.0,232.31998595455843,0.15665520095470267,0.2196089060247226,0.19812220475598807,0.14046390517822674,0.14619246278642817,0.13895732029993188
233,233.0,233.3199902991657,0.15665879026186524,0.2201217784202355,0.19731633662160386,0.1404363194169448,0.14588018028392657,0.13958659499542417
234,234.0,234.3199943063206,0.1566639411278855,0.22061113872888244,0.19652518668647365,0.14042395215602366,0.14557965133447878,0.14019612996625616
235,235.0,235.3199979696968,0.1566704458882175,0.22107444455626352,0.1957551946300233,0.14042540521803645,0.1452927058722739,0.14078180383518554
236,236.0,236.32000128703842,0.15624953267725528,0.2215810968636601,0.19458337315637794,0.1410821391829268,0.14509228357463816,0.14141157454514192
237,237.0,237.3200042597755,0.1558338667099522,0.22205740876571095,0.19344733770770778,0.14174348719218663,0.14490745063380542,0.14201044899063725
238,238.0,238.32000689264106,0.1555699370644725,0.22378736546964442,0.19249772717885916,0.14254523150414355,0.14438135358636078,0.14121838519651983
239,239.0,239.32000919329369,0.1551737808336601,0.22518544578537578,0.19138253804028124,0.1431938864739797,0.14423195124201132,0.14083239762469213
240,240.0,240.32001117194812,0.1547911536669278,0.22652799940571078,0.19032233718718988,0.14382684591478023,0.14410163958246244,0.14043002424292916
241,241.0,241.32001284101764,0.15436897337397934,0.22769604235287458,0.1896555611329007,0.1443837942294851,0.14393425710027402,0.13996137181048654
242,242.0,242.32001421477003,0.154308274213223,0.22846677383614125,0.18842096372950493,0.14468819161898544,0.14445661327396045,0.1396591833281852
243,243.0,243.32001530899947,0.15426494363447565,0.22916793197278212,0.18725338737166147,0.14496796348762098,0.1449902249619117,0.13935554857154833
244,244.0,244.32001614071595,0.1542376780853239,0.22979946251609337,0.18615780571839352,0.14522277466879183,0.14552863049582174,0.13905364851557586
245,245.0,245.32001672785364,0.15365371514687115,0.2309334414914034,0.1851379751157762,0.14545257311943274,0.14606596643575562,0.13875632869076107
246,246.0,246.32001708899904,0.15373170704457487,0.23156542712290212,0.18426794733619925,0.14572899069951892,0.1461683949531402,0.13853753284366488
247,247.0,247.32001724313992,0.1536832498044138,0.23205358460294134,0.18340572808944006,0.1464803156060192,0.14619266821934226,0.13818445367784357
248,248.0,248.32001720943526,0.15365004434114746,0.23247170088615238,0.18262344442897016,0.14720154385722722,0.14621064474110373,0.1378426217453993
249,249.0,249.32001700700675,0.15363089753171902,0.23282259892938592,0.18192092563276532,0.1478884728361601,0.14622277442765108,0.13751433064231877
250,250.0,250.32001665475104,0.153624594978839,0.2331094915762074,0.1812972204023611,0.14853766318025605,0.1462295206656402,0.13720150919669644
251,251.0,251.3200161711734,0.15370134385380996,0.23240733901121835,0.1813935415763386,0.14921782542098633,0.14630278290897566,0.13697716722867126
252,252.0,252.32001557424175,0.15391476993779543,0.2307688926780751,0.18136787568347232,0.14998175915897863,0.14706930391881645,0.1368973986228622
253,253.0,253.32001488126087,0.15463478553476845,0.22903273784549597,0.18183267808937525,0.15005630504998402,0.14768066403698502,0.13676282944339146
254,254.0,254.32001410876546,0.15499638868031762,0.22743314976889317,0.1824913967972543,0.1513739421340768,0.1474176943228955,0.13628742829656276
255,255.0,255.32001327243194,0.15535323315955848,0.2258438962248637,0.18318948156126164,0.15264004206396445,0.14714188602834316,0.13583146096200877
256,256.0,256.3200123870074,0.1557022263943294,0.22542269343844762,0.18334458635671577,0.15327566898434003,0.14685728109431978,0.13539754373184754
257,257.0,257.3200114662553,0.155826377862444,0.22467123407603348,0.18330945813251748,0.15356608535552244,0.14735331951982703,0.13527352505365567
258,258.0,258.3200105229159,0.15593978736874387,0.2239514869602738,0.1832963286157312,0.15380005092586202,0.14783983372751386,0.1351725124018753
259,259.0,259.3200095686812,0.1559868394587919,0.2236008116709941,0.18324757367522798,0.1539253155641841,0.14820179988597437,0.13503765974482757
260,260.0,260.32000861418317,0.1559792549088684,0.22315247444510583,0.1831727989583401,0.15395705227286277,0.14845916424965772,0.1352792551651652
261,261.0,261.3200076689931,0.1559262095921061,0.2226316339394378,0.1830789905535113,0.15340793284141196,0.1486270860816775,0.13632814699185541
262,262.0,262.32000674163214,0.15586550731108376,0.2221489307052065,0.18300171718631117,0.15282426135088636,0.1487782849623344,0.13738129848417785
263,263.0,263.320005839591,0.15579852078503761,0.22170537804761054,0.1829400980866489,0.15221532972209875,0.14891292119795815,0.13842775216064604
264,264.0,264.320004969358,0.15572654830373053,0.22137292500699093,0.18339318401876734,0.1515183247137346,0.14853130469069584,0.13945771326608075
265,265.0,265.3200041364547,0.15559525263194612,0.22145251631078644,0.18374386250905606,0.1507577538725654,0.14815474989578167,0.1402958647798643
266,266.0,266.32000334547723,0.1553904504740214,0.2214950087543747,0.18402743894536663,0.14992615091885475,0.14812937333278717,0.14103157757459542
267,267.0,267.32000260014274,0.1551858262144353,0.22156797301362627,0.18431207348301945,0.1491032208076796,0.1480988823727217,0.14173202410851773
268,268.0,268.32000190334026,0.15498340830594987,0.2216676322643823,0.18459481396650376,0.1482963255558982,0.14806409336489304,0.1423937265423729
269,269.0,269.32000125718463,0.15528500029253986,0.22129032041498478,0.18487302239640158,0.14801193063008894,0.14752578400415578,0.1430139422618291
270,270.0,270.3200006630727,0.15597607415372075,0.22082639658283193,0.18508881433821703,0.14763951883580162,0.1469341338638526,0.14353506222557608
271,271.0,271.3200001217412,0.15608934239199307,0.22038916120452082,0.18586770209276876,0.1472916159778269,0.14635039352334311,0.14401178480954735
272,272.0,272.3199996333255,0.156529071934884,0.21992476223289484,0.1865201903758408,0.1469136946355577,0.14572405385049753,0.14438822697032516
