,Unnamed: 0,Total_iterations,Intertwine_two,Invert_path_vertices,Insert_inside_vertex,Delete_inside_vertex,Replace_inside_vertex,Donate_between_routes,Trim_one_terminal_cb,Grow_one_terminal_cb
0,0.0,0.0,0.125,0.125,0.125,0.125,0.125,0.125,0.125,0.125
1,1.0,0.10900000000000001,0.12464675925925925,0.12464675925925925,0.12464675925925925,0.12666527777777778,0.12464675925925925,0.12464675925925925,0.12545416666666667,0.12464675925925925
2,2.0,0.31601,0.12384373863636364,0.12384373863636364,0.12384373863636364,0.1288439238215488,0.12417707196969696,0.12384373863636364,0.12678388005050506,0.1248201696127946
3,3.0,0.6191589000000001,0.1226631382449495,0.12303350861531986,0.12303350861531986,0.13122510440656565,0.12329616854797978,0.1226631382449495,0.1289556284132997,0.12512980491161615
4,4.0,1.015801321,0.12124080152706229,0.1223482089344697,0.12197783856409933,0.1338648384479377,0.12242005708261784,0.12124080152706229,0.1313630698981061,0.1255443840186448
5,5.0,1.50262148669,0.1195225186866956,0.12135625942743634,0.1205833800964925,0.1367751688206855,0.121400498116753,0.1195225186866956,0.1348459591620476,0.12599369700319393
6,6.0,2.0757334209441005,0.11752883175116885,0.12030096538753249,0.118903979289998,0.1404854002863149,0.12040114705662863,0.11752883175116885,0.1387406358761879,0.1261102086010005
7,7.0,2.7307768275633495,0.1152450881041589,0.11896686600109602,0.11695863678528197,0.14385088371832475,0.1194734140987739,0.11561426373139905,0.14365776799415914,0.12623307956680646
8,8.0,3.4630081252450404,0.11267577280638941,0.11728993285898212,0.11471378406580279,0.14738367467202682,0.11777573165480444,0.11341005100359829,0.15099787782392518,0.12575317511447115
9,9.0,4.2673862119061114,0.11013252410941726,0.11526329320692548,0.11220143083595706,0.15129306090703037,0.11574347819029343,0.11125018379550256,0.1588929280403417,0.1252231009145324
10,10.0,5.138652627782014,0.10766478104174565,0.11294505992031675,0.10949365362428282,0.1560427212857875,0.11348813628714308,0.10887404937444545,0.1668384228575282,0.12465317560875085
11,11.0,6.071405875792507,0.10513246977421466,0.11054414356234021,0.10672895615325734,0.16062523769512352,0.1111219419565049,0.1064416466308386,0.17552494687908457,0.12388065734863651
12,12.0,7.060169740244025,0.1026751501230007,0.10794358073020684,0.10342106617965005,0.16524384112743484,0.10855246033445792,0.1040117158538978,0.18485593010066817,0.12329625555068405
13,13.0,8.099455520847952,0.10013029297396618,0.10526402114747138,0.10008254060919906,0.16999183426518386,0.10568483192077142,0.10150444631150128,0.19486647202355398,0.12247556074835322
14,14.0,9.183818168183006,0.09754992286068997,0.10254453434123423,0.09673916928894466,0.17462268096187786,0.10276583123798465,0.09876556716755368,0.2052042653899781,0.12180802875173725
15,15.0,10.307906369102724,0.094972301534201,0.09959836722744553,0.09344466673338767,0.1792505374534438,0.0998590273304072,0.09547211631915947,0.2163550228322612,0.12104796056969451
16,16.0,11.466506686239443,0.09218254831830866,0.09640339997585405,0.09047274387937199,0.1842541499484554,0.0969717645022478,0.09222445524932232,0.22730377080679,0.12018716731965019
17,17.0,12.654581904800096,0.08916726387794892,0.09316014879778925,0.0875051468009152,0.18930737637511547,0.09405478725007158,0.08896553563728568,0.23822425831746918,0.11961548294340514
18,18.0,13.867303782456686,0.08623908576411961,0.08992507318294143,0.08464435562837255,0.19428385204124515,0.09121266837294945,0.08576527223347939,0.24872411668450428,0.11920557609238852
19,19.0,15.100080434523047,0.08333698398389194,0.0867133225810277,0.08180765688546784,0.19896469220320312,0.08838474208073321,0.08260080960535662,0.2594281646680065,0.11876362799231344
20,20.0,16.348578617037543,0.08048197725474215,0.08353097231149287,0.07903209716618396,0.20328076961858565,0.08558021880892779,0.07949481763466437,0.2702373689783723,0.11836177822703127
21,21.0,17.608741195130214,0.07789163108224237,0.08057509749694367,0.07631082088651786,0.20753823457672232,0.08278767044512911,0.0764440118965327,0.28071566517960184,0.11773686843631045
22,22.0,18.876800103462312,0.0753744749952259,0.07819619910023914,0.07347532988870303,0.2119114508436587,0.07975758546032824,0.07352035273573898,0.2904088380315448,0.1173557689445614
23,23.0,20.14928511992658,0.07278478366916943,0.07597199854868938,0.07080348212934681,0.21631952696161377,0.07686745347664126,0.07076491552244352,0.29983635006028175,0.1166514896318142
24,24.0,21.423028783545156,0.07026401948631825,0.07373388592468103,0.06850939825273214,0.22028075400641955,0.0738173563357382,0.06805886559123135,0.3093753852391062,0.11596033516377348
25,25.0,22.695167792966423,0.06784872958182382,0.07159919044466823,0.06650600442257668,0.22422691213317322,0.07087927481464432,0.06564331449660736,0.3177804027875655,0.11551617131894107
26,26.0,23.963141223515898,0.06548002687272746,0.06949667820618961,0.0645072275638226,0.22814146181041456,0.06800611061963666,0.063290875311691,0.32591701942855633,0.11516060018696189
27,27.0,25.224685898775267,0.06318739075441215,0.06745460709530837,0.06258503048168218,0.23208611296199572,0.065224061241395,0.06144435274033292,0.33351733141303447,0.11450111331183935
28,28.0,26.477829247520948,0.06103344400596618,0.0653203293019767,0.060790343738362174,0.23626729324886106,0.06259192376179339,0.059745297050247725,0.3398796026406115,0.11437176625218141
29,29.0,27.720879968916847,0.05898430680880252,0.06311619125662177,0.05891935250086888,0.24013423177200272,0.060079383907889534,0.05796942007614276,0.34598651907300015,0.11481059460467179
30,30.0,28.95241681848399,0.05709120003630037,0.06106154991939153,0.057119231064828246,0.24379210335264534,0.05773982707655674,0.05631109699925787,0.35156404376104766,0.11532094778997244
31,31.0,30.17127581490958,0.05524621371718334,0.05886801967784448,0.055201583978405,0.24677173684879228,0.055469230089885704,0.05469924689871213,0.35748574954628703,0.11625821924289018
32,32.0,31.376536153543515,0.053486086824103184,0.05673834181153419,0.05335528164332377,0.24964749501258113,0.05370127406593744,0.05316082616315164,0.36254511142820095,0.11736558305116786
33,33.0,32.567505096778625,0.05176711696149022,0.05463552589061907,0.05154532839239788,0.2522678313351535,0.051970783988676286,0.05164167883215717,0.36763892610905596,0.11853280849045002
34,34.0,33.74370209472243,0.05012315704352636,0.052653490491099963,0.04983824881560823,0.2550752604332246,0.05040539059352929,0.05035519356576555,0.37201759200070017,0.11953166705654594
35,35.0,34.90484237192463,0.048548929590735146,0.050751279072020594,0.04819241866721871,0.2577609243760197,0.04892449088299637,0.04911703216865229,0.37597741603129187,0.12072750921106531
36,36.0,36.05082019768737,0.047088890551498966,0.048959745254026514,0.046875959675520315,0.26005660130720476,0.04755412272341786,0.04809397301894856,0.37961878959457107,0.12175191787481193
37,37.0,37.18169203889697,0.04572746751193087,0.04726737947766213,0.04560178478032166,0.26189597276190585,0.04627889866377539,0.047035039232529996,0.382826440799851,0.12336701677202301
38,38.0,38.29765977559663,0.04443968622494349,0.04570372140893438,0.04439366874534828,0.26341860921084814,0.04496961022631989,0.04602028128334196,0.3859619808389773,0.12509244206128647
39,39.0,39.399054140870355,0.04321629332044297,0.044209185713492916,0.04323000221571552,0.2647504365155488,0.04372284256372314,0.04504026088034451,0.38883602793555944,0.1269949508551726
40,40.0,40.48631852820801,0.04210827229561948,0.04283753104524428,0.04216677305781125,0.26532647110064345,0.04258670539178149,0.04415050199878088,0.3918151135381641,0.12900863157195494
41,41.0,41.55999329152982,0.04108343187992085,0.04182466573329783,0.041144325278532394,0.2658100504032654,0.04157774488460135,0.043318882086725685,0.39455369581593636,0.13068720391772007
42,42.0,42.62070064560415,0.040139206592316776,0.04107483105952965,0.04019035172856039,0.2661024032415672,0.04076705941397739,0.04241969636147533,0.39691070701949777,0.1323957445830754
43,43.0,43.669130257815,0.03929667539248988,0.040440189568987844,0.03933043015023969,0.26627605173134933,0.04005968609082181,0.04160175622105319,0.39895534163229557,0.1340398692127626
44,44.0,44.70602560622662,0.03846878887097128,0.03983228295548043,0.03850741927120944,0.2661306276677185,0.0395812173278256,0.040815062986825384,0.40084200643347384,0.13582259448649542
45,45.0,45.73217116373481,0.03773008004359649,0.03930454448109399,0.0377672437401895,0.2656959589806124,0.039185109734138156,0.04009774652016122,0.4026478334752482,0.13757148302496
46,46.0,46.748380453854836,0.037066691805240304,0.03867563845140588,0.03726322606684254,0.26501966111331804,0.03884772021164925,0.03943748184527869,0.404355574264107,0.13933400624215825
47,47.0,47.755485010424316,0.036446249089944135,0.03837209658306184,0.036940525925270355,0.26404211171839315,0.03864911451979912,0.03876558279167511,0.40589071011722977,0.1408936092546265
48,48.0,48.7543242612326,0.035934802086918516,0.03816647243555404,0.03660584925962744,0.26279533212774975,0.03872414966155708,0.038244921164152235,0.40698914665521013,0.14253932660923074
49,49.0,49.745736344347726,0.035501034308945086,0.03802318563328254,0.036341476802997645,0.2616097941524462,0.03891176613601989,0.03778855049032113,0.4077123569347064,0.14411183554128107
50,50.0,50.730549855707864,0.03512852801341042,0.037931035060318814,0.03614590737703102,0.2605922610472127,0.038981645333949495,0.03738140787907123,0.4082088529096578,0.1456303623793485
51,51.0,51.70957651737491,0.03493484000475899,0.03789062542476895,0.036000840929320585,0.2593171717143695,0.03888406356243303,0.0370153632225751,0.40878376904545893,0.14717332609631487
52,52.0,52.68360474770151,0.03476442372553989,0.03785071474184509,0.035871089851544434,0.25789436446589925,0.03878125352841075,0.0366556459416094,0.40938625664351325,0.14879625110163794
53,53.0,53.65339410751842,0.03462738625854284,0.037988926345300385,0.035774432727299486,0.25671551500852696,0.03867636277711047,0.03632364954520392,0.40975343457558416,0.15014029276243177
54,54.0,54.61967059027847,0.0345276591960993,0.038150561270646095,0.03570078352277263,0.2555576662374935,0.03858408957314624,0.0360176941909279,0.41017711913427346,0.15128442687464094
55,55.0,55.58312271885972,0.03451877548297981,0.038387756148547225,0.03579270390928401,0.2544839105656228,0.038562388917160184,0.03583087491539447,0.40986579910006254,0.15255779096094899
56,56.0,56.544398407394254,0.0346915620063198,0.038647494954562364,0.03574808745950523,0.25364890470776175,0.0383922433396601,0.035667814367975614,0.40959086705114667,0.1536130261130685
57,57.0,57.504102543001395,0.034863938126070665,0.038882273946155795,0.03569034990604216,0.25274930975601867,0.03819922722386123,0.03550304646101209,0.4092403444603595,0.15487151012047995
58,58.0,58.462795239617805,0.03509053402647622,0.03920265923106915,0.03565787193867053,0.251391395775589,0.03802590547504578,0.035373207534385616,0.4091800634033001,0.15607836261546365
59,59.0,59.42099071417639,0.03533730180343454,0.03938049583473669,0.03564530691732329,0.24992004756817282,0.03787532028349295,0.03527899003396616,0.40922460501858166,0.15733793254029194
60,60.0,60.379156734137354,0.03560048616814553,0.03955810722391703,0.035492016048489596,0.24875543988083815,0.03766363358518357,0.03521878616641866,0.4094192463304202,0.15829228459658726
61,61.0,61.337714584760846,0.035808017568214966,0.03954085910367332,0.03532921131534066,0.24769537563015898,0.037441650587308396,0.03515868717911808,0.40982797928390025,0.1591982193322853
62,62.0,62.29703950447439,0.03612214465861754,0.039627031154458314,0.03528668492746756,0.24698792781879092,0.037341327032124325,0.03515848720833438,0.4092137840901415,0.1602626131100655
63,63.0,63.257461537171835,0.03641510204081772,0.0396820461051974,0.03523416186406982,0.24634614359057452,0.03720286824659244,0.035156303254928294,0.4086187895050427,0.16134458539277713
64,64.0,64.21926675122782,0.03702921089300905,0.03982224256304443,0.03527959317050426,0.2455246110416253,0.037169610389607914,0.035256180734577175,0.4076386150082043,0.16227993619942765
65,65.0,65.18269877636592,0.03760262673628104,0.03972930537246832,0.035317822042121444,0.2447175650220308,0.03713218538801048,0.03535283014036374,0.4066510644083786,0.16349660089034562
66,66.0,66.14796061122655,0.03815557834878617,0.0396243976892297,0.0353567069087684,0.24384464133853648,0.03702138530151393,0.03544931017297304,0.4062758750046896,0.1642721052355027
67,67.0,67.11521665648885,0.03865769914807645,0.03950214572827513,0.035591047021084704,0.24262993028530097,0.03699008595121844,0.03553587943636108,0.40601314419343104,0.16508006823625213
68,68.0,68.08459493066005,0.03905438660085919,0.03933460596440172,0.03578060125585313,0.24151172968609597,0.036887814656200044,0.03558163862467726,0.40575443319391075,0.1660947900180019
69,69.0,69.05618942810752,0.039453244323645144,0.03902820903642756,0.03598540991727395,0.2399972555081935,0.0368318499283877,0.035643960838541884,0.4058662672457136,0.16719380320181662
70,70.0,70.03006258152917,0.039808067513744154,0.03881859002614884,0.03617069213280936,0.23870157171952738,0.03677095589250538,0.03569078726052828,0.4059284917184879,0.1681108437362488
71,71.0,71.00624779379335,0.040092466368251645,0.038574994396068596,0.036314858256175815,0.23737249306232944,0.036519663680889776,0.0356988543312639,0.40626701626239003,0.16915965364263086
72,72.0,71.98475200689319,0.04031413876876189,0.03824508659294258,0.03621461563071,0.2361248309316841,0.0366208824616799,0.035883728856684276,0.4066777433001939,0.16991897345734344
73,73.0,72.96555827861411,0.040485472340959776,0.03789892825596533,0.036086545616602586,0.23494210718170103,0.03670722804583177,0.036041749690085695,0.40716428837413116,0.17067368049472278
74,74.0,73.94862834037681,0.04061891195815686,0.03755057993647899,0.03594375982646922,0.23371652369562496,0.036788477114147726,0.03603521503388555,0.40788138144884845,0.17146515098638837
75,75.0,74.93390511255946,0.040810592577198865,0.03719185400464145,0.03577630998682414,0.232565777077204,0.03685677474337158,0.036000575755760184,0.408482699807556,0.17231541604744388
76,76.0,75.92131515639825,0.04080188818417679,0.036717143724422745,0.0355930373188468,0.23145671410162072,0.03696821457221927,0.03594174704893801,0.409148819605129,0.1733724354446468
77,77.0,76.91077104428919,0.04075647705876642,0.03624449675759168,0.0353966313011025,0.2302794865080546,0.03704500329737967,0.035809797527536595,0.4100095921621108,0.17445851538745785
78,78.0,77.90217363294813,0.04065509291696043,0.03576462014928283,0.03517662894502546,0.2293521776671873,0.037093913968677006,0.03556717845313748,0.4109299262096632,0.17546046169006643
79,79.0,78.89541422641172,0.0405125519648785,0.03528230351773125,0.03493309797271218,0.2287211810026895,0.03711654512160163,0.035301708094220834,0.41166526743216086,0.17646734489400537
80,80.0,79.89037661826481,0.04034886866082353,0.03481770242491748,0.03468507249838856,0.22782965727627266,0.03712964188565252,0.035032693522322196,0.41266494495386086,0.17749141877776226
81,81.0,80.88693900474995,0.04005563693262886,0.0343894023909453,0.03445425919131818,0.22701272201603515,0.03714922339516784,0.03477869327905859,0.4139996149170273,0.17816044787781882
82,82.0,81.88497576253909,0.039734461242091276,0.03396898676266678,0.034208808015462,0.22643382657651298,0.03706991010202669,0.034478986214576436,0.41536108896244517,0.17874393212421866
83,83.0,82.88435908692391,0.039370344727562054,0.03354621405893435,0.03394221752028302,0.22591377513862862,0.036957054941720406,0.03421029101298811,0.41686198747974906,0.17919811512013434
84,84.0,83.88496048800103,0.03907937327580635,0.0332269660649252,0.033886377487560494,0.22528738373265852,0.036917684532956685,0.03402552808100744,0.418569738989407,0.17900694783567825
85,85.0,84.88665214409042,0.038779475609604194,0.03289400188784499,0.03383056107962213,0.22466345385213013,0.03686431837930681,0.03384042363978151,0.42037990982746853,0.17874785572424168
86,86.0,85.88930811312994,0.03844315349878804,0.03255352323374873,0.03374362309229904,0.22413741609714244,0.03677402026046381,0.03362922770511211,0.4221502105057188,0.17856882560672696
87,87.0,86.89280540413424,0.038077150997882024,0.032209435248159266,0.03362925826179833,0.22357459762361517,0.03665120456296149,0.03339640119934812,0.4238860976063245,0.17857585449991104
88,88.0,87.89702491199675,0.037705039956661,0.03191394417150962,0.03350827194090876,0.22294200772153108,0.03651619539079759,0.033218940091108075,0.4256931785394775,0.1785024221880063
89,89.0,88.90185221995306,0.03734723982563416,0.03168380601959978,0.03337888998881519,0.22241297845458344,0.03638877485912391,0.03310561697505463,0.42736534561962075,0.17831734825756812
90,90.0,89.90717827491419,0.03700886526411412,0.03145855848639941,0.03323030129880252,0.22178221399172443,0.03624081788476456,0.03297909153467254,0.4292379574378588,0.17806219410166355
91,91.0,90.91289994163006,0.03666043945067306,0.03123707930682388,0.03306471673049453,0.22106380994923677,0.03607496155825061,0.032838937246795534,0.4312962658626339,0.17776378989509165
92,92.0,91.91892044225806,0.03631358303450823,0.03102891794600849,0.032892567136343726,0.22048088563388504,0.035900092431350686,0.032697092192878,0.4332177427287207,0.177469118896305
93,93.0,92.92514968840067,0.03607201312128,0.030838321311486713,0.03271854227439131,0.21976079619257952,0.03572100242981451,0.03255723266487552,0.43512586559904454,0.17720622640652778
94,94.0,93.93150451304501,0.03585284505720687,0.030637386488132398,0.03256151305803423,0.21910638920103487,0.03555692656399424,0.03231307177818046,0.4371396119737403,0.1768322558796765
95,95.0,94.93790881009448,0.03564346793848542,0.03050477083876911,0.032407066610069896,0.2183352773386709,0.03539591642682554,0.03207768776050642,0.4393355284958597,0.17630028459081284
96,96.0,95.94429358933806,0.035407753665819476,0.030353051150538584,0.03221853558185479,0.21764655080344392,0.03520152038103843,0.03205209698450651,0.44147237137068474,0.17564812006211344
97,97.0,96.9505969547639,0.03517740686732092,0.03020772527697306,0.03202791935545745,0.21688234487205213,0.0350018655319997,0.032024080143440325,0.44370707010450705,0.17497158784824926
98,98.0,97.9567640140995,0.034945041240397365,0.030065059213980783,0.03183055038164393,0.21603587570350571,0.0348724696772667,0.0319896723494563,0.44591943704201786,0.1743418943917312
99,99.0,98.96274672736057,0.034741395774454197,0.029955541185248905,0.03165669614620394,0.21521934434124837,0.03443260858559527,0.03196262909048275,0.4481314289969024,0.17390035587986405
100,100.0,99.96850370202192,0.03451092721434149,0.029851661219907247,0.03158134760673833,0.2145388612000218,0.033944882592145405,0.03193074467266859,0.45032963112855173,0.17331194436562533
101,101.0,100.97399994219691,0.03428241421129933,0.02979721984829693,0.03149712567964371,0.2138820983870484,0.03345587296295485,0.031891906762403464,0.4524298851154952,0.1727634770328581
102,102.0,101.97920655893245,0.03405658959096427,0.029743617763854077,0.03140421768062643,0.2133162724054796,0.03297257714847997,0.03184660413323642,0.4543053311998003,0.1723547900775589
103,103.0,102.98410044840509,0.03382543094367855,0.03014370180034988,0.03145623781703782,0.2128090287059571,0.03264876899947654,0.03194540712515661,0.45508589799839194,0.17208552660995155
104,104.0,103.98866394444643,0.03399227711520474,0.030837829922118344,0.031800562032093825,0.21207724415603413,0.03304463120871883,0.0321125639651371,0.4548522925860663,0.17128259901462672
105,105.0,104.99288445143917,0.034182525842231345,0.03150307468853664,0.0321152267982761,0.21145073459375108,0.033427980084205215,0.03225303899038466,0.45441121324317224,0.17065620575944274
106,106.0,105.99675406321822,0.034374925597367774,0.03218178504818723,0.03242206858099092,0.21082545456080762,0.033814667663110615,0.032386483271453874,0.45393140156082307,0.17006321371725897
107,107.0,107.0002691731872,0.03456307910962656,0.03283684261620997,0.03271256960654253,0.21031537949084222,0.03419683546766393,0.03250856196941971,0.4533412382781971,0.16952549346149803
108,108.0,108.0034300804274,0.03474445260284773,0.03346304534202919,0.032984369396311095,0.2098154311022855,0.034570212203743955,0.03261824431584486,0.45276084663466143,0.1690433984022763
109,109.0,109.00624059613932,0.03498248426547311,0.03421645028250923,0.0332918175010464,0.20926916409306617,0.03498732359731401,0.03277160993492672,0.4521537995354653,0.16832735079019914
110,110.0,110.00870765431864,0.03521021610529012,0.03493268697838591,0.03357599186246076,0.20876380227039676,0.03543839027138295,0.032911412905194,0.45149817664735425,0.1676693229595354
111,111.0,111.01084093013685,0.035427211293214675,0.03560917564419859,0.033838368006197626,0.20833914920396923,0.035756929380950424,0.03303850639707455,0.45093099120900537,0.1670596688653897
112,112.0,112.01265246907188,0.03569373244548454,0.036304537433142804,0.03413850959123113,0.20740063488852278,0.036117729366750104,0.0332143307375904,0.45009384421148735,0.16703668132579103
113,113.0,113.01415632942268,0.03593150339719028,0.03663754213342053,0.034399065055766904,0.20646123454542267,0.036743824729865836,0.03336209135984031,0.4492719151444428,0.16719282363405072
114,114.0,114.01536824044418,0.036152250561379315,0.03692471432338091,0.03463548506359685,0.20556536189564603,0.03734093816818053,0.033494456987711634,0.4485010473528067,0.167385745647298
115,115.0,115.01630527795908,0.03642835557179553,0.037165005600537926,0.03484326042352871,0.20467434973646778,0.03790313684483988,0.03360888027684959,0.4478297173194868,0.1675472942264937
116,116.0,116.0169855589429,0.036683491281620774,0.03736520405436012,0.03502420433822786,0.20382154250783813,0.03843013583167927,0.033655040763496555,0.44729190512703076,0.16772847609574643
117,117.0,117.01742795623892,0.036914503153742076,0.037521222231453114,0.03517705011014918,0.20301072229962594,0.03891759037020976,0.03368441882388799,0.4467829847288989,0.16799150828203302
118,118.0,118.01765183424293,0.037134138391078826,0.03764991843223298,0.03531482131358114,0.20232639172656816,0.03937732768650122,0.03371172487238088,0.4461137935164976,0.16837188406115916
119,119.0,119.01767680610413,0.03729448071924995,0.037744818679113175,0.035430219150336985,0.20169339002933465,0.039799647827451115,0.03372857287416053,0.44553923418233043,0.16876963653802315
120,120.0,120.01752251271817,0.03743303268467166,0.03780855513264575,0.035550182612352765,0.2010976174705793,0.04015232156662964,0.03373525325580113,0.4450692661254081,0.16915377115191163
121,121.0,121.01720842354362,0.037551237926949255,0.037841931272728786,0.03564734873660992,0.20053222331754386,0.040464795447370826,0.03373080268919035,0.44468575844170827,0.16954590216789867
122,122.0,122.01675365905109,0.03766120996994445,0.03781236450482224,0.03575051711174409,0.1998628689645532,0.04076448856499236,0.03368190229357167,0.4447365694787972,0.1697300791115747
123,123.0,123.0161768344173,0.037748099514000974,0.03775233719778232,0.03582915347902553,0.19922876353017346,0.0410214144217093,0.03362066589947043,0.4448908128916313,0.16990875306620665
124,124.0,124.01549592390272,0.03774655078092652,0.037665345220549165,0.03588474993140815,0.19860918501401997,0.04129610755688092,0.03354889475759891,0.44510149614226124,0.17014767059635508
125,125.0,125.01472814520056,0.0377231406947192,0.037552649820523976,0.03594166622447071,0.19811106701153236,0.04152970665211778,0.033466159175665464,0.4452866285600421,0.17038898186092846
126,126.0,126.01388986291661,0.03767990511232011,0.037417540459476574,0.03597486472417539,0.19766515180388294,0.041723666137808965,0.03337407792616539,0.4455336132386555,0.17063118059751514
127,127.0,127.0129965102319,0.037691246998206814,0.037335230809720524,0.03606034959303252,0.19731143864147696,0.041950306644868325,0.033345017713635544,0.4459210088796536,0.17038540071940575
128,128.0,128.01206252771334,0.03763958933369113,0.03721446727540262,0.036130026529715406,0.1969805285202203,0.04214421732199691,0.03331220947995713,0.4464398037137288,0.1701391578252877
129,129.0,129.0111013181695,0.03764057005661505,0.0375165152746843,0.03624676738149603,0.19685540271938157,0.042011792620995414,0.03333976756780034,0.44709132967393916,0.1692978547050881
130,130.0,130.01012521639834,0.037626803168387866,0.037800566483605594,0.03640107566358622,0.196819401533981,0.041847676834415384,0.033359289448969924,0.44773534725976316,0.16840983960729086
131,131.0,131.0091454726403,0.037600491519281395,0.038097855969474785,0.036533443790908435,0.1968004068625931,0.0416573407009849,0.033372393455848685,0.4483927740222426,0.16754529367866616
132,132.0,132.0081722485317,0.03772121911124882,0.03853448573220147,0.03680691357790129,0.19704213095571235,0.041603251823134395,0.033537708701926135,0.4485680835857729,0.1661862065121027
133,133.0,133.00721462434865,0.03780594521769442,0.038950493466682744,0.037060194453099576,0.19724588556807277,0.04153069287507221,0.03369672742180947,0.4492092118120091,0.16450084918555977
134,134.0,134.0062806163404,0.037841092345863844,0.03930311565090246,0.037252640407293015,0.19738055027688872,0.041403054882498416,0.03380871659017714,0.4501452620332651,0.1628655678131114
135,135.0,135.00537720296956,0.03785444726290439,0.039618243292682084,0.03746695427890888,0.19743406640094613,0.041250350909172104,0.03390044041906351,0.45115660404382674,0.16131889339249622
136,136.0,136.00451035890612,0.038130783043189884,0.04017910144612178,0.037930518816834874,0.19734036668745428,0.04135938933671272,0.03425573612507459,0.45022764398638243,0.16057646055822952
137,137.0,137.00368509565993,0.038397785657249064,0.040711539436941405,0.03837372912275125,0.19732550363369145,0.041459082179158536,0.03460082416653783,0.4492440439227093,0.1598874918809613
138,138.0,138.0029055077818,0.03862523162261545,0.04118444458792475,0.03882133263836674,0.19718899376946564,0.041893355041120815,0.034904742389093565,0.4482959170473382,0.15908598290407497
139,139.0,139.00217482361367,0.038837197156296174,0.041807553302531275,0.039238357001732484,0.19703385839719187,0.042310157697532436,0.035191097989205916,0.44740514689279365,0.15817663156271633
140,140.0,140.0014954596262,0.03902474010368624,0.04237508797417888,0.03961637438646759,0.19681073975599317,0.04287541270664291,0.03545038463990359,0.44658987942343337,0.15725738100969433
141,141.0,141.00086907744122,0.03931465755879576,0.04301449156266197,0.040532377933717674,0.19638424103782276,0.04379901921461286,0.0359136104453994,0.44451779450217843,0.1565238077448112
142,142.0,142.0002966427003,0.039586299755626414,0.04361049501980338,0.041408421432649375,0.19597456911650105,0.044691177058425756,0.03635414113868735,0.44247137571080924,0.15590352076749753
143,143.0,142.99977848500652,0.03978657991622035,0.044373169046992615,0.042134538325423965,0.1955111494925912,0.0454938289444952,0.03671728396548034,0.4405026668239295,0.15548078348486685
144,144.0,143.99931435823203,0.039965835683591376,0.04508549007249065,0.042809634209537074,0.19510840569528515,0.04625427966131914,0.037052307741853335,0.43864049398729,0.15508355294863335
145,145.0,144.99890350055264,0.04011100454115183,0.04573188584679219,0.043419101302218134,0.1947430383745782,0.04695577242041766,0.03734525963990803,0.43683069088760307,0.154863246987331
146,146.0,145.9985446936357,0.040227162659474465,0.046316521443061656,0.043920699383781535,0.19437247671473595,0.047601614447682086,0.037600989922987806,0.4351761258141765,0.15478440961410017
147,147.0,146.99823632047406,0.040355878857110936,0.046879535132813,0.04440377279830816,0.19406278696624635,0.04792653494821575,0.03786049277557046,0.4337211933298817,0.1547898051918538
148,148.0,147.99797642142389,0.040466226476826295,0.04738826857656861,0.0447842822972496,0.19380567746375038,0.04820372045508646,0.038092570966317775,0.43235576998398473,0.15490348378021626
149,149.0,148.99776274806447,0.0405795751949383,0.04788212908081217,0.04513544144990945,0.1932820105231647,0.048082314931411,0.03831764071203574,0.43106758140295454,0.15565330670477426
150,150.0,149.99759281456036,0.0406348068333814,0.048280985598716276,0.045026520718396794,0.1926384411819151,0.047879851532749214,0.03847442653880948,0.43023970479224455,0.15682526280378736
151,151.0,150.99746394626104,0.040638306730947565,0.04886938506607599,0.044838127021413016,0.19197869515415408,0.04777425329446253,0.03856927453413875,0.42948825953200603,0.1578436986668022
152,152.0,151.99737332532905,0.0406185828968982,0.04939553683086762,0.04460413511229202,0.19134158972500748,0.047622323009109194,0.03863076007340456,0.42885413008605194,0.15893294226636923
153,153.0,152.99731803323698,0.04083859969231109,0.05020176224020512,0.044336076746427464,0.1904939255204904,0.047422366363431515,0.038653790730760376,0.42804445305966343,0.16000902564671082
154,154.0,153.99729509002177,0.041010770620946706,0.050755437525283845,0.04402684308524703,0.18971048021153558,0.04717939168239411,0.038640243376140096,0.4275080430316516,0.16116879046680127
155,155.0,154.99730149022784,0.041161469695215766,0.05124547386909301,0.04369048472002429,0.18893863463399863,0.046906848341291094,0.03860070094839698,0.42710388007145317,0.16235250772052737
156,156.0,155.99733423551103,0.04130039584282939,0.05168229950784736,0.04327537990087082,0.18817290553497706,0.046552689932943696,0.03854717973280982,0.42705933442240085,0.16340981512532127
157,157.0,156.99739036391077,0.041387669371591794,0.05202710667815992,0.04282887009840419,0.18736405574846143,0.04616469663551943,0.0385145616284735,0.42704544370747666,0.1646675961319134
158,158.0,157.99746697583146,0.04145513257887375,0.052314630044529735,0.042372129903404596,0.18649240835657474,0.04576326297392151,0.038463635146249106,0.4272148750092255,0.16592392598722136
159,159.0,158.99756125680176,0.04150835871205449,0.05255131721846454,0.041915532874610355,0.18566726481690138,0.04536228767276078,0.03840129568649589,0.42748812112812345,0.16710582189058937
160,160.0,159.997670497107,0.04156421950884471,0.05275480115582238,0.04147911032014183,0.18481700425843364,0.044981714940637525,0.03834459103492164,0.427775685392472,0.1682828733887265
161,161.0,160.99779210841066,0.04164739437259362,0.052952788633956784,0.04109106122359791,0.1840288838611289,0.044644402554571444,0.03831819529112876,0.4284874736603681,0.16882980040265472
162,162.0,161.99792363749984,0.04203568069601616,0.05291236997485878,0.04074052318725436,0.18331026515012588,0.044340023024923764,0.03831029533203975,0.4291407904693239,0.16921005216545762
163,163.0,162.9980627773051,0.04240558515691538,0.052809108371319816,0.04040004223776145,0.18264867842628812,0.044040629173548465,0.03829252854188037,0.4298575031035643,0.16954592498872229
164,164.0,163.9982073753568,0.04275739200077427,0.0526707656139454,0.04007321977434994,0.18200106587902376,0.04375430975083381,0.03826764299542766,0.4306473366023949,0.16982826738325044
165,165.0,164.99835543984977,0.043089674716955524,0.052503094605922805,0.03976312162811671,0.18133280362992232,0.04348290230423813,0.038236384288684776,0.4315346366049004,0.17005738222125952
166,166.0,165.99850514349492,0.04344493372514352,0.052288474936256886,0.039471758310017584,0.180687540845857,0.04311652978445998,0.038199653352848265,0.4324942673380021,0.17029684170741485
167,167.0,166.99865482534062,0.04380023271113452,0.052049804511960035,0.039225437744041275,0.18014253270404157,0.04276442789870738,0.0381543815244563,0.43335025081950684,0.1705129320861522
168,168.0,167.99880299074837,0.04419083743945211,0.05181239542137502,0.0390155660782407,0.17968485541660137,0.04244922926932013,0.0381223570435009,0.4339755598670076,0.1707491994645023
169,169.0,168.99894830970783,0.04459308275034827,0.051624615495860005,0.0388635327003226,0.17927937138863964,0.04219214714850994,0.03810204894244931,0.43446331835590757,0.17088188321796277
170,170.0,169.99908961367427,0.04497029154032161,0.05142994128934428,0.0387323733069775,0.17881786475092343,0.041958259638302166,0.03808265040727338,0.4350274394044141,0.17098117966244372
171,171.0,170.99922589110733,0.045262632946185745,0.051257916630084235,0.03860543945830751,0.17824039628679864,0.041732299718002804,0.038047948872481724,0.4359425362795996,0.17091082980853986
172,172.0,171.99935628188598,0.04552332890088102,0.05107782014592199,0.03849307642900071,0.17772264077734118,0.041525180176488534,0.038009267602048376,0.4368251013465958,0.1708235846217225
173,173.0,172.99948007076793,0.045755294594093596,0.05089453857415988,0.038397082078424676,0.17718626811545055,0.04133929801859468,0.03796960122954052,0.43774850098152945,0.17070941640820678
174,174.0,173.99959668005403,0.04595892456975647,0.050709986376939305,0.038315997520721984,0.17662856667196006,0.04117426839616246,0.037930101998292005,0.4383333900041163,0.17094876446205157
175,175.0,174.99970566161096,0.04610034473601256,0.05049138769705221,0.038216117065409366,0.17602063155828956,0.04099481477347007,0.03785652322605656,0.43894427829167576,0.17137590265203406
176,176.0,175.9998066883961,0.04621189756844805,0.05027179272970583,0.038126775759177944,0.17544774802829705,0.040831934574991305,0.03777994481607628,0.43953137446018564,0.17179853206311804
177,177.0,176.99989954561875,0.04629631279932607,0.050027825342549015,0.03807072483412047,0.1748866336316653,0.04068649434830406,0.03770232760423994,0.44012043783965127,0.17220924360014406
178,178.0,177.99998412166295,0.04648418236257193,0.04999110237916386,0.03815407086265048,0.17451649654030396,0.040687170960154125,0.03770223605322752,0.4405576003048059,0.17190714053712242
179,179.0,179.00006039888612,0.04664518121662324,0.04995623815909106,0.03824370418233215,0.17415838635833888,0.04070109268827115,0.03769981908632247,0.44099605330220376,0.1715995250068174
180,180.0,180.0001284443981,0.04679638005530879,0.049939316525722206,0.03835346099851844,0.1737285299053782,0.040742823841253974,0.03779908075053545,0.4413097403362545,0.17133066758702858
181,181.0,181.00018840091488,0.046922855481368896,0.04992460157027316,0.03848748872248204,0.17331925654371438,0.04079501356199865,0.037893511381828386,0.4415894101248804,0.17106786261345416
182,182.0,182.00024047777083,0.047034570982471144,0.04992073495126391,0.0386317478211909,0.17284896999954488,0.04086448427940573,0.03799257864532102,0.4419463864256894,0.17076052689511312
183,183.0,183.0002849421635,0.04707609882144436,0.050753688581406324,0.0392399978371806,0.1727893080840996,0.04214640617949371,0.03855211750289386,0.4394518028133483,0.1699905801801334
184,184.0,184.00032211069524,0.04709873210865479,0.05158134446532201,0.039843364272653066,0.17264086770155126,0.043423615565815116,0.03910405271405135,0.43708286156341564,0.1692251616085369
185,185.0,185.00035234126688,0.047103364695947406,0.052395960425246677,0.04076963976109082,0.1724858926263643,0.04464623652459959,0.03964308725707666,0.434446701690058,0.16850911701961668
186,186.0,186.00037602536867,0.04708997615495464,0.053188791733011116,0.04167551331197012,0.17229349736318736,0.045838711391637185,0.040160964702318426,0.4319496622064093,0.167802883136512
187,187.0,187.0003935808066,0.04703225779946539,0.05388936113488792,0.04249543527643562,0.1720687708202801,0.0469335989203298,0.04062822317659589,0.4298293709587975,0.16712298191320799
188,188.0,188.00040544489266,0.046999088183732725,0.05419053682578577,0.04328529680975952,0.17182293043974697,0.04798503273223978,0.04107330302800475,0.4282136810574971,0.1664301309232336
189,189.0,189.0004120681212,0.04695135029663851,0.054457857109697645,0.044034512524461576,0.17156530705970385,0.04898289571926735,0.04148808744501579,0.4267728105343605,0.16574717931085498
190,190.0,190.00041390834568,0.04689233508162608,0.05469263784069829,0.04474113410961945,0.17136730537170153,0.04992323774178453,0.0418727346121914,0.42543296753731447,0.16507764770506436
191,191.0,191.00041142546425,0.04684333046549943,0.054915884861498496,0.04511850017412554,0.1709936978784923,0.05082257428239798,0.04224548219854902,0.4241740600242051,0.16488647011523228
192,192.0,192.00040507661635,0.047155967451355287,0.05510753803250069,0.04544982273741392,0.17059203258430577,0.05165709782854738,0.0425851022779059,0.422778166065484,0.1646742730224872
193,193.0,193.00039531188708,0.0473834355185975,0.055232543855513676,0.045700459357950834,0.17013802685087426,0.05241575415592959,0.042854448179659735,0.42146975328264324,0.16480557879883123
194,194.0,194.00038257051185,0.04750369475125765,0.055300099773812825,0.04588013633151163,0.16958447494353648,0.05307732618985407,0.04306190208337569,0.42033821566919033,0.16525415025746132
195,195.0,195.00036727756904,0.047576190560567534,0.05526911624309483,0.04598430644260555,0.16898183913182988,0.053636385907996804,0.04320412335761167,0.4192691195009856,0.16607891885530807
196,196.0,196.0003498411448,0.047657815697874334,0.05523592397746415,0.04610700439644234,0.16833292430778993,0.05415048050881032,0.04333909961662912,0.4184319720333735,0.16674477946161623
197,197.0,197.00033064995154,0.0476957873300992,0.055422791699014824,0.04616322502867713,0.16780923167267808,0.054567419566242864,0.043456853700410185,0.4175816024273535,0.16730308857552417
198,198.0,198.0003100713781,0.047723857619303756,0.05559032800577253,0.04618863372350782,0.16726187426408787,0.05492268706347209,0.04354953546045641,0.4169053403264172,0.16785774353698224
199,199.0,199.00028844994821,0.047788819602251925,0.055841833761882405,0.04623137152010054,0.1667142116592874,0.05546155257484834,0.04365154103936088,0.41585965922651724,0.1684510106157511
200,200.0,200.00026610616183,0.04811484549384221,0.056343149161722755,0.046518250306838684,0.16630488266614918,0.05609512445937237,0.04400207663482896,0.4127096348870473,0.16991203639019842
201,201.0,201.00024333569246,0.04886397429911682,0.05688585421714003,0.04684303024296536,0.1659888253923949,0.05643235497928241,0.04439333332382033,0.4093916663621,0.17120096118318004
202,202.0,202.0002204089131,0.04981908285623356,0.05762641103454341,0.04734505031925523,0.16561425002051694,0.05693695718162521,0.04500878445254421,0.40458829799713886,0.17306116613814246
203,203.0,203.00019757072255,0.05077083569390228,0.05839756768064548,0.04784868367807512,0.16528470976221366,0.057407988951341075,0.045618093407291296,0.39985288141090813,0.17481923941562288
204,204.0,204.00017504064385,0.05131868279982098,0.059131338775499365,0.048276556034995415,0.16479661936032294,0.05782312633119605,0.04619593523950008,0.39588741333500665,0.17657032812365842
205,205.0,205.0001530131666,0.05182724495405223,0.05982098999551241,0.04866717381816309,0.1643194295292265,0.058180209263056094,0.046734305600830625,0.39256631438007683,0.17788433245908206
206,206.0,206.00013165830538,0.052298869975971246,0.06046720435521033,0.04902382613591004,0.1638730767739922,0.058484686102559726,0.047235112810241064,0.3895370883607889,0.17908013548532634
207,207.0,207.00011112234722,0.0527330999275469,0.061068381072216626,0.04934686048396643,0.16335453580385934,0.05873933728950438,0.04769816921028564,0.3868692559491911,0.1801903602634294
208,208.0,208.00009152876143,0.053128706027695136,0.06162233658197408,0.049635742668775164,0.16284961795843148,0.05860752483173235,0.048121993329297875,0.3848549814464985,0.1811790971555952
209,209.0,209.0000729792466,0.05344883184476102,0.062091989000074205,0.04985463497362505,0.16233355557229673,0.05839705371374419,0.048469507398394666,0.383362572939786,0.18204185455731792
210,210.0,210.00005555489076,0.053657670262601466,0.062403881188184046,0.04996819357718282,0.1617889017619891,0.058077740626460754,0.04870471339559594,0.38202682060101195,0.18337207858697369
211,211.0,211.00003931742162,0.0536463645227497,0.06278858942419933,0.050206952720175974,0.16112179217989978,0.05821916645687416,0.049024131320244954,0.38105393181996566,0.18393907155589018
212,212.0,212.0000243105252,0.05355563779715719,0.06308080493232213,0.05036903734182156,0.16048206612192867,0.058431305683865585,0.049259756969431204,0.3802424064939188,0.18457898465955455
