Total_iterations,Unnamed: 0.1,Intertwine_two,Invert_path_vertices,Insert_inside_vertex,Delete_inside_vertex,Replace_inside_vertex,Donate_between_routes,Trim_one_terminal_cb,Grow_one_terminal_cb
0,0.0,0.125,0.125,0.125,0.125,0.125,0.125,0.125,0.125
1,1.0,0.1246467592592592,0.1246467592592592,0.1246467592592592,0.1266652777777777,0.1246467592592592,0.1246467592592592,0.1254541666666666,0.1246467592592592
2,2.0,0.1238437386363636,0.1238437386363636,0.1238437386363636,0.1288439238215488,0.1241770719696969,0.1238437386363636,0.126783880050505,0.1248201696127946
3,3.0,0.1226631382449495,0.1230335086153198,0.1230335086153198,0.1312251044065656,0.1232961685479797,0.1226631382449495,0.1289556284132997,0.1251298049116161
4,4.0,0.1212408015270622,0.1223482089344697,0.1219778385640993,0.1338648384479377,0.1224200570826178,0.1212408015270622,0.1313630698981061,0.1255443840186448
5,5.0,0.1195225186866956,0.1213562594274363,0.1205833800964925,0.1367751688206855,0.121400498116753,0.1195225186866956,0.1348459591620476,0.1259936970031939
6,6.0,0.1175288317511688,0.1203009653875324,0.118903979289998,0.1404854002863149,0.1204011470566286,0.1175288317511688,0.1387406358761879,0.1261102086010005
7,7.0,0.1152450881041589,0.118966866001096,0.1169586367852819,0.1438508837183247,0.1194734140987739,0.115614263731399,0.1436577679941591,0.1262330795668064
8,8.0,0.1126757728063894,0.1172899328589821,0.1147137840658027,0.1473836746720268,0.1177757316548044,0.1134100510035982,0.1509978778239251,0.1257531751144711
9,9.0,0.1101325241094172,0.1152632932069254,0.112201430835957,0.1512930609070303,0.1157434781902934,0.1112501837955025,0.1588929280403417,0.1252231009145324
10,10.0,0.1076647810417456,0.1129450599203167,0.1094936536242828,0.1560427212857875,0.113488136287143,0.1088740493744454,0.1668384228575282,0.1246531756087508
11,11.0,0.1051324697742146,0.1105441435623402,0.1067289561532573,0.1606252376951235,0.1111219419565049,0.1064416466308386,0.1755249468790845,0.1238806573486365
12,12.0,0.1026751501230007,0.1079435807302068,0.10342106617965,0.1652438411274348,0.1085524603344579,0.1040117158538978,0.1848559301006681,0.123296255550684
13,13.0,0.1001302929739661,0.1052640211474713,0.100082540609199,0.1699918342651838,0.1056848319207714,0.1015044463115012,0.1948664720235539,0.1224755607483532
14,14.0,0.0975499228606899,0.1025445343412342,0.0967391692889446,0.1746226809618778,0.1027658312379846,0.0987655671675536,0.2052042653899781,0.1218080287517372
15,15.0,0.094972301534201,0.0995983672274455,0.0934446667333876,0.1792505374534438,0.0998590273304072,0.0954721163191594,0.2163550228322612,0.1210479605696945
16,16.0,0.0921825483183086,0.096403399975854,0.0904727438793719,0.1842541499484554,0.0969717645022478,0.0922244552493223,0.22730377080679,0.1201871673196501
17,17.0,0.0891672638779489,0.0931601487977892,0.0875051468009152,0.1893073763751154,0.0940547872500715,0.0889655356372856,0.2382242583174691,0.1196154829434051
18,18.0,0.0862390857641196,0.0899250731829414,0.0846443556283725,0.1942838520412451,0.0912126683729494,0.0857652722334793,0.2487241166845042,0.1192055760923885
19,19.0,0.0833369839838919,0.0867133225810277,0.0818076568854678,0.1989646922032031,0.0883847420807332,0.0826008096053566,0.2594281646680065,0.1187636279923134
20,20.0,0.0804819772547421,0.0835309723114928,0.0790320971661839,0.2032807696185856,0.0855802188089277,0.0794948176346643,0.2702373689783723,0.1183617782270312
21,21.0,0.0778916310822423,0.0805750974969436,0.0763108208865178,0.2075382345767223,0.0827876704451291,0.0764440118965327,0.2807156651796018,0.1177368684363104
22,22.0,0.0753744749952259,0.0781961991002391,0.073475329888703,0.2119114508436587,0.0797575854603282,0.0735203527357389,0.2904088380315448,0.1173557689445614
23,23.0,0.0727847836691694,0.0759719985486893,0.0708034821293468,0.2163195269616137,0.0768674534766412,0.0707649155224435,0.2998363500602817,0.1166514896318142
24,24.0,0.0702640194863182,0.073733885924681,0.0685093982527321,0.2202807540064195,0.0738173563357382,0.0680588655912313,0.3093753852391062,0.1159603351637734
25,25.0,0.0678487295818238,0.0715991904446682,0.0665060044225766,0.2242269121331732,0.0708792748146443,0.0656433144966073,0.3177804027875655,0.115516171318941
26,26.0,0.0654800268727274,0.0694966782061896,0.0645072275638226,0.2281414618104145,0.0680061106196366,0.063290875311691,0.3259170194285563,0.1151606001869618
27,27.0,0.0631873907544121,0.0674546070953083,0.0625850304816821,0.2320861129619957,0.065224061241395,0.0614443527403329,0.3335173314130344,0.1145011133118393
28,28.0,0.0610334440059661,0.0653203293019767,0.0607903437383621,0.236267293248861,0.0625919237617933,0.0597452970502477,0.3398796026406115,0.1143717662521814
29,29.0,0.0589843068088025,0.0631161912566217,0.0589193525008688,0.2401342317720027,0.0600793839078895,0.0579694200761427,0.3459865190730001,0.1148105946046717
30,30.0,0.0570912000363003,0.0610615499193915,0.0571192310648282,0.2437921033526453,0.0577398270765567,0.0563110969992578,0.3515640437610476,0.1153209477899724
31,31.0,0.0552462137171833,0.0588680196778444,0.055201583978405,0.2467717368487922,0.0554692300898857,0.0546992468987121,0.357485749546287,0.1162582192428901
32,32.0,0.0534860868241031,0.0567383418115341,0.0533552816433237,0.2496474950125811,0.0537012740659374,0.0531608261631516,0.3625451114282009,0.1173655830511678
33,33.0,0.0517671169614902,0.054635525890619,0.0515453283923978,0.2522678313351535,0.0519707839886762,0.0516416788321571,0.3676389261090559,0.11853280849045
34,34.0,0.0501231570435263,0.0526534904910999,0.0498382488156082,0.2550752604332246,0.0504053905935292,0.0503551935657655,0.3720175920007001,0.1195316670565459
35,35.0,0.0485489295907351,0.0507512790720205,0.0481924186672187,0.2577609243760197,0.0489244908829963,0.0491170321686522,0.3759774160312918,0.1207275092110653
36,36.0,0.0470888905514989,0.0489597452540265,0.0468759596755203,0.2600566013072047,0.0475541227234178,0.0480939730189485,0.379618789594571,0.1217519178748119
37,37.0,0.0457274675119308,0.0472673794776621,0.0456017847803216,0.2618959727619058,0.0462788986637753,0.0470350392325299,0.382826440799851,0.123367016772023
38,38.0,0.0444396862249434,0.0457037214089343,0.0443936687453482,0.2634186092108481,0.0449696102263198,0.0460202812833419,0.3859619808389773,0.1250924420612864
39,39.0,0.0432162933204429,0.0442091857134929,0.0432300022157155,0.2647504365155488,0.0437228425637231,0.0450402608803445,0.3888360279355594,0.1269949508551726
40,40.0,0.0421082722956194,0.0428375310452442,0.0421667730578112,0.2653264711006434,0.0425867053917814,0.0441505019987808,0.3918151135381641,0.1290086315719549
41,41.0,0.0410834318799208,0.0418246657332978,0.0411443252785323,0.2658100504032654,0.0415777448846013,0.0433188820867256,0.3945536958159363,0.13068720391772
42,42.0,0.0401392065923167,0.0410748310595296,0.0401903517285603,0.2661024032415672,0.0407670594139773,0.0424196963614753,0.3969107070194977,0.1323957445830754
43,43.0,0.0392966753924898,0.0404401895689878,0.0393304301502396,0.2662760517313493,0.0400596860908218,0.0416017562210531,0.3989553416322955,0.1340398692127626
44,44.0,0.0384687888709712,0.0398322829554804,0.0385074192712094,0.2661306276677185,0.0395812173278256,0.0408150629868253,0.4008420064334738,0.1358225944864954
45,45.0,0.0377300800435964,0.0393045444810939,0.0377672437401895,0.2656959589806124,0.0391851097341381,0.0400977465201612,0.4026478334752482,0.13757148302496
46,46.0,0.0370666918052403,0.0386756384514058,0.0372632260668425,0.265019661113318,0.0388477202116492,0.0394374818452786,0.404355574264107,0.1393340062421582
47,47.0,0.0364462490899441,0.0383720965830618,0.0369405259252703,0.2640421117183931,0.0386491145197991,0.0387655827916751,0.4058907101172297,0.1408936092546265
48,48.0,0.0359348020869185,0.038166472435554,0.0366058492596274,0.2627953321277497,0.038724149661557,0.0382449211641522,0.4069891466552101,0.1425393266092307
49,49.0,0.035501034308945,0.0380231856332825,0.0363414768029976,0.2616097941524462,0.0389117661360198,0.0377885504903211,0.4077123569347064,0.144111835541281
50,50.0,0.0351285280134104,0.0379310350603188,0.036145907377031,0.2605922610472127,0.0389816453339494,0.0373814078790712,0.4082088529096578,0.1456303623793485
51,51.0,0.0349348400047589,0.0378906254247689,0.0360008409293205,0.2593171717143695,0.038884063562433,0.0370153632225751,0.4087837690454589,0.1471733260963148
52,52.0,0.0347644237255398,0.037850714741845,0.0358710898515444,0.2578943644658992,0.0387812535284107,0.0366556459416094,0.4093862566435132,0.1487962511016379
53,53.0,0.0346273862585428,0.0379889263453003,0.0357744327272994,0.2567155150085269,0.0386763627771104,0.0363236495452039,0.4097534345755841,0.1501402927624317
54,54.0,0.0345276591960993,0.038150561270646,0.0357007835227726,0.2555576662374935,0.0385840895731462,0.0360176941909279,0.4101771191342734,0.1512844268746409
55,55.0,0.0345187754829798,0.0383877561485472,0.035792703909284,0.2544839105656228,0.0385623889171601,0.0358308749153944,0.4098657991000625,0.1525577909609489
56,56.0,0.0346915620063198,0.0386474949545623,0.0357480874595052,0.2536489047077617,0.0383922433396601,0.0356678143679756,0.4095908670511466,0.1536130261130685
57,57.0,0.0348639381260706,0.0388822739461557,0.0356903499060421,0.2527493097560186,0.0381992272238612,0.035503046461012,0.4092403444603595,0.1548715101204799
58,58.0,0.0350905340264762,0.0392026592310691,0.0356578719386705,0.251391395775589,0.0380259054750457,0.0353732075343856,0.4091800634033001,0.1560783626154636
59,59.0,0.0353373018034345,0.0393804958347366,0.0356453069173232,0.2499200475681728,0.0378753202834929,0.0352789900339661,0.4092246050185816,0.1573379325402919
60,60.0,0.0356004861681455,0.039558107223917,0.0354920160484895,0.2487554398808381,0.0376636335851835,0.0352187861664186,0.4094192463304202,0.1582922845965872
61,61.0,0.0358080175682149,0.0395408591036733,0.0353292113153406,0.2476953756301589,0.0374416505873083,0.035158687179118,0.4098279792839002,0.1591982193322853
62,62.0,0.0361221446586175,0.0396270311544583,0.0352866849274675,0.2469879278187909,0.0373413270321243,0.0351584872083343,0.4092137840901415,0.1602626131100655
63,63.0,0.0364151020408177,0.0396820461051974,0.0352341618640698,0.2463461435905745,0.0372028682465924,0.0351563032549282,0.4086187895050427,0.1613445853927771
64,64.0,0.037029210893009,0.0398222425630444,0.0352795931705042,0.2455246110416253,0.0371696103896079,0.0352561807345771,0.4076386150082043,0.1622799361994276
65,65.0,0.037602626736281,0.0397293053724683,0.0353178220421214,0.2447175650220308,0.0371321853880104,0.0353528301403637,0.4066510644083786,0.1634966008903456
66,66.0,0.0381555783487861,0.0396243976892297,0.0353567069087684,0.2438446413385364,0.0370213853015139,0.035449310172973,0.4062758750046896,0.1642721052355027
67,67.0,0.0386576991480764,0.0395021457282751,0.0355910470210847,0.2426299302853009,0.0369900859512184,0.035535879436361,0.406013144193431,0.1650800682362521
68,68.0,0.0390543866008591,0.0393346059644017,0.0357806012558531,0.2415117296860959,0.0368878146562,0.0355816386246772,0.4057544331939107,0.1660947900180019
69,69.0,0.0394532443236451,0.0390282090364275,0.0359854099172739,0.2399972555081935,0.0368318499283877,0.0356439608385418,0.4058662672457136,0.1671938032018166
70,70.0,0.0398080675137441,0.0388185900261488,0.0361706921328093,0.2387015717195273,0.0367709558925053,0.0356907872605282,0.4059284917184879,0.1681108437362488
71,71.0,0.0400924663682516,0.0385749943960685,0.0363148582561758,0.2373724930623294,0.0365196636808897,0.0356988543312639,0.40626701626239,0.1691596536426308
72,72.0,0.0403141387687618,0.0382450865929425,0.03621461563071,0.2361248309316841,0.0366208824616799,0.0358837288566842,0.4066777433001939,0.1699189734573434
73,73.0,0.0404854723409597,0.0378989282559653,0.0360865456166025,0.234942107181701,0.0367072280458317,0.0360417496900856,0.4071642883741311,0.1706736804947227
74,74.0,0.0406189119581568,0.0375505799364789,0.0359437598264692,0.2337165236956249,0.0367884771141477,0.0360352150338855,0.4078813814488484,0.1714651509863883
75,75.0,0.0408105925771988,0.0371918540046414,0.0357763099868241,0.232565777077204,0.0368567747433715,0.0360005757557601,0.408482699807556,0.1723154160474438
76,76.0,0.0408018881841767,0.0367171437244227,0.0355930373188468,0.2314567141016207,0.0369682145722192,0.035941747048938,0.409148819605129,0.1733724354446468
77,77.0,0.0407564770587664,0.0362444967575916,0.0353966313011025,0.2302794865080546,0.0370450032973796,0.0358097975275365,0.4100095921621108,0.1744585153874578
78,78.0,0.0406550929169604,0.0357646201492828,0.0351766289450254,0.2293521776671873,0.037093913968677,0.0355671784531374,0.4109299262096632,0.1754604616900664
79,79.0,0.0405125519648785,0.0352823035177312,0.0349330979727121,0.2287211810026895,0.0371165451216016,0.0353017080942208,0.4116652674321608,0.1764673448940053
80,80.0,0.0403488686608235,0.0348177024249174,0.0346850724983885,0.2278296572762726,0.0371296418856525,0.0350326935223221,0.4126649449538608,0.1774914187777622
81,81.0,0.0400556369326288,0.0343894023909453,0.0344542591913181,0.2270127220160351,0.0371492233951678,0.0347786932790585,0.4139996149170273,0.1781604478778188
82,82.0,0.0397344612420912,0.0339689867626667,0.034208808015462,0.2264338265765129,0.0370699101020266,0.0344789862145764,0.4153610889624451,0.1787439321242186
83,83.0,0.039370344727562,0.0335462140589343,0.033942217520283,0.2259137751386286,0.0369570549417204,0.0342102910129881,0.416861987479749,0.1791981151201343
84,84.0,0.0390793732758063,0.0332269660649252,0.0338863774875604,0.2252873837326585,0.0369176845329566,0.0340255280810074,0.418569738989407,0.1790069478356782
85,85.0,0.0387794756096041,0.0328940018878449,0.0338305610796221,0.2246634538521301,0.0368643183793068,0.0338404236397815,0.4203799098274685,0.1787478557242416
86,86.0,0.038443153498788,0.0325535232337487,0.033743623092299,0.2241374160971424,0.0367740202604638,0.0336292277051121,0.4221502105057188,0.1785688256067269
87,87.0,0.038077150997882,0.0322094352481592,0.0336292582617983,0.2235745976236151,0.0366512045629614,0.0333964011993481,0.4238860976063245,0.178575854499911
88,88.0,0.037705039956661,0.0319139441715096,0.0335082719409087,0.222942007721531,0.0365161953907975,0.033218940091108,0.4256931785394775,0.1785024221880063
89,89.0,0.0373472398256341,0.0316838060195997,0.0333788899888151,0.2224129784545834,0.0363887748591239,0.0331056169750546,0.4273653456196207,0.1783173482575681
90,90.0,0.0370088652641141,0.0314585584863994,0.0332303012988025,0.2217822139917244,0.0362408178847645,0.0329790915346725,0.4292379574378588,0.1780621941016635
91,91.0,0.036660439450673,0.0312370793068238,0.0330647167304945,0.2210638099492367,0.0360749615582506,0.0328389372467955,0.4312962658626339,0.1777637898950916
92,92.0,0.0363135830345082,0.0310289179460084,0.0328925671363437,0.220480885633885,0.0359000924313506,0.032697092192878,0.4332177427287207,0.177469118896305
93,93.0,0.03607201312128,0.0308383213114867,0.0327185422743913,0.2197607961925795,0.0357210024298145,0.0325572326648755,0.4351258655990445,0.1772062264065277
94,94.0,0.0358528450572068,0.0306373864881323,0.0325615130580342,0.2191063892010348,0.0355569265639942,0.0323130717781804,0.4371396119737403,0.1768322558796765
95,95.0,0.0356434679384854,0.0305047708387691,0.0324070666100698,0.2183352773386709,0.0353959164268255,0.0320776877605064,0.4393355284958597,0.1763002845908128
96,96.0,0.0354077536658194,0.0303530511505385,0.0322185355818547,0.2176465508034439,0.0352015203810384,0.0320520969845065,0.4414723713706847,0.1756481200621134
97,97.0,0.0351774068673209,0.030207725276973,0.0320279193554574,0.2168823448720521,0.0350018655319997,0.0320240801434403,0.443707070104507,0.1749715878482492
98,98.0,0.0349450412403973,0.0300650592139807,0.0318305503816439,0.2160358757035057,0.0348724696772667,0.0319896723494563,0.4459194370420178,0.1743418943917312
99,99.0,0.0347413957744541,0.0299555411852489,0.0316566961462039,0.2152193443412483,0.0344326085855952,0.0319626290904827,0.4481314289969024,0.173900355879864
100,100.0,0.0345109272143414,0.0298516612199072,0.0315813476067383,0.2145388612000218,0.0339448825921454,0.0319307446726685,0.4503296311285517,0.1733119443656253
101,101.0,0.0342824142112993,0.0297972198482969,0.0314971256796437,0.2138820983870484,0.0334558729629548,0.0318919067624034,0.4524298851154952,0.1727634770328581
102,102.0,0.0340565895909642,0.029743617763854,0.0314042176806264,0.2133162724054796,0.0329725771484799,0.0318466041332364,0.4543053311998003,0.1723547900775589
103,103.0,0.0338254309436785,0.0301437018003498,0.0314562378170378,0.2128090287059571,0.0326487689994765,0.0319454071251566,0.4550858979983919,0.1720855266099515
104,104.0,0.0339922771152047,0.0308378299221183,0.0318005620320938,0.2120772441560341,0.0330446312087188,0.0321125639651371,0.4548522925860663,0.1712825990146267
105,105.0,0.0341825258422313,0.0315030746885366,0.0321152267982761,0.211450734593751,0.0334279800842052,0.0322530389903846,0.4544112132431722,0.1706562057594427
106,106.0,0.0343749255973677,0.0321817850481872,0.0324220685809909,0.2108254545608076,0.0338146676631106,0.0323864832714538,0.453931401560823,0.1700632137172589
107,107.0,0.0345630791096265,0.0328368426162099,0.0327125696065425,0.2103153794908422,0.0341968354676639,0.0325085619694197,0.4533412382781971,0.169525493461498
108,108.0,0.0347444526028477,0.0334630453420291,0.032984369396311,0.2098154311022855,0.0345702122037439,0.0326182443158448,0.4527608466346614,0.1690433984022763
109,109.0,0.0349824842654731,0.0342164502825092,0.0332918175010464,0.2092691640930661,0.034987323597314,0.0327716099349267,0.4521537995354653,0.1683273507901991
110,110.0,0.0352102161052901,0.0349326869783859,0.0335759918624607,0.2087638022703967,0.0354383902713829,0.032911412905194,0.4514981766473542,0.1676693229595354
111,111.0,0.0354272112932146,0.0356091756441985,0.0338383680061976,0.2083391492039692,0.0357569293809504,0.0330385063970745,0.4509309912090053,0.1670596688653897
112,112.0,0.0356937324454845,0.0363045374331428,0.0341385095912311,0.2074006348885227,0.0361177293667501,0.0332143307375904,0.4500938442114873,0.167036681325791
113,113.0,0.0359315033971902,0.0366375421334205,0.0343990650557669,0.2064612345454226,0.0367438247298658,0.0333620913598403,0.4492719151444428,0.1671928236340507
114,114.0,0.0361522505613793,0.0369247143233809,0.0346354850635968,0.205565361895646,0.0373409381681805,0.0334944569877116,0.4485010473528067,0.167385745647298
115,115.0,0.0364283555717955,0.0371650056005379,0.0348432604235287,0.2046743497364677,0.0379031368448398,0.0336088802768495,0.4478297173194868,0.1675472942264937
116,116.0,0.0366834912816207,0.0373652040543601,0.0350242043382278,0.2038215425078381,0.0384301358316792,0.0336550407634965,0.4472919051270307,0.1677284760957464
117,117.0,0.036914503153742,0.0375212222314531,0.0351770501101491,0.2030107222996259,0.0389175903702097,0.0336844188238879,0.4467829847288989,0.167991508282033
118,118.0,0.0371341383910788,0.0376499184322329,0.0353148213135811,0.2023263917265681,0.0393773276865012,0.0337117248723808,0.4461137935164976,0.1683718840611591
119,119.0,0.0372944807192499,0.0377448186791131,0.0354302191503369,0.2016933900293346,0.0397996478274511,0.0337285728741605,0.4455392341823304,0.1687696365380231
120,120.0,0.0374330326846716,0.0378085551326457,0.0355501826123527,0.2010976174705793,0.0401523215666296,0.0337352532558011,0.4450692661254081,0.1691537711519116
121,121.0,0.0375512379269492,0.0378419312727287,0.0356473487366099,0.2005322233175438,0.0404647954473708,0.0337308026891903,0.4446857584417082,0.1695459021678986
122,122.0,0.0376612099699444,0.0378123645048222,0.035750517111744,0.1998628689645532,0.0407644885649923,0.0336819022935716,0.4447365694787972,0.1697300791115747
123,123.0,0.0377480995140009,0.0377523371977823,0.0358291534790255,0.1992287635301734,0.0410214144217093,0.0336206658994704,0.4448908128916313,0.1699087530662066
124,124.0,0.0377465507809265,0.0376653452205491,0.0358847499314081,0.1986091850140199,0.0412961075568809,0.0335488947575989,0.4451014961422612,0.170147670596355
125,125.0,0.0377231406947192,0.0375526498205239,0.0359416662244707,0.1981110670115323,0.0415297066521177,0.0334661591756654,0.4452866285600421,0.1703889818609284
126,126.0,0.0376799051123201,0.0374175404594765,0.0359748647241753,0.1976651518038829,0.0417236661378089,0.0333740779261653,0.4455336132386555,0.1706311805975151
127,127.0,0.0376912469982068,0.0373352308097205,0.0360603495930325,0.1973114386414769,0.0419503066448683,0.0333450177136355,0.4459210088796536,0.1703854007194057
128,128.0,0.0376395893336911,0.0372144672754026,0.0361300265297154,0.1969805285202203,0.0421442173219969,0.0333122094799571,0.4464398037137288,0.1701391578252877
129,129.0,0.037640570056615,0.0375165152746843,0.036246767381496,0.1968554027193815,0.0420117926209954,0.0333397675678003,0.4470913296739391,0.1692978547050881
130,130.0,0.0376268031683878,0.0378005664836055,0.0364010756635862,0.196819401533981,0.0418476768344153,0.0333592894489699,0.4477353472597631,0.1684098396072908
131,131.0,0.0376004915192813,0.0380978559694747,0.0365334437909084,0.1968004068625931,0.0416573407009849,0.0333723934558486,0.4483927740222426,0.1675452936786661
132,132.0,0.0377212191112488,0.0385344857322014,0.0368069135779012,0.1970421309557123,0.0416032518231343,0.0335377087019261,0.4485680835857729,0.1661862065121027
133,133.0,0.0378059452176944,0.0389504934666827,0.0370601944530995,0.1972458855680727,0.0415306928750722,0.0336967274218094,0.4492092118120091,0.1645008491855597
134,134.0,0.0378410923458638,0.0393031156509024,0.037252640407293,0.1973805502768887,0.0414030548824984,0.0338087165901771,0.4501452620332651,0.1628655678131114
135,135.0,0.0378544472629043,0.039618243292682,0.0374669542789088,0.1974340664009461,0.0412503509091721,0.0339004404190635,0.4511566040438267,0.1613188933924962
136,136.0,0.0381307830431898,0.0401791014461217,0.0379305188168348,0.1973403666874542,0.0413593893367127,0.0342557361250745,0.4502276439863824,0.1605764605582295
137,137.0,0.038397785657249,0.0407115394369414,0.0383737291227512,0.1973255036336914,0.0414590821791585,0.0346008241665378,0.4492440439227093,0.1598874918809613
138,138.0,0.0386252316226154,0.0411844445879247,0.0388213326383667,0.1971889937694656,0.0418933550411208,0.0349047423890935,0.4482959170473382,0.1590859829040749
139,139.0,0.0388371971562961,0.0418075533025312,0.0392383570017324,0.1970338583971918,0.0423101576975324,0.0351910979892059,0.4474051468927936,0.1581766315627163
140,140.0,0.0390247401036862,0.0423750879741788,0.0396163743864675,0.1968107397559931,0.0428754127066429,0.0354503846399035,0.4465898794234333,0.1572573810096943
141,141.0,0.0393146575587957,0.0430144915626619,0.0405323779337176,0.1963842410378227,0.0437990192146128,0.0359136104453994,0.4445177945021784,0.1565238077448112
142,142.0,0.0395862997556264,0.0436104950198033,0.0414084214326493,0.195974569116501,0.0446911770584257,0.0363541411386873,0.4424713757108092,0.1559035207674975
143,143.0,0.0397865799162203,0.0443731690469926,0.0421345383254239,0.1955111494925912,0.0454938289444952,0.0367172839654803,0.4405026668239295,0.1554807834848668
144,144.0,0.0399658356835913,0.0450854900724906,0.042809634209537,0.1951084056952851,0.0462542796613191,0.0370523077418533,0.43864049398729,0.1550835529486333
145,145.0,0.0401110045411518,0.0457318858467921,0.0434191013022181,0.1947430383745782,0.0469557724204176,0.037345259639908,0.436830690887603,0.154863246987331
146,146.0,0.0402271626594744,0.0463165214430616,0.0439206993837815,0.1943724767147359,0.047601614447682,0.0376009899229878,0.4351761258141765,0.1547844096141001
147,147.0,0.0403558788571109,0.046879535132813,0.0444037727983081,0.1940627869662463,0.0479265349482157,0.0378604927755704,0.4337211933298817,0.1547898051918538
148,148.0,0.0404662264768262,0.0473882685765686,0.0447842822972496,0.1938056774637503,0.0482037204550864,0.0380925709663177,0.4323557699839847,0.1549034837802162
149,149.0,0.0405795751949383,0.0478821290808121,0.0451354414499094,0.1932820105231647,0.048082314931411,0.0383176407120357,0.4310675814029545,0.1556533067047742
150,150.0,0.0406348068333814,0.0482809855987162,0.0450265207183967,0.1926384411819151,0.0478798515327492,0.0384744265388094,0.4302397047922445,0.1568252628037873
151,151.0,0.0406383067309475,0.0488693850660759,0.044838127021413,0.191978695154154,0.0477742532944625,0.0385692745341387,0.429488259532006,0.1578436986668022
152,152.0,0.0406185828968982,0.0493955368308676,0.044604135112292,0.1913415897250074,0.0476223230091091,0.0386307600734045,0.4288541300860519,0.1589329422663692
153,153.0,0.040838599692311,0.0502017622402051,0.0443360767464274,0.1904939255204904,0.0474223663634315,0.0386537907307603,0.4280444530596634,0.1600090256467108
154,154.0,0.0410107706209467,0.0507554375252838,0.044026843085247,0.1897104802115355,0.0471793916823941,0.03864024337614,0.4275080430316516,0.1611687904668012
155,155.0,0.0411614696952157,0.051245473869093,0.0436904847200242,0.1889386346339986,0.046906848341291,0.0386007009483969,0.4271038800714531,0.1623525077205273
156,156.0,0.0413003958428293,0.0516822995078473,0.0432753799008708,0.188172905534977,0.0465526899329436,0.0385471797328098,0.4270593344224008,0.1634098151253212
157,157.0,0.0413876693715917,0.0520271066781599,0.0428288700984041,0.1873640557484614,0.0461646966355194,0.0385145616284735,0.4270454437074766,0.1646675961319134
158,158.0,0.0414551325788737,0.0523146300445297,0.0423721299034045,0.1864924083565747,0.0457632629739215,0.0384636351462491,0.4272148750092255,0.1659239259872213
159,159.0,0.0415083587120544,0.0525513172184645,0.0419155328746103,0.1856672648169013,0.0453622876727607,0.0384012956864958,0.4274881211281234,0.1671058218905893
160,160.0,0.0415642195088447,0.0527548011558223,0.0414791103201418,0.1848170042584336,0.0449817149406375,0.0383445910349216,0.427775685392472,0.1682828733887265
161,161.0,0.0416473943725936,0.0529527886339567,0.0410910612235979,0.1840288838611289,0.0446444025545714,0.0383181952911287,0.4284874736603681,0.1688298004026547
162,162.0,0.0420356806960161,0.0529123699748587,0.0407405231872543,0.1833102651501258,0.0443400230249237,0.0383102953320397,0.4291407904693239,0.1692100521654576
163,163.0,0.0424055851569153,0.0528091083713198,0.0404000422377614,0.1826486784262881,0.0440406291735484,0.0382925285418803,0.4298575031035643,0.1695459249887222
164,164.0,0.0427573920007742,0.0526707656139454,0.0400732197743499,0.1820010658790237,0.0437543097508338,0.0382676429954276,0.4306473366023949,0.1698282673832504
165,165.0,0.0430896747169555,0.0525030946059228,0.0397631216281167,0.1813328036299223,0.0434829023042381,0.0382363842886847,0.4315346366049004,0.1700573822212595
166,166.0,0.0434449337251435,0.0522884749362568,0.0394717583100175,0.180687540845857,0.0431165297844599,0.0381996533528482,0.4324942673380021,0.1702968417074148
167,167.0,0.0438002327111345,0.05204980451196,0.0392254377440412,0.1801425327040415,0.0427644278987073,0.0381543815244563,0.4333502508195068,0.1705129320861522
168,168.0,0.0441908374394521,0.051812395421375,0.0390155660782407,0.1796848554166013,0.0424492292693201,0.0381223570435009,0.4339755598670076,0.1707491994645023
169,169.0,0.0445930827503482,0.05162461549586,0.0388635327003226,0.1792793713886396,0.0421921471485099,0.0381020489424493,0.4344633183559075,0.1708818832179627
170,170.0,0.0449702915403216,0.0514299412893442,0.0387323733069775,0.1788178647509234,0.0419582596383021,0.0380826504072733,0.4350274394044141,0.1709811796624437
171,171.0,0.0452626329461857,0.0512579166300842,0.0386054394583075,0.1782403962867986,0.0417322997180028,0.0380479488724817,0.4359425362795996,0.1709108298085398
172,172.0,0.045523328900881,0.0510778201459219,0.0384930764290007,0.1777226407773411,0.0415251801764885,0.0380092676020483,0.4368251013465958,0.1708235846217225
173,173.0,0.0457552945940935,0.0508945385741598,0.0383970820784246,0.1771862681154505,0.0413392980185946,0.0379696012295405,0.4377485009815294,0.1707094164082067
174,174.0,0.0459589245697564,0.0507099863769393,0.0383159975207219,0.17662856667196,0.0411742683961624,0.037930101998292,0.4383333900041163,0.1709487644620515
175,175.0,0.0461003447360125,0.0504913876970522,0.0382161170654093,0.1760206315582895,0.04099481477347,0.0378565232260565,0.4389442782916757,0.171375902652034
176,176.0,0.046211897568448,0.0502717927297058,0.0381267757591779,0.175447748028297,0.0408319345749913,0.0377799448160762,0.4395313744601856,0.171798532063118
177,177.0,0.046296312799326,0.050027825342549,0.0380707248341204,0.1748866336316653,0.040686494348304,0.0377023276042399,0.4401204378396512,0.172209243600144
178,178.0,0.0464841823625719,0.0499911023791638,0.0381540708626504,0.1745164965403039,0.0406871709601541,0.0377022360532275,0.4405576003048059,0.1719071405371224
179,179.0,0.0466451812166232,0.049956238159091,0.0382437041823321,0.1741583863583388,0.0407010926882711,0.0376998190863224,0.4409960533022037,0.1715995250068174
180,180.0,0.0467963800553087,0.0499393165257222,0.0383534609985184,0.1737285299053782,0.0407428238412539,0.0377990807505354,0.4413097403362545,0.1713306675870285
181,181.0,0.0469228554813688,0.0499246015702731,0.038487488722482,0.1733192565437143,0.0407950135619986,0.0378935113818283,0.4415894101248804,0.1710678626134541
182,182.0,0.0470345709824711,0.0499207349512639,0.0386317478211909,0.1728489699995448,0.0408644842794057,0.037992578645321,0.4419463864256894,0.1707605268951131
183,183.0,0.0470760988214443,0.0507536885814063,0.0392399978371806,0.1727893080840996,0.0421464061794937,0.0385521175028938,0.4394518028133483,0.1699905801801334
184,184.0,0.0470987321086547,0.051581344465322,0.039843364272653,0.1726408677015512,0.0434236155658151,0.0391040527140513,0.4370828615634156,0.1692251616085369
185,185.0,0.0471033646959474,0.0523959604252466,0.0407696397610908,0.1724858926263643,0.0446462365245995,0.0396430872570766,0.434446701690058,0.1685091170196166
186,186.0,0.0470899761549546,0.0531887917330111,0.0416755133119701,0.1722934973631873,0.0458387113916371,0.0401609647023184,0.4319496622064093,0.167802883136512
187,187.0,0.0470322577994653,0.0538893611348879,0.0424954352764356,0.1720687708202801,0.0469335989203298,0.0406282231765958,0.4298293709587975,0.1671229819132079
188,188.0,0.0469990881837327,0.0541905368257857,0.0432852968097595,0.1718229304397469,0.0479850327322397,0.0410733030280047,0.4282136810574971,0.1664301309232336
189,189.0,0.0469513502966385,0.0544578571096976,0.0440345125244615,0.1715653070597038,0.0489828957192673,0.0414880874450157,0.4267728105343605,0.1657471793108549
190,190.0,0.046892335081626,0.0546926378406982,0.0447411341096194,0.1713673053717015,0.0499232377417845,0.0418727346121914,0.4254329675373144,0.1650776477050643
191,191.0,0.0468433304654994,0.0549158848614984,0.0451185001741255,0.1709936978784923,0.0508225742823979,0.042245482198549,0.4241740600242051,0.1648864701152322
192,192.0,0.0471559674513552,0.0551075380325006,0.0454498227374139,0.1705920325843057,0.0516570978285473,0.0425851022779059,0.422778166065484,0.1646742730224872
193,193.0,0.0473834355185975,0.0552325438555136,0.0457004593579508,0.1701380268508742,0.0524157541559295,0.0428544481796597,0.4214697532826432,0.1648055787988312
194,194.0,0.0475036947512576,0.0553000997738128,0.0458801363315116,0.1695844749435364,0.053077326189854,0.0430619020833756,0.4203382156691903,0.1652541502574613
195,195.0,0.0475761905605675,0.0552691162430948,0.0459843064426055,0.1689818391318298,0.0536363859079968,0.0432041233576116,0.4192691195009856,0.166078918855308
196,196.0,0.0476578156978743,0.0552359239774641,0.0461070043964423,0.1683329243077899,0.0541504805088103,0.0433390996166291,0.4184319720333735,0.1667447794616162
197,197.0,0.0476957873300992,0.0554227916990148,0.0461632250286771,0.167809231672678,0.0545674195662428,0.0434568537004101,0.4175816024273535,0.1673030885755241
198,198.0,0.0477238576193037,0.0555903280057725,0.0461886337235078,0.1672618742640878,0.054922687063472,0.0435495354604564,0.4169053403264172,0.1678577435369822
199,199.0,0.0477888196022519,0.0558418337618824,0.0462313715201005,0.1667142116592874,0.0554615525748483,0.0436515410393608,0.4158596592265172,0.1684510106157511
200,200.0,0.0481148454938422,0.0563431491617227,0.0465182503068386,0.1663048826661491,0.0560951244593723,0.0440020766348289,0.4127096348870473,0.1699120363901984
201,201.0,0.0488639742991168,0.05688585421714,0.0468430302429653,0.1659888253923949,0.0564323549792824,0.0443933333238203,0.4093916663621,0.17120096118318
202,202.0,0.0498190828562335,0.0576264110345434,0.0473450503192552,0.1656142500205169,0.0569369571816252,0.0450087844525442,0.4045882979971388,0.1730611661381424
203,203.0,0.0507708356939022,0.0583975676806454,0.0478486836780751,0.1652847097622136,0.057407988951341,0.0456180934072912,0.3998528814109081,0.1748192394156228
204,204.0,0.0513186827998209,0.0591313387754993,0.0482765560349954,0.1647966193603229,0.057823126331196,0.0461959352395,0.3958874133350066,0.1765703281236584
205,205.0,0.0518272449540522,0.0598209899955124,0.048667173818163,0.1643194295292265,0.058180209263056,0.0467343056008306,0.3925663143800768,0.177884332459082
206,206.0,0.0522988699759712,0.0604672043552103,0.04902382613591,0.1638730767739922,0.0584846861025597,0.047235112810241,0.3895370883607889,0.1790801354853263
207,207.0,0.0527330999275469,0.0610683810722166,0.0493468604839664,0.1633545358038593,0.0587393372895043,0.0476981692102856,0.3868692559491911,0.1801903602634294
208,208.0,0.0531287060276951,0.061622336581974,0.0496357426687751,0.1628496179584314,0.0586075248317323,0.0481219933292978,0.3848549814464985,0.1811790971555952
209,209.0,0.053448831844761,0.0620919890000742,0.049854634973625,0.1623335555722967,0.0583970537137441,0.0484695073983946,0.383362572939786,0.1820418545573179
210,210.0,0.0536576702626014,0.062403881188184,0.0499681935771828,0.1617889017619891,0.0580777406264607,0.0487047133955959,0.3820268206010119,0.1833720785869736
211,211.0,0.0536463645227497,0.0627885894241993,0.0502069527201759,0.1611217921798997,0.0582191664568741,0.0490241313202449,0.3810539318199656,0.1839390715558901
212,212.0,0.0535556377971571,0.0630808049323221,0.0503690373418215,0.1604820661219286,0.0584313056838655,0.0492597569694312,0.3802424064939188,0.1845789846595545
213,213.0,0.0537021511193995,0.0632612851665315,0.0504652370142402,0.1598131551863377,0.0585732735102709,0.0494223946789244,0.379622922504752,0.1851395808195433
214,214.0,0.0538227044481384,0.0634018485888738,0.0505358566132238,0.1590332665867314,0.0586908185498883,0.0495522313616088,0.3793466468555002,0.1856166269960347
215,215.0,0.0538668507651256,0.0634532625447184,0.0505565438708999,0.1582571182656036,0.0587586226719417,0.0496246467126856,0.3795205136079739,0.1859624415610509
216,216.0,0.0538965699131214,0.0635226987964154,0.0505669765679793,0.1575155585883927,0.0588165980985778,0.0496802564552502,0.3797702704705828,0.1862310711096798
217,217.0,0.0539037070296699,0.0635592980483014,0.0505566443670732,0.156797613134997,0.0588526410015721,0.0497076629289977,0.3801845162480882,0.1864379172413
218,218.0,0.053890530886217,0.0635655838475147,0.0505274281396237,0.1561714018461179,0.0588686661437254,0.0497094779575598,0.3806797015024918,0.1865872096767492
219,219.0,0.0538649236032603,0.0635502437143934,0.0504872274836224,0.1555851930374099,0.0588722340827633,0.0496934982541422,0.3811641932718734,0.1867824865525348
220,220.0,0.0538388652953654,0.0635266087593222,0.0505201523655336,0.1549356022090824,0.058887662050019,0.049675445754317,0.3817866021542598,0.1868290614121001
221,221.0,0.0538016632329217,0.0635302507124846,0.050543507746562,0.1542518437656925,0.0588912477114509,0.0496424418509822,0.3825395972268181,0.1867994477530877
222,222.0,0.0538177500177079,0.0635786889924246,0.0509485218701954,0.1543968287782351,0.0585767152763561,0.0496588971788606,0.383171076320875,0.1858515215653448
223,223.0,0.0537550878785021,0.0635862081662039,0.0512718983240717,0.1544827672337723,0.0581858071934207,0.0495931370899,0.3843114059050131,0.1848136882091159
224,224.0,0.0536824454287086,0.0635756791211983,0.0516442067149575,0.1546041125040053,0.0577903372078709,0.0495144761575627,0.3854327118305286,0.1837560310351677
225,225.0,0.0535398505398804,0.0634878989661459,0.0522684299230809,0.1546704207405037,0.0573330196258202,0.0496966278248396,0.3867261353525269,0.1822776170272021
226,226.0,0.0533709949139773,0.0634099846692459,0.0527797202894711,0.1542065097928274,0.0574962465282707,0.0498186137411238,0.3881134603848916,0.1808044696801918
227,227.0,0.0532376183755479,0.0627542173525294,0.053576156383592,0.1537690969294717,0.0576707260892996,0.0499674966009489,0.3892715562193927,0.1797531320492174
228,228.0,0.0532610170805115,0.0618832399791541,0.0543812492161854,0.1534125033128299,0.0578865261561488,0.0501451824206643,0.3903491503334184,0.1786811315010874
229,229.0,0.0532442648261579,0.060980684642562,0.0551112578856348,0.1529452397984722,0.0580624025923071,0.0502715737377912,0.3917583605507795,0.1776262159662952
230,230.0,0.0531465241668699,0.0600547842252503,0.0556706483714268,0.1529502775422992,0.058130316407137,0.050305287129842,0.3931888259264074,0.176553336230767
231,231.0,0.0530295050139269,0.059130109795377,0.056168925974875,0.1530556333423821,0.0581829606687583,0.0503084421908672,0.3945326808619383,0.1755917421518749
232,232.0,0.0531959013666815,0.0582375492442205,0.0567054716279863,0.153191919144457,0.0582366605640622,0.0500280883087002,0.3956807851539316,0.1747236245899606
233,233.0,0.0533781999731363,0.057385088778357,0.0571690094623804,0.1533929777134698,0.0582932104886543,0.049747801780169,0.3967547308120646,0.1738789809917685
234,234.0,0.0535762117448912,0.0567348233977039,0.0576043787410402,0.1536943184545652,0.058364574787058,0.0494833499785152,0.397388451457079,0.1731538914391472
235,235.0,0.0537871013208653,0.0561441771810243,0.0583804382345035,0.1539952920304453,0.0584487875971576,0.049236023167317,0.3974429631528086,0.1725652173158783
236,236.0,0.0540246019817656,0.0556306467856538,0.0589035726965911,0.1541625207009705,0.0585861044218236,0.0490308771074777,0.3976628360988731,0.1719988402068442
237,237.0,0.0542771893565755,0.0551841895330493,0.0594024145170531,0.154141510718382,0.0583707832185005,0.0488533358232518,0.398626037439571,0.1711445393936164
238,238.0,0.0544567204392262,0.0547193848305573,0.0597529274650115,0.1542595645435933,0.0580895055941718,0.0487632730449701,0.3996611363390321,0.1702974877434374
239,239.0,0.0547068108695985,0.0543752387491915,0.0601407983301358,0.1545634557067587,0.0579394273571835,0.0487543385612441,0.4007889739688976,0.1687309564569899
240,240.0,0.0549748683647012,0.0541040950272953,0.0602099210833546,0.1548221738945016,0.0575627032842778,0.0487809314239828,0.4023355329911033,0.1672097739307831
241,241.0,0.0552287938581472,0.0538732091871413,0.0602350704106347,0.1550906542265477,0.0571903232075653,0.0488110490054885,0.4034522194212772,0.1661186806831978
242,242.0,0.0554447997332514,0.0536599435126541,0.0601981632253932,0.1552676644512602,0.0568029082370434,0.0488209042871911,0.4047018800793791,0.1651037364738272
243,243.0,0.0553940470692753,0.0535106108660286,0.0602154874288928,0.1554483061322382,0.0563009136615109,0.0488602351230142,0.4054817684070156,0.1647886313120241
244,244.0,0.0552863921807079,0.0536486927377607,0.0601768553665718,0.1556140983242446,0.0557885692977749,0.0488589492406297,0.4061412044529018,0.1644852383994083
245,245.0,0.0559719639441759,0.0539076411480901,0.0598409920362687,0.1558644080022503,0.0553588080325386,0.0489515547390579,0.4060368414886695,0.1640677906089487
246,246.0,0.0562112045918648,0.0543060375722323,0.0594186747144478,0.156136306151583,0.0549279637797043,0.0490232081266725,0.4062885997391243,0.1636880053243707
247,247.0,0.056352134433171,0.0547093115412302,0.0590074242181129,0.1563192604064658,0.0544266610114844,0.0490443680215664,0.4065128464720733,0.1636279938958957
248,248.0,0.0564410966368527,0.0551352080134542,0.0586207547766704,0.1570590007018935,0.0541917005804535,0.0489004872440849,0.4064053880951653,0.1632463639514252
