,Unnamed: 0,Generation,Intertwine_two,Add_vertex,Delete_vertex,Invert_path_vertices,Insert_inside_vertex,Delete_inside_vertex,Replace_inside_vertex,Donate_between_routes,Trim_one_terminal_cb,Grow_one_terminal_cb
0,0.0,0.0,0.09999999999999999,0.09999999999999999,0.09999999999999999,0.09999999999999999,0.09999999999999999,0.09999999999999999,0.09999999999999999,0.09999999999999999,0.09999999999999999,0.09999999999999999
1,1.0,1.0,0.10707537687209431,0.09395918164237627,0.09291667599526136,0.11293808796531798,0.08804494655017987,0.10775586328009545,0.09698622874846025,0.0912521357915251,0.10043650657717199,0.10863499657751693
2,2.0,2.0,0.11651982643457748,0.09991760587791257,0.10620226164862726,0.10429634427395292,0.08325954706163183,0.10453501923945596,0.08702590717096016,0.07865660965054658,0.10465052656740241,0.11493635207493236
3,3.0,3.0,0.107126909247547,0.09794974144786178,0.10826386605133068,0.10242675416599178,0.09256287359259724,0.10208801397937162,0.08712868216642357,0.08964203564150035,0.10492180399703181,0.10788931971034373
4,4.0,4.0,0.11334869564426626,0.11129394639759482,0.09568331409274473,0.11068335131391727,0.08488449510735259,0.10154354261470644,0.08737670071875554,0.0672636366998596,0.11657029863109063,0.11135201877971165
5,5.0,5.0,0.11031700314811395,0.09701873468700242,0.11019729590317069,0.09763372283642965,0.08641438391310927,0.1092160916163554,0.08419825067579653,0.07295612452099734,0.11658163049518663,0.11546676220383767
6,6.0,6.0,0.10564081257351876,0.09873726702708527,0.10078431328212618,0.11093618517632726,0.09782685904002165,0.10074297686594665,0.08705848613424082,0.0783021563933185,0.1179253566962311,0.10204558681118339
7,7.0,7.0,0.10110356839306404,0.09605518735443433,0.09589436070079674,0.10482838676562982,0.09029190384492958,0.1051322722124762,0.08674496780286409,0.0771776292512752,0.12551444338997897,0.11725728028455054
8,8.0,8.0,0.11516858872530955,0.09941373933534904,0.11368930606617902,0.10618338134283087,0.08327537076293909,0.09800122434109959,0.07509320132302974,0.07002765453058143,0.12365515173567007,0.11549238183701112
9,9.0,9.0,0.11042770183717407,0.09898559033566065,0.09697518693018795,0.10229726018422391,0.0803351160612697,0.10916424219265641,0.08502226897550129,0.06905610461602442,0.12077348099102166,0.1269630478762795
10,10.0,10.0,0.10791199075857139,0.09832733434656019,0.10655108771539845,0.10629830024415439,0.07647053775268751,0.09648376770433995,0.08405535291234384,0.07406063904162266,0.13916300379050156,0.11067798573381962
11,11.0,11.0,0.10544753582855393,0.09264698580244506,0.10550521265177022,0.10663938021261403,0.08081239354660052,0.10640311567965624,0.0834251501954914,0.0641703797112852,0.1255571393857757,0.12939270698580718
12,12.0,12.0,0.10712839430121983,0.10029817496286467,0.09808732575633228,0.0969351682353897,0.0837241581488187,0.1170536575649398,0.0792011031307982,0.07824220033224452,0.13200722075390361,0.10732259681348821
13,13.0,13.0,0.10729583517184575,0.09825614334539223,0.10439583479845746,0.09794798031040734,0.07764239924250822,0.10180176812459293,0.08185919032375343,0.0708040909157707,0.13316674794910427,0.1268300098181672
14,14.0,14.0,0.11287899831146961,0.09980349792720353,0.10592089142890823,0.1140420132122533,0.0737344521910355,0.09478883569337511,0.07306394027253063,0.07808681701283855,0.13442330065693497,0.11325725329345018
15,15.0,15.0,0.10791995472053321,0.10470633589367147,0.11162064377229279,0.08834004415879697,0.09464502490525534,0.10537346474722945,0.08127659771212574,0.06525885126548495,0.12630597449161868,0.11455310833299093
16,16.0,16.0,0.11013894552579415,0.09929280488541561,0.10240988275739107,0.09959617790257916,0.0784365130820642,0.10925569791046028,0.06833848446648735,0.0778754871135526,0.13909747547437168,0.11555853088188332
17,17.0,17.0,0.08820773804052899,0.09611440789181622,0.1106784632531896,0.10804808117131934,0.07479306104207202,0.11144060065690613,0.08060073122027483,0.06893207383095006,0.12823449400992837,0.13295034888301402
18,18.0,18.0,0.11215569303257855,0.10410148758473196,0.1044016383123684,0.09688388854388916,0.0794711213508847,0.10386779754738362,0.07937004877910249,0.06358536785622958,0.1299272482255043,0.12623570876732673
19,19.0,19.0,0.10236366966181873,0.09682282988202673,0.10472829195073848,0.10491083951655027,0.06535326170602755,0.12334105819955625,0.07957514961717857,0.06304450902951785,0.1334907084910307,0.12636968194555437
20,20.0,20.0,0.10602830373035813,0.11209886371195284,0.11909811204437715,0.11107202848029263,0.06786779668068885,0.09376990375961337,0.07275114907088237,0.06031816457753342,0.13808440384901471,0.11891127409528601
21,21.0,21.0,0.10176402711730625,0.09391568627054575,0.10731019799389503,0.10553942843841227,0.07726972545619631,0.11407232562026619,0.06697511520305724,0.05810031688530633,0.1394628712979864,0.13559030571702774
22,22.0,22.0,0.10397378812009153,0.09997189903397559,0.11434221538494042,0.1080290032466245,0.09313508854499875,0.09862505819107806,0.06947947839260898,0.05455158791196616,0.12639636488239586,0.13149551629131967
23,23.0,23.0,0.09953871650454096,0.09948981982285147,0.10426299285828096,0.10799917642293011,0.0842856932829498,0.10669638174058005,0.07093557982996086,0.06550867423451963,0.13308281464963773,0.12820015065374796
24,24.0,24.0,0.10520941563356301,0.11398546832640637,0.10683876348818058,0.10723081622316377,0.064204802529616,0.11183631042823786,0.0646843614770627,0.0684286297791941,0.14001254618927877,0.11756888592529631
25,25.0,25.0,0.11354409105928746,0.10237675448544821,0.11627075995661047,0.088602259851886,0.08490690393811931,0.09177344557971154,0.09285860411872758,0.0657701224258903,0.13455607811335002,0.10934098047096855
26,26.0,26.0,0.10486813636151464,0.1081971114754735,0.1064574689059116,0.10088747745719202,0.08133936351641535,0.1059083347084708,0.08342979063225839,0.057917255633286965,0.13083831834351264,0.12015674296596357
27,27.0,27.0,0.10364544985528039,0.1090568236764617,0.1081028916187371,0.09469977356698667,0.07463061105767274,0.10352129825179293,0.07709219721188715,0.07015067781266816,0.13170995691340098,0.12739032003511178
28,28.0,28.0,0.09924438125164532,0.10000353240031394,0.11734839475151608,0.11344572934750223,0.0718804371858007,0.11258039794041028,0.06867877450160735,0.06546825340676957,0.12554761833049055,0.12580248088394352
29,29.0,29.0,0.10141927243555829,0.11087356223287723,0.11135552998009782,0.11430326585932438,0.06114212017045353,0.10352026198881004,0.06625094786342973,0.06769316210472046,0.14187127325855967,0.12157060410616842
30,30.0,30.0,0.09628074451649374,0.11885270732583622,0.10971245526491644,0.09398994057267501,0.07758187164579197,0.1062065560090083,0.06422975876140065,0.0615873227344033,0.14240879852280297,0.12914984464667095
31,31.0,31.0,0.09592438388800448,0.10289359604843078,0.12574929791653067,0.09464514273383264,0.06860731086468427,0.10225121829887654,0.07506406466716534,0.05744913511609771,0.145450083815294,0.1319657666510831
32,32.0,32.0,0.10228569910108183,0.09741673566445483,0.11112778363488059,0.10443265545882982,0.0691429683786964,0.09865808631428466,0.08113762428842149,0.06160658463549594,0.14825084279776843,0.1259410197260855
33,33.0,33.0,0.09105351033659057,0.10064199895504197,0.11698010088024395,0.10949694689551559,0.06900382567400146,0.10537224020474963,0.06594678807026796,0.057492948891322504,0.15799746810979998,0.12601417198246598
34,34.0,34.0,0.10138458043709679,0.10373566917046204,0.11514888928892078,0.10408862866747197,0.0733596729903399,0.1084529821989428,0.0829625365063442,0.06217869202292066,0.1333761208266363,0.11531222789086401
35,35.0,35.0,0.10044859361110055,0.10121762729879338,0.10775832634439009,0.10030563458840498,0.0832818595961504,0.1040954295694853,0.07769882578181991,0.056273224810915665,0.14100567984803955,0.12791479855089977
36,36.0,36.0,0.10466333311459013,0.11192215660414158,0.11648945590593576,0.09642413037417537,0.05885130709722748,0.10605883579651851,0.07632584172403639,0.07456541042390466,0.13104592214888378,0.12365360681058588
37,37.0,37.0,0.10047073727650928,0.09960168479231928,0.12283096527559131,0.09627147396024517,0.08154820913619765,0.10479524780649371,0.07237322091542779,0.06340485376567459,0.1427513500279433,0.11595225704359739
38,38.0,38.0,0.08638964016422557,0.11110328626541643,0.1204036638598214,0.09371265901817785,0.06450935453871574,0.10255334037762875,0.08705321525588275,0.06901622548814618,0.14808457205861905,0.11717404297336584
39,39.0,39.0,0.09956230293029361,0.11499276621955659,0.1133141736652959,0.1043100994902199,0.06828055119874497,0.10187096210290203,0.07531975555685173,0.05341134329311779,0.13703478052461618,0.13190326501840088
40,40.0,40.0,0.0969136244238416,0.10778592501148379,0.11493880613415333,0.11010048835362785,0.06911015089990528,0.1124944873588766,0.0703894459322925,0.0601196285826638,0.13175367978412966,0.1263937635190251
41,41.0,41.0,0.09462039950428301,0.10369724130380478,0.10926887269585603,0.09240261685679638,0.07130249591151802,0.12084933585847009,0.06872053394678983,0.061937892211357724,0.15497246667171133,0.12222814503941237
42,42.0,42.0,0.09668240990042146,0.10035695431976302,0.12387173014909517,0.09120924628150691,0.07071748598822972,0.10822809678209562,0.07773522494759477,0.05869897646472917,0.14516175990651686,0.12733811526004685
43,43.0,43.0,0.09882108341007076,0.11020623588558112,0.12414022980666413,0.10119977842062026,0.06547229127464696,0.08334592193833247,0.07398551985882904,0.06955210972911503,0.14550600464200156,0.1277708250341382
44,44.0,44.0,0.10685059902809384,0.08954615003361335,0.1312930701712527,0.09794520545565731,0.07569758307061161,0.10371208211734011,0.06622800881331724,0.05178285739827395,0.14159253025484422,0.1353519136569952
45,45.0,45.0,0.0788016463269347,0.12138942026781852,0.12736018448184058,0.10378090887146149,0.08568237094164208,0.10421707884948991,0.05558196938825588,0.056648848276064014,0.1365907007343386,0.12994687186215387
46,46.0,46.0,0.10329362420887792,0.10240405306577623,0.11657617723281184,0.11055942448735352,0.08122358252754489,0.1017967499988875,0.057327147958345745,0.053681366996245414,0.1419835182621316,0.13115435526202493
47,47.0,47.0,0.09246588536891266,0.0978865154791038,0.10809124963577757,0.1013354056757946,0.07254749932333142,0.10782367061476464,0.06690098456249635,0.062157823855992424,0.16262647886803405,0.12816448661579205
48,48.0,48.0,0.09831180364863862,0.12083566968823642,0.13611773739054128,0.09855720783795305,0.060584399563626955,0.09907352207707901,0.05693022289656742,0.05477812899704496,0.15067250941962926,0.12413879848068254
49,49.0,49.0,0.10125494530675619,0.11270301818766429,0.12651257325673282,0.09002765768107002,0.06063783944879718,0.11904621448701838,0.06069520467198018,0.05316251086667458,0.14958056650059387,0.12637946959271204
50,50.0,50.0,0.10868602798443798,0.09833214193727458,0.12337345044055228,0.09224179853427403,0.056754828343430964,0.10497229844592307,0.06442050959248352,0.06494951502099555,0.14978782369679883,0.13648160600382872
51,51.0,51.0,0.09946271506395665,0.07974951027787278,0.13661589465523183,0.09522060676836011,0.07511160683563775,0.12035739999206205,0.056508749330497834,0.06509039224536016,0.14521539635438757,0.12666772847663285
52,52.0,52.0,0.08858302924182512,0.08961290376541753,0.13229878883371238,0.10801470537277043,0.06342662672869347,0.10982790798001293,0.06204937133883691,0.056706308202673486,0.1485741773503056,0.14090618118575166
53,53.0,53.0,0.09376595866152494,0.12668440418681517,0.12334709685450503,0.09852746906529544,0.05958233117821794,0.10992630091566728,0.0589171412830671,0.05029866808712365,0.14933255410028623,0.1296180756674969
54,54.0,54.0,0.10532012999883897,0.09422857130511002,0.13761277856210988,0.0997793939548394,0.07989918317558208,0.1012130521020029,0.06951702794572127,0.05919177384628155,0.14138585924422736,0.11185222986528617
55,55.0,55.0,0.10777608402494603,0.10320919456832903,0.1346011580500522,0.09692009896299288,0.06311838975614724,0.10100288389978693,0.06356539396268679,0.055668456355346715,0.13733254694032157,0.13680579347939023
56,56.0,56.0,0.10711884640688196,0.09919774214995736,0.12789842022648407,0.09889460500318295,0.07188097552238212,0.10350365374320773,0.07054314510360535,0.04962296986736613,0.1398980949562151,0.1314415470207168
57,57.0,57.0,0.09611703850371875,0.10839059521099617,0.11600568510228822,0.09963841999179264,0.07144859880092264,0.10435524402991028,0.06604473666745828,0.056196872038273095,0.15378306204277203,0.12801974761186746
58,58.0,58.0,0.0950092640736667,0.10805805677623233,0.13763797164903085,0.10029623874882151,0.06078341366046143,0.09635316972619931,0.060496266994960544,0.05147401768730494,0.15850210788751165,0.13138949279581028
59,59.0,59.0,0.10836977657205257,0.0980194816095059,0.12184060458353296,0.11506900002973983,0.044766703963559404,0.10358428324342976,0.07654734952429228,0.05008230968627608,0.1560575313904472,0.12566295939716357
60,60.0,60.0,0.08542546478408039,0.11770103169126851,0.12639089291349523,0.09801728637778918,0.06313670086437831,0.09924512912428751,0.06077999613477073,0.06687143036794951,0.14939905013845972,0.13303301760352043
61,61.0,61.0,0.10292038752475648,0.09571554257699015,0.1387896018493458,0.10792933205935884,0.07363556249957993,0.10296826372601968,0.06533769894276811,0.0533311274345553,0.13593341075926277,0.12343907262736249
62,62.0,62.0,0.1005277365788257,0.09415283796114152,0.13493479897848337,0.11447948190556452,0.06609642194720348,0.10039197839927624,0.05834624752193328,0.05146055264154705,0.1552662114234254,0.12434373264259894
63,63.0,63.0,0.09475683868621494,0.1000134521788272,0.13159649195162135,0.09413093985485782,0.061887258877374285,0.1003674758024786,0.08111646261643615,0.051350480901223815,0.15050230790764352,0.13427829122332197
64,64.0,64.0,0.08798494335008047,0.12652175194309584,0.12166368659762505,0.09530892836427593,0.051002017855075424,0.10249720837187078,0.07071931500450608,0.04901877011941278,0.1589870611346969,0.1362963172593604
65,65.0,65.0,0.08581885058654613,0.09942952372023546,0.13618440095133727,0.09279259212019018,0.06183203137422778,0.10317733379613188,0.07148593846830967,0.06959476405184586,0.15575423827767923,0.12393032665349615
66,66.0,66.0,0.09547467121459897,0.11161066988231949,0.12024027930739925,0.10465468367926323,0.07599895132399183,0.10394348396121159,0.06420213669653566,0.05443471117986833,0.1467544205031331,0.12268599225167813
67,67.0,67.0,0.10070199371231477,0.10551272734784536,0.13443439413258199,0.08984364050481886,0.05838886740165058,0.0893337171545218,0.06810000647571038,0.05929873800087391,0.15217754136975742,0.14220837389992452
68,68.0,68.0,0.10083550755091095,0.10967343890144887,0.13526287323093705,0.08184862565876626,0.05399792710189973,0.0978296056467334,0.06941517951619676,0.04540406069985655,0.16755936593264956,0.13817341576060047
69,69.0,69.0,0.1053235530043384,0.10141592679412703,0.12796750101127918,0.08309566056318171,0.07257935181132773,0.10817726505837373,0.05871507821395546,0.059209523904388064,0.14986961444554509,0.13364652519348316
70,70.0,70.0,0.10486863977821301,0.11776547959336847,0.14809336906300277,0.09637740471370128,0.06343570493724045,0.09678460342475995,0.054219939431734664,0.05135519172719653,0.14616094066517243,0.12093872666560997
71,71.0,71.0,0.07464681549642102,0.1069327355625477,0.1396573468128786,0.0970629309638906,0.05706147364079643,0.10508523517434473,0.07373211487734668,0.04282822251672552,0.16236067699216586,0.14063244796288255
72,72.0,72.0,0.10397356632391672,0.10043792870137555,0.12104013216863192,0.09150316958732309,0.06321755664018333,0.12141620642245769,0.06564119970792964,0.046035354006097914,0.14742469236400452,0.1393101940780792
73,73.0,73.0,0.09095245750871009,0.10267520442176865,0.1409521265011536,0.08840595707692606,0.06475592922220011,0.10878554394000901,0.06575980764015113,0.05954232208488787,0.14766780197523152,0.1305028496289616
74,74.0,74.0,0.08595470535830202,0.09194766568518821,0.13464271208465337,0.10864273499507862,0.054945619708539305,0.09614905576665732,0.0680427020661212,0.0775528456469067,0.15214892310407085,0.129973035584482
75,75.0,75.0,0.09018287046505888,0.10931032836836996,0.1343787297511057,0.10194637913132987,0.06370339645794713,0.10991208483500206,0.059157862799870654,0.04707396202911507,0.16110891360050847,0.1232254725616918
76,76.0,76.0,0.09914917792049789,0.09888273746096596,0.12645405437881338,0.09110486129797893,0.07659950003912722,0.09012324696328709,0.06494892081123085,0.0432173716940464,0.15574939381560385,0.153770735618448
77,77.0,77.0,0.07976183035827913,0.08999671682309349,0.12579143093470493,0.09584423764815235,0.05825718961648711,0.1126666158327581,0.055665750797393096,0.0763224906738846,0.160877133788003,0.1448166035272438
78,78.0,78.0,0.08390214321427583,0.10307114489317237,0.12217278027769671,0.10894916770962766,0.07836226949857762,0.11867578005498632,0.05675611942661522,0.0483695527218026,0.14490556204390764,0.13483548015933758
79,79.0,79.0,0.09981220028196058,0.10414765602921972,0.144740693782131,0.099195628689379,0.06072934926598045,0.10251071549366049,0.06512410633216412,0.04762152668188017,0.15235542684356113,0.12376269660006292
80,80.0,80.0,0.1009555098199959,0.10845981867679952,0.1439576853872646,0.10292608346814547,0.056128923783735664,0.09831609605616255,0.060042521173630306,0.04436644151878477,0.15958174631438163,0.12526517380109914
81,81.0,81.0,0.09197721204409808,0.11304418023326415,0.12053143482927113,0.09285694993097093,0.06159825078669129,0.1203403573263978,0.06274143344336251,0.054333196311378104,0.15009178742338214,0.13248519767118347
82,82.0,82.0,0.10396527279569434,0.09245102302078607,0.13641958755840858,0.08997220443208868,0.04301848805621771,0.1074207239187196,0.06750235487648718,0.056680499466585786,0.1564891211873159,0.14608072468769576
83,83.0,83.0,0.08983991542146202,0.1046473202079999,0.14278045089237523,0.08742938413362036,0.0825947177427364,0.09957231221028155,0.054387922196452554,0.04322129548236695,0.1510769921933182,0.14444968951938653
84,84.0,84.0,0.08896905438218364,0.1276855433757897,0.134175451962882,0.09536529822184318,0.06180576746145189,0.10636104488211995,0.049757160461313864,0.04640176486516902,0.1518790022348762,0.13759991215237022
85,85.0,85.0,0.08688118164765744,0.10222804649246868,0.14091255172472003,0.08860180803838585,0.05476223104196759,0.10631413128099845,0.07570809276453572,0.04859906023416619,0.1720248294207666,0.12396806735433305
86,86.0,86.0,0.07571783023058806,0.11617318599795542,0.1451096807293502,0.09107762809583858,0.041639123853919484,0.10522222313539722,0.04624117279132848,0.04644885196016404,0.1740811458259626,0.15828915737949553
87,87.0,87.0,0.10149813961547365,0.1164374952236897,0.13674457591204486,0.08985718809215777,0.06129597246716286,0.09837986984160721,0.04786985939778863,0.04978974888395572,0.1599783340566395,0.13814881650947983
88,88.0,88.0,0.10044839497522326,0.10627805394539165,0.12631630094969074,0.10884820087494092,0.06026909516979073,0.11102613958055574,0.04145660944005597,0.0575664032295657,0.16162487130031972,0.12616593053446526
89,89.0,89.0,0.1096890345797231,0.10650979689397451,0.137792191925658,0.09557171666699546,0.051779914877507084,0.10125137323561861,0.06853387345363157,0.04143391444992853,0.14699320227087218,0.14044498164609065
90,90.0,90.0,0.10197865533328247,0.11642483566656295,0.13922784262555193,0.07801798474004462,0.05171263615785325,0.09511428860508364,0.057541652087386284,0.047351255835573446,0.1538897222277389,0.15874112672092217
91,91.0,91.0,0.08057161850266537,0.12815319614961834,0.143681588753726,0.10025607049835208,0.05498500398269838,0.10616550010035955,0.05313081296394649,0.04411684954899597,0.14180295620583105,0.14713640329380637
92,92.0,92.0,0.08575789514405775,0.1088387847876245,0.1396779272643219,0.09246559096871917,0.06325835461427036,0.12265925954768526,0.05493993803279458,0.04645014855324485,0.14349340778404024,0.1424586933032409
93,93.0,93.0,0.09088338945316665,0.12390702550892815,0.11967041050317395,0.09558439013493744,0.06256904898688453,0.10683486187823463,0.05928470353757907,0.05292749125769165,0.15221855730217332,0.13612012143723007
94,94.0,94.0,0.11895903445580813,0.10750228016084604,0.12538714872735707,0.09519045847501256,0.05489807297355218,0.11038171018339304,0.04863785204067604,0.05046302522934831,0.14678175322557824,0.14179866452842801
95,95.0,95.0,0.09872532481054892,0.12263382326479459,0.13964735008682977,0.07038831646533956,0.048457991631019534,0.09710382604799303,0.06046977912273656,0.04961751929458817,0.16867750459094202,0.1442785646852074
96,96.0,96.0,0.07912516304466916,0.11230853434887048,0.1387521416162445,0.08267687943380002,0.06176381014984613,0.1124962005986043,0.05182095515133385,0.04737394189677134,0.15975190439977524,0.15393046936008464
97,97.0,97.0,0.1125014066998012,0.12088309381981151,0.11089134073485438,0.1147059703262403,0.048205422390150875,0.10314372761640825,0.07587838205937882,0.0431270055123675,0.14270560258490123,0.1279580482560855
98,98.0,98.0,0.07122955481255602,0.09809633308439844,0.1206757771433024,0.09460444014155406,0.06092121211577338,0.09902970737049102,0.07727062641089674,0.041407869697223335,0.17665181834065666,0.16011266088314755
99,99.0,99.0,0.08034467821790335,0.12773381654331012,0.12839148006772555,0.0935156876232889,0.04283236856830066,0.08757360376657866,0.08415396826535546,0.06607690358141341,0.15232756025282038,0.13704993311330313
100,100.0,100.0,0.06913680778069291,0.11483630525087889,0.13065026006115904,0.12703649205351059,0.07738357078411476,0.09613663380568171,0.05281686149741989,0.051512278107117025,0.14890161841655702,0.13158917224286779
101,101.0,101.0,0.08140525741349885,0.0975941771238612,0.1446469691197747,0.0952957355539383,0.06977798350049286,0.10305203165281389,0.06264567081682497,0.03751779556661684,0.17023163809245495,0.13783274115972302
102,102.0,102.0,0.09812202222448725,0.1325183489589971,0.1357318278594542,0.08767915160535218,0.058557400053726026,0.10656508616379548,0.048246839190155336,0.06382319885355897,0.15254276325046626,0.11621336184000682
103,103.0,103.0,0.09151042968470839,0.13468226686623747,0.12792134624381968,0.10440548271085856,0.061681970448207654,0.08944333291996308,0.06018940188832291,0.043204045722984155,0.15798451432295046,0.12897720919194725
104,104.0,104.0,0.09368810088438415,0.10175574618810826,0.13224138002106894,0.09506986189993319,0.0773138400640137,0.08260679297124021,0.051341949932085185,0.061831061138026985,0.16877739476396575,0.13537387213717317
105,105.0,105.0,0.10232941030639128,0.1013433282362127,0.12898843752171565,0.11360169698025255,0.05769079677781151,0.08678844490717869,0.049851683587489745,0.05443051054826938,0.149257906033108,0.15571778510157014
106,106.0,106.0,0.0767435010744736,0.0919982577082902,0.1238624897000133,0.10254077366883255,0.05845756919446436,0.12919021585786145,0.04950210527938807,0.04886491901187116,0.18305619058212616,0.13578397792267877
107,107.0,107.0,0.10285366830326256,0.09198851739982518,0.14567225001183964,0.10580671519053522,0.034813199015994084,0.11245226017975936,0.06438480734655296,0.05297796393327925,0.14071619380178024,0.14833442481717116
108,108.0,108.0,0.09362768345741164,0.1213035881579978,0.14038147636141324,0.09267343084813054,0.060051519317777316,0.1087704659908586,0.05187097924789626,0.04924732647130044,0.15520562618247047,0.12686790396474332
109,109.0,109.0,0.11131471152326744,0.10728742091220275,0.1393363887743831,0.10117744751543763,0.04470514818021577,0.1032038689750652,0.032487086779070015,0.04916621894717163,0.16762070583866662,0.1437010025545194
110,110.0,110.0,0.06935668040529387,0.11665183422923857,0.13382915488711727,0.09380756526929446,0.07335315740243165,0.09812564322037669,0.08281123877628585,0.04999548851481905,0.14497397105656,0.1370952662385822
111,111.0,111.0,0.0915350081088385,0.10168722997401931,0.14780916563420604,0.10869832675364884,0.0516507202365034,0.09833757045866504,0.0582822222797024,0.03934636027106943,0.15049996739725005,0.15215342888609665
112,112.0,112.0,0.09009782625857941,0.10984035888517178,0.14089397041553223,0.07780008352174468,0.07107138941931926,0.08869726288756996,0.04925953923918817,0.061108516775863445,0.1770565649837096,0.1341744876133211
113,113.0,113.0,0.08871750869231049,0.11154662614378812,0.1402001518145329,0.10869242837718376,0.06705349727976542,0.08255554852735858,0.05512989310963936,0.05112470384991826,0.15658864709860545,0.13839099510689729
114,114.0,114.0,0.09528716338679401,0.10192288764055965,0.15012436154848982,0.10266113318465005,0.05366793404106492,0.09994350435572685,0.043678823551136156,0.05682936184325423,0.14982742678015154,0.14605740366817244
115,115.0,115.0,0.09451016130964855,0.12319434605580781,0.17077756433033964,0.10068576882055147,0.050370705077423014,0.1086485388594439,0.049141591732392,0.03454908774978279,0.13391905035551838,0.13420318570909215
116,116.0,116.0,0.10101686030555597,0.12103680359954268,0.14650275311494812,0.07466748631294243,0.08995221490649888,0.09031739715123752,0.06694092913902121,0.045515002069473086,0.1368140415091988,0.12723651189158092
117,117.0,117.0,0.08933950934292416,0.10854496170525123,0.15498054625679758,0.09921617983223877,0.05847270423378206,0.10679916306063016,0.05782370799016471,0.04052791275202462,0.15280860532530754,0.13148670950087876
118,118.0,118.0,0.09051940066691411,0.10081107520833173,0.1328800881620966,0.09340585384733233,0.07848726665871292,0.1153600889469697,0.054742667501852804,0.05323255973514931,0.14985652482943373,0.13070447444320646
119,119.0,119.0,0.09189095783020795,0.12476912262645272,0.12219215773668246,0.09738853494310981,0.044140289906538885,0.11766336943253179,0.07108528327291144,0.03784279465631914,0.16706495906577112,0.1259625305294743
120,120.0,120.0,0.09272810940975736,0.13467517590066383,0.11554021518486168,0.08617376438294817,0.052654783936240866,0.11077416443092329,0.06039773249730127,0.0572312274739543,0.15875507889461343,0.13106974788873546
121,121.0,121.0,0.0965441788461409,0.10242452030208868,0.1405545142432625,0.09466082814430384,0.06056528153919325,0.09927856785412023,0.06449019911005911,0.043482866776641795,0.1620301454122654,0.13596889777192384
122,122.0,122.0,0.09667017618422676,0.10200747387918449,0.13585760745181263,0.10013634657941599,0.06289266555437109,0.09672438748564147,0.06512228348186931,0.052638809586842805,0.14698112541373193,0.1409691243829031
123,123.0,123.0,0.08842969493215583,0.1065855729857037,0.12783222575434655,0.08358292622818123,0.07746887298351912,0.1013128584870225,0.06076032387661505,0.05104487935997289,0.15645701416883556,0.14652563122364712
124,124.0,124.0,0.09334724898553307,0.11830470952499643,0.13522851417821263,0.07220046539384307,0.07033746245926532,0.09696823430476886,0.06395003676024101,0.04744391588741802,0.17536311682423994,0.1268562956814813
125,125.0,125.0,0.09685342960872509,0.09470630456732168,0.1483805164158089,0.08752452996244518,0.06869847345878989,0.10099843763438661,0.0681643863146385,0.0402204465689693,0.14924345007942744,0.14521002538948696
126,126.0,126.0,0.09310634599072129,0.1038335934259631,0.14397333098390158,0.09372135777901643,0.077575154357955,0.09891115756978683,0.053777933679754295,0.0561445786914755,0.148350940713381,0.13060560680804453
127,127.0,127.0,0.09859571038394459,0.10778522185840142,0.13628530000846345,0.0861816352823282,0.07411694412009055,0.10707644676984725,0.06848887911180222,0.05274644407662303,0.13732060107225422,0.13140281731624465
128,128.0,128.0,0.09350292411277061,0.09443518113788787,0.14425035541031217,0.10966334635811929,0.0690514936596106,0.09252893419182685,0.05914835418967027,0.03884856542356628,0.15477978450807905,0.1437910610081566
129,129.0,129.0,0.11778810855732151,0.11070232592884828,0.12774908255084294,0.08567264526456335,0.06736438044307178,0.11509616133742413,0.0380322769703188,0.03486118890903962,0.16279554315332104,0.13993828688524818
130,130.0,130.0,0.10792439825671167,0.12101820690962076,0.12041336161625335,0.09407273812286078,0.03862676676545448,0.09625719045151324,0.0445475127279348,0.06325743173481332,0.14936788384502356,0.16451450956981367
131,131.0,131.0,0.08597847359836637,0.11925581414749245,0.13246958385737756,0.08961263845101253,0.06133411406783512,0.08827920198009388,0.044326005751975574,0.056828981035771664,0.16550097525777824,0.15641421185229634
132,132.0,132.0,0.09435778832895445,0.10028745461325772,0.14153187206379486,0.08467165863123867,0.05454374070881594,0.10146267129613,0.0490024597783703,0.07313858082259653,0.15712621236427454,0.14387756139256658
133,133.0,133.0,0.09288808250853527,0.09139551778853876,0.14138424507634467,0.10560010760875191,0.053694576629503075,0.09841358131344656,0.062187666884280624,0.05389165070106934,0.1524524934745884,0.14809207801494112
134,134.0,134.0,0.10505341080752317,0.10742912327886867,0.1362225463100137,0.11373028105367326,0.0595525732967893,0.10607352284227782,0.059774410866741026,0.035050239032789185,0.1527236514126022,0.12439024109872128
135,135.0,135.0,0.10708381711155675,0.09723674003790492,0.16895860146964428,0.09058290831243973,0.06562436568326593,0.07873211172170196,0.05089319319590545,0.048936010864864356,0.16094607478567435,0.13100617681704188
136,136.0,136.0,0.11515509917816007,0.1054694917865638,0.1270134855947872,0.12303899213358478,0.043348036793021516,0.09337773721118779,0.04815869720783415,0.05229434212749843,0.1549093164111297,0.13723480155623227
137,137.0,137.0,0.10421323479990785,0.1280312908759187,0.14711690093393534,0.11052604397484464,0.03502146009757052,0.09026636683903164,0.0613230737595936,0.035568010044447054,0.15736973081834535,0.13056388785640488
138,138.0,138.0,0.0943362129608569,0.11243448841737089,0.16634300345484881,0.10096503999069599,0.045913970248898386,0.07664915417106896,0.07204956613051451,0.04766721361868914,0.14137933285265883,0.14226201815439715
139,139.0,139.0,0.09734306514727613,0.10829302947624261,0.14546684202796972,0.09042521190595268,0.10047125776085153,0.08616370284959524,0.04175488308183569,0.05225590050441509,0.16091755308867386,0.11690855415718707
140,140.0,140.0,0.09049124619093284,0.12500557875503962,0.13643068803257644,0.11499738008325011,0.050504085344276216,0.060522297715054366,0.060881921891322036,0.04476831245286568,0.16404037522802514,0.1523581143066572
141,141.0,141.0,0.11542577416181851,0.11951506261175701,0.13936079974208054,0.083230070765809,0.058444812250228205,0.09762209965377777,0.04817728884602359,0.04451681258698344,0.1601960352281766,0.13351124415334498
142,142.0,142.0,0.10020919603182454,0.1011609002662128,0.1437337358467858,0.07839164434480346,0.07789897738938237,0.09356925970555366,0.04989151768390351,0.05073782610734725,0.1773283657391344,0.12707857688505178
143,143.0,143.0,0.10198748992295839,0.10719815156516517,0.13894391596589656,0.10143634913700694,0.05925124220925927,0.1009760097451399,0.03893928565454463,0.048013643765120975,0.14364342561184176,0.15961048642306605
144,144.0,144.0,0.07280732055340225,0.0977311234374023,0.15574345559923125,0.09666207074297575,0.04601194676388061,0.10838094382962246,0.05483513828542501,0.048370865349575486,0.16453883789984303,0.15491829753864148
145,145.0,145.0,0.09696519865516699,0.09686050552350396,0.15338059835713283,0.08487353550032012,0.04619669325422844,0.11200016658921866,0.049990268680777473,0.04488450056949668,0.18344504907839684,0.13140348379175762
146,146.0,146.0,0.12336397301724542,0.10536478857532272,0.13886573872776192,0.08982645741599474,0.047757075633897236,0.09788414627985213,0.0456072616185102,0.04661805213481455,0.16028384504566734,0.14442866155093337
147,147.0,147.0,0.12113325906862656,0.09730156629822269,0.12624370140218794,0.0907660137805795,0.04739088989620245,0.08315250075121891,0.07109952288668328,0.04414345346262024,0.1743832825367956,0.1443858099168625
148,148.0,148.0,0.11482029906040003,0.1420995487460108,0.13364052484562758,0.07685261827867845,0.04182474885450499,0.0966734272224719,0.06671598256882226,0.04370806856831742,0.15682506126002677,0.12683972059513945
149,149.0,149.0,0.1125697788956447,0.1026095343805185,0.11598126434844469,0.0943845606675826,0.07201606907097521,0.09488517694881379,0.060261381208522494,0.03459126248666465,0.16611739497867345,0.14658357701415953
150,150.0,150.0,0.11469543808070677,0.10172357369977411,0.12469996231449132,0.09849028295391091,0.0615047394679384,0.10341987003529432,0.07937732809127804,0.048312701028213355,0.14160339409830588,0.12617271023008642
151,151.0,151.0,0.10589458618261545,0.12059629800353781,0.15877902791436294,0.0861168274109363,0.056212109837934454,0.09230943310609423,0.044406349989340545,0.045735052038412494,0.15909996108148966,0.13085035443527576
152,152.0,152.0,0.13238882146275455,0.11000035855399089,0.12490979419398232,0.09248792421940444,0.06076094913307302,0.10730066793117252,0.040622123201588,0.04272994510180983,0.15157796211564753,0.13722145408657663
153,153.0,153.0,0.08631004210835917,0.11806831852631586,0.1361025463454495,0.08111249060164698,0.08770741492693777,0.09780081994651288,0.057218357998531755,0.047021313530790074,0.16757350203527963,0.12108519398017599
154,154.0,154.0,0.09325863982154702,0.10499155623299099,0.17205409581171785,0.08360305920052756,0.06248200965838948,0.1112212531385898,0.04856691468499832,0.0346402425857905,0.1914913627876847,0.0976908660777634
155,155.0,155.0,0.10914085693907553,0.1331861971765241,0.1284802026060329,0.06275624229607227,0.07764154123978956,0.1015939545670376,0.058982875289272305,0.04192667505904305,0.17438933204782814,0.11190212277932407
156,156.0,156.0,0.12936091667945496,0.1167793620119482,0.12860523475677993,0.0727644712485355,0.05056117338321653,0.12207314361081138,0.05695272418317193,0.045193699960522735,0.15674361973330722,0.12096565443225124
157,157.0,157.0,0.11593740472894609,0.1207576393568103,0.13357455907829863,0.09395238828131183,0.06662416138112012,0.06582617601110588,0.04330137240079009,0.03846647653317113,0.1781559990845703,0.1434038231438753
158,158.0,158.0,0.1308938049840343,0.0912411983467101,0.09380055807894942,0.09529562495402541,0.09576000305815083,0.08172526444508033,0.044238342421376295,0.035536168119253475,0.19300339884222112,0.1385056367501984
159,159.0,159.0,0.09388171333117822,0.11650516264263702,0.1233422393042812,0.09822659050845114,0.06446007434868947,0.09206416926492135,0.052413223048290714,0.04291680921251604,0.1701957654761483,0.1459942528628862
160,160.0,160.0,0.09916973709530982,0.10860170060890384,0.13798362486260274,0.10498635933735674,0.04811864466745831,0.09538612411550215,0.04836747498768298,0.041685968715573896,0.16776202614343466,0.14793833946617455
161,161.0,161.0,0.10873546426651604,0.10772212206096847,0.1487480990755033,0.08667692857087977,0.05686099315575606,0.09025755631310965,0.06196859291016558,0.03690547107040788,0.17042985773594047,0.13169491484075238
162,162.0,162.0,0.11586271520416154,0.109688661052547,0.1378476088881964,0.10516066404938318,0.06244429035243483,0.07002424876745089,0.05124454525473776,0.03410527746362792,0.1676162995871679,0.1460056893802923
163,163.0,163.0,0.11120435000975519,0.10371169117104755,0.13209170972355472,0.07864000587042226,0.05645574607116679,0.10843807226539079,0.04511299735060883,0.04078921750879745,0.1629678211585286,0.16058838887072752
164,164.0,164.0,0.1279857718799578,0.11806957082013785,0.1347219545220238,0.09518644222097142,0.04078422553985397,0.06561518545430728,0.0712125928529177,0.04081198137005014,0.1499987569907327,0.15561351834904702
165,165.0,165.0,0.11484781238726598,0.09298805771101747,0.14054673887858876,0.09418732042738934,0.07457647054790151,0.05767365898992131,0.06889995711933725,0.03771975984621499,0.15055216373728103,0.16800806035508198
166,166.0,166.0,0.10409794306398004,0.12879267175843231,0.14084696445777128,0.0881833353246919,0.05446691187244722,0.08910660671064345,0.05388731083501923,0.04343293230175932,0.1566558624363356,0.1405294612389193
167,167.0,167.0,0.10904704399517448,0.08147443848090094,0.1615655755182218,0.08838076091237636,0.07079698488532712,0.08559571456954304,0.04753078030751702,0.07116011233837667,0.14204004495247674,0.14240854404008543
168,168.0,168.0,0.09819041985699654,0.12689129575654812,0.1289071674780388,0.08387220527740194,0.05211685844471409,0.08226718952075363,0.03588766326877969,0.04945393755935053,0.17253150516745241,0.16988175766996397
169,169.0,169.0,0.14810865181736432,0.11512306122751088,0.1129504930893225,0.06884834168433698,0.05641702579399175,0.10161032360856062,0.03734191162614687,0.04004440557332036,0.15853108909649408,0.16102469648295137
170,170.0,170.0,0.11956064174880776,0.11205366455446633,0.11854811239898418,0.11109611500621001,0.046202159324028,0.10960530096232883,0.06976600385190783,0.03640146737072082,0.13333805445983765,0.14342848032270827
171,171.0,171.0,0.13694815399345117,0.1057471740745319,0.13615873167361936,0.08505628866623466,0.049472307144731935,0.08309438608525765,0.045874929832589985,0.047078333567613304,0.1725606330769292,0.13800906188504047
172,172.0,172.0,0.11034137361112555,0.12245965513636643,0.15516404024982144,0.0839588444617063,0.04729627526383848,0.09772623171562535,0.04555299889654728,0.037712043522308336,0.16608455945527503,0.13370397768738548
173,173.0,173.0,0.11592370666832301,0.10082092211783036,0.14335247023156833,0.08978447342667392,0.045989150638625534,0.09136987464031357,0.051734024380468514,0.05236123941963091,0.18705258322345303,0.12161155525311254
174,174.0,174.0,0.10938960384034072,0.07763712174786588,0.1652484937760656,0.09345256021449147,0.05462077005837811,0.09346184784513159,0.041357964239457444,0.049777286597419236,0.17123729088421916,0.14381706079663056
175,175.0,175.0,0.12345694228124118,0.09685655172296723,0.1305124499563723,0.08343905920297044,0.058014464992969826,0.07406826670940021,0.03759591424054608,0.047049569674610235,0.19685394536755846,0.1521528358513637
176,176.0,176.0,0.1303442827994661,0.07894686946975972,0.16597105029934328,0.09315866090908007,0.05287740089189132,0.10400392834381318,0.037881482660808576,0.031537626863357225,0.1541354050530924,0.1511432927093878
177,177.0,177.0,0.15158305754823606,0.09938604288224345,0.15481249398850225,0.08620830094964005,0.05090119164682703,0.09566964778479277,0.057830374684295506,0.03480402206427857,0.15569509367683101,0.11310977477435298
178,178.0,178.0,0.10400080401811136,0.11810213189683619,0.14326444849861122,0.07013495669656236,0.04029600904169371,0.10620060503831641,0.04166588492421881,0.06296282005591533,0.18007101620741142,0.13330132362232291
179,179.0,179.0,0.15032113423865437,0.10034318584255175,0.15065620565812343,0.06173568977191135,0.050222789600525085,0.06944317483468232,0.048756337040538666,0.03517077548758839,0.19556960026045173,0.1377811072649726
180,180.0,180.0,0.14080443985041394,0.13105638329994815,0.14017330769365785,0.05465610870382413,0.04245941641477261,0.10986709357374491,0.05909666445360434,0.03408773355699516,0.16751061462000014,0.12028823783303848
181,181.0,181.0,0.12352546118439853,0.11276026732395965,0.15230325450081725,0.08756469401658493,0.037202777772951744,0.08517391374572805,0.048843191878954736,0.03377026074401314,0.17292377420368732,0.14593240462890433
182,182.0,182.0,0.1355983633119036,0.09530259307680677,0.1348883899067744,0.07962628659495119,0.06400947211756265,0.09451202436825759,0.06295704133873213,0.04057488088193025,0.15622062122353894,0.13631032717954214
183,183.0,183.0,0.1209368131619278,0.09531790842835261,0.1143646050661212,0.07931790966555048,0.03871185170878029,0.10185062084375016,0.04275361576631378,0.03751202217613862,0.19649341511419585,0.17274123806886885
184,184.0,184.0,0.13039621572098042,0.08989277513081104,0.12577608552830438,0.1138079204460749,0.03986817455818389,0.08180924269722845,0.055478355882427166,0.04052097820411127,0.1670431584900664,0.15540709334181174
185,185.0,185.0,0.1146753733089563,0.1032689216043586,0.1414634253058041,0.07446641052364388,0.061434245819301195,0.07449033757553078,0.07532432256241549,0.03971519769430033,0.15642130230546464,0.15874046330022432
