,Unnamed: 0,Generation,Intertwine_two,Add_vertex,Delete_vertex,Invert_path_vertices,Insert_inside_vertex,Delete_inside_vertex,Replace_inside_vertex,Donate_between_routes,Trim_one_terminal_cb,Grow_one_terminal_cb
0,0.0,0.0,0.10000000000000005,0.10000000000000005,0.10000000000000005,0.10000000000000005,0.10000000000000005,0.10000000000000005,0.10000000000000005,0.10000000000000005,0.10000000000000005,0.10000000000000005
1,1.0,0.10900000000000001,0.1016390704147037,0.09934195088389935,0.099406949233895,0.10139868683465864,0.09876090482044596,0.09998382005855659,0.09941904175207714,0.09879059630268434,0.10057791921749315,0.10068106048158654
2,2.0,0.31601,0.10292910911636585,0.09953434845769735,0.09933818576247383,0.10169096767548329,0.09779948616876138,0.09989528557713377,0.09817082538568395,0.09700036520020837,0.10158703502213497,0.10205439163405758
3,3.0,0.6191589000000001,0.10397133055301924,0.09954300560749671,0.09933807238244843,0.10201278127177726,0.09688993525335002,0.10035034536173902,0.0969215721358803,0.09544790799928395,0.10265439575515016,0.10287065367985516
4,4.0,1.015801321,0.10550337381530475,0.09999679623273088,0.09898832665381249,0.10236316291928758,0.09577247672444833,0.10067822454519526,0.09563480104842897,0.09332363514619248,0.10401231341210342,0.10372688950249605
5,5.0,1.50262148669,0.10642057193874209,0.10030416649822431,0.09908871341267375,0.10299085381257146,0.09430648787846031,0.10107548642618507,0.09415697228029027,0.09090827666132913,0.1058199017761115,0.10492856931541222
6,6.0,2.0757334209441005,0.1071530407986583,0.10016038123698197,0.09924136375893476,0.10331622556972817,0.09361649377038467,0.10114297065479225,0.09280566781405968,0.08900319422637379,0.10773906336282299,0.10582159880726348
7,7.0,2.7307768275633495,0.10769039286638349,0.09991456202976864,0.09913289811891805,0.10407931195101566,0.09216057235870567,0.10119613288639272,0.0916085211652542,0.08700166702279995,0.11002471018138094,0.10719123141938068
8,8.0,3.4630081252450404,0.10816251299681529,0.09995225311161907,0.099353534205314,0.10441430443313124,0.09106195842813054,0.10187889550848109,0.08985234754658916,0.08466255140646287,0.11255499637473804,0.10810664598871866
9,9.0,4.2673862119061114,0.10905561239788696,0.10000885308617646,0.09937919117526084,0.10426173777989706,0.08944009865926668,0.10187029897224077,0.08832218631706697,0.08303000223472487,0.11447846007556448,0.1101535593019148
10,10.0,5.138652627782014,0.10991849701778628,0.09981739346997237,0.10024124563334184,0.10459823153872505,0.08772301653023276,0.10169579755685254,0.08687491587824964,0.08074575020394764,0.11695838141690505,0.11142677075398663
11,11.0,6.071405875792507,0.1102400139808631,0.09965384451671913,0.1010121895523121,0.1046706336952144,0.08620027852664576,0.10191865667343868,0.08573793129445241,0.07840138139143055,0.11929727640828532,0.11286779396063831
12,12.0,7.060169740244025,0.1103166799582077,0.10011364806931228,0.1013982627344424,0.10470499628747627,0.08509357898956899,0.10266092873897334,0.08411431711302586,0.07645926083856824,0.1213230527820506,0.11381527448837399
13,13.0,8.099455520847952,0.11088039584891675,0.10033690635223519,0.10220074285058646,0.10412296383771298,0.0836343039780443,0.10287736420677449,0.08308042668806656,0.07455408456985108,0.12336157150455769,0.11495124016325411
14,14.0,9.183818168183006,0.11123372305510151,0.10034723483659577,0.10304069480206587,0.10420869798780558,0.08208120862917269,0.10320273480897219,0.08115274650680866,0.07348554724790035,0.12559577987169787,0.11565163225387905
15,15.0,10.307906369102724,0.11167759800387411,0.10032899892260129,0.10398195038066231,0.10384484894463662,0.0814301735209082,0.10345918573625312,0.08002539870521398,0.07147008590790906,0.1273698201470227,0.11641193973091812
16,16.0,11.466506686239443,0.11163062926164034,0.10032273068124896,0.10502301554843242,0.10428255991714243,0.0804821947768398,0.10343712796870805,0.07827149359899119,0.07016074449796868,0.12906313457133017,0.11732636917769745
17,17.0,12.654581904800096,0.11074911945171881,0.10042467212596157,0.10576611787726821,0.10431492503979882,0.07973248475116282,0.10367078862064462,0.07716542759560213,0.06834981809118888,0.13075080826707441,0.11907583817957917
18,18.0,13.867303782456686,0.11077014592191267,0.10048300461892334,0.10611741656185808,0.10432473907974507,0.07891288458338012,0.10363191577919109,0.07632770252369463,0.06705934575158172,0.13227579757462074,0.12009704760509197
19,19.0,15.100080434523047,0.11013055782324131,0.10079272122887598,0.10694093156774563,0.10371833378892338,0.07811903661775836,0.10447324281393965,0.07526519513672753,0.06566167142847515,0.13371291150744183,0.12118539808687062
20,20.0,16.348578617037543,0.10949341795783539,0.10108206719408148,0.10792336599920678,0.10347970187165076,0.077168455630038,0.10455656362208537,0.07439176274868536,0.06407865173858501,0.13549289881570695,0.12233311442212429
21,21.0,17.608741195130214,0.108911873094281,0.1013620902263041,0.10879732708855523,0.10333587446210417,0.07603485060700005,0.10538665726593932,0.0731261799162132,0.0625359593369233,0.13665921345328622,0.12384997454939282
22,22.0,18.876800103462312,0.10823945643939739,0.10160223762189544,0.10994890190522566,0.10290366281547499,0.07526013290271058,0.10528764921531295,0.07196069073096621,0.0611441633540996,0.1384530140006861,0.12520009101423052
23,23.0,20.14928511992658,0.10768154125893781,0.10117774890857971,0.1104561174876938,0.10311572881949657,0.07481185820486969,0.1060382091909439,0.07148480448711633,0.06017365948245939,0.13932523155073076,0.12573510060917148
24,24.0,21.423028783545156,0.1066365623783675,0.10148375774822355,0.11149176856282186,0.10291208625587979,0.07350214152752998,0.10655668125035217,0.07121529135181554,0.05935162714113211,0.14075295576391567,0.12609712801996123
25,25.0,22.695167792966423,0.10665708621830532,0.10174488429220581,0.11194086750767283,0.10257553566009796,0.0732281458726516,0.10605917740626496,0.07118560529462159,0.058896560792075,0.14135111432273909,0.1263610226333652
26,26.0,23.963141223515898,0.10609471066162904,0.10196018884405816,0.11272891429435912,0.10236445755287885,0.07277133172196058,0.10660605404613835,0.07144496255520608,0.057605796615572406,0.14145229011524046,0.1269712935929563
27,27.0,25.224685898775267,0.10574410451016214,0.10317571981656662,0.11302095495979679,0.10156468629638774,0.07210320902599653,0.10680339846013703,0.07126050650420816,0.05685911802929481,0.14173285744924008,0.12773544494820951
28,28.0,26.477829247520948,0.10531859870176075,0.10283525507896084,0.11357848246347811,0.10220601218460927,0.07106488942622353,0.10744126458651006,0.0709964094004604,0.056202864494412086,0.14177083986187775,0.12858538380170667
29,29.0,27.720879968916847,0.10486587378955649,0.10365969308001878,0.11433455907353822,0.10236390939240127,0.0700504989073223,0.10735120005130318,0.06999354548070003,0.055507786381560884,0.1429371533366279,0.12893578050697047
30,30.0,28.95241681848399,0.1039016937035302,0.10425377127254837,0.11489718101491976,0.10241137161118796,0.0693865477722819,0.10800796373553144,0.06956749595673495,0.05442743151528154,0.14422198772314357,0.1289245556948398
31,31.0,30.17127581490958,0.10286526262699441,0.10424485526810895,0.11618153420586448,0.10191608078998672,0.06911379650158683,0.10827452507278389,0.06908526377628676,0.05406591392272919,0.14485879677955757,0.12939397105610073
32,32.0,31.376536153543515,0.10252686221158605,0.10397733139896426,0.11642366354152499,0.10151270681365561,0.06919646245069988,0.1077395662616686,0.06922625598722666,0.05386959022882718,0.14600389372613837,0.12952366737970797
33,33.0,32.567505096778625,0.10153954823173521,0.1039540366978214,0.11713983109466582,0.10140662351042523,0.06903967137371292,0.10835416519921072,0.06897716091989839,0.05363093422392535,0.14665576215501477,0.12930226659358982
34,34.0,33.74370209472243,0.10167648869217845,0.10381515424105982,0.11741515761081343,0.10115749086438476,0.06888996144011426,0.10860451437384591,0.06984191827586168,0.053502420043993255,0.14653902289296528,0.12855787156478282
35,35.0,34.90484237192463,0.10134649429885874,0.1040913729633496,0.11783833370998338,0.10065115326225418,0.06922431531205786,0.10914874315613882,0.06941881407170299,0.053198669143154104,0.14662518570821528,0.12845691837428475
36,36.0,36.05082019768737,0.10127965863428168,0.1040852594241883,0.11845297771040779,0.10029478097616012,0.06911551808362833,0.10928577607210804,0.0696566620071927,0.05328432144689375,0.14648429728213444,0.12806074836300457
37,37.0,37.18169203889697,0.1007335249587232,0.10436253478963434,0.11901193519312751,0.09964926241278736,0.0695268449474595,0.10879248972684002,0.06972333449190118,0.053155628996266205,0.14689367530180641,0.12815076918145396
38,38.0,38.29765977559663,0.10014382271510622,0.10435714210109742,0.1196353055039404,0.09909344760499546,0.0692124165978934,0.10889904801306952,0.07044645734584816,0.05297980886678846,0.14756144039903712,0.1276711108522236
39,39.0,39.399054140870355,0.09986190033352134,0.1047282084738069,0.11977699126823416,0.09921865550124369,0.06896452899516255,0.10845580748477053,0.0703993773925303,0.05310401110929052,0.14763518187103508,0.12785533757040463
40,40.0,40.48631852820801,0.0998267115468827,0.10520839808426106,0.11976821315236506,0.09947714107538322,0.06897800138026597,0.10834145782926158,0.06920219016720872,0.05375814363265434,0.14754808440355957,0.12789165872815753
41,41.0,41.55999329152982,0.09965343257847471,0.10527874138669825,0.12015515717655631,0.0994752716186652,0.06835546915347128,0.10881786930805942,0.06839365047741171,0.05386328492848676,0.14845907217134918,0.12754805120082696
42,42.0,42.62070064560415,0.09916354134500756,0.10504321491483655,0.12023604917338289,0.09868139585915219,0.06852112932912828,0.10941482145794236,0.06860015671925823,0.05427313972377441,0.14839583010233742,0.12767072137517993
43,43.0,43.669130257815,0.09840560583761536,0.10571116884945621,0.12129590847883662,0.09852562676549828,0.06858998025940033,0.10852996649298277,0.06840850413522809,0.054881200575130996,0.14842170742195201,0.12723033118389915
44,44.0,44.70602560622662,0.09839591371412137,0.10527105190403849,0.12231939953856019,0.09891903847736903,0.06801899893513008,0.10826951788186992,0.06890524437006368,0.05489161807198832,0.1481893723356827,0.12681984477117608
45,45.0,45.73217116373481,0.09769898986994592,0.10549036303115575,0.122666759852861,0.09864029721023491,0.06856279134959553,0.10829642911254517,0.0684119965677063,0.05477112437245317,0.14818470643003995,0.12727654220346216
46,46.0,46.748380453854836,0.09797272897281567,0.10546855258670117,0.12308811823004925,0.09879340961085264,0.06894912210540116,0.10790431142253923,0.0681788271534157,0.054689125147017494,0.14793775074795046,0.12701805402325708
47,47.0,47.755485010424316,0.09767177872619855,0.10489654310926762,0.12334775532996553,0.09829741450337098,0.0689693187400669,0.10782010333219462,0.06863409322864672,0.054732131504112706,0.14838376608562978,0.12724709544054644
48,48.0,48.7543242612326,0.09738052839962609,0.10583231341545792,0.12483607310470056,0.09841872418699964,0.06801191223506296,0.1073270040571676,0.06824853105343522,0.054482212979379815,0.14884306889073406,0.126619631677436
49,49.0,49.745736344347726,0.09870057193694468,0.10574827847015862,0.12504421061941481,0.09769785727352553,0.06824551221461188,0.10691427802784095,0.06770927382820052,0.05465706481493384,0.14903208047951264,0.1262508723348564
50,50.0,50.730549855707864,0.09946544535918836,0.10554037490412031,0.12469880940738061,0.09800442302524369,0.0675381202501467,0.1067958433859949,0.06720026317030771,0.0551543226586448,0.1490039789535484,0.12659841888542442
51,51.0,51.70957651737491,0.10002403575542068,0.10499805891292302,0.12544065657859518,0.09788465252228164,0.06764640110044076,0.10751455492889866,0.06638014636975109,0.05515196059428922,0.14889299877255352,0.1260665344648461
52,52.0,52.68360474770151,0.1001347757897117,0.10417234946082338,0.12586943558763797,0.0976555174081771,0.06762750966401065,0.10775445699815833,0.06596840356496794,0.05521943608523169,0.14872033735518927,0.12687777808609185
53,53.0,53.65339410751842,0.10026928560812237,0.1049224404110783,0.12574858143676673,0.09755533706875871,0.0674983346315894,0.10755498513896893,0.06536240330470736,0.05524496479941366,0.14901675842387593,0.12682690917671852
54,54.0,54.61967059027847,0.10022942394703935,0.1048349207955041,0.12587287229980237,0.09736638128867633,0.06767863704574997,0.1075384208487969,0.064956856757951,0.05540219332663934,0.14911452843679096,0.1270057652530496
55,55.0,55.58312271885972,0.09980449787001433,0.10464051835945389,0.12579160117806623,0.097874448500116,0.06781622824103876,0.10684279867426082,0.0648932509168896,0.05562630946544884,0.14883030606551662,0.12788004072919487
56,56.0,56.544398407394254,0.09982016004880662,0.10439081208160071,0.12625493471954702,0.09735473512426288,0.06830052754560792,0.10674128447474376,0.06518660974705844,0.055649707081913385,0.14880638272864677,0.12749484644781245
57,57.0,57.504102543001395,0.09952054896767873,0.10431662331468655,0.12598661730373034,0.09710578633300726,0.06887575746535116,0.10639097791644166,0.06480788211233637,0.055812000397333084,0.14922331022453758,0.12796049596489723
58,58.0,58.462795239617805,0.09990182921899697,0.10414078729334085,0.12665694207858127,0.09681951934996227,0.06856608469416003,0.10625812590470063,0.06422172892199866,0.05522288237501525,0.14950266630305536,0.12870943386018863
59,59.0,59.42099071417639,0.09999171331812232,0.10396380019740598,0.12689593150023845,0.09790221835010376,0.06758474033218671,0.10586265860831193,0.06447232541560738,0.05467380846797918,0.14963225542057368,0.1290205483894705
60,60.0,60.379156734137354,0.09984063834297979,0.10456765001538453,0.12711502670856067,0.09795520969051913,0.06649719576804765,0.10585913325051848,0.06418063245346184,0.05463541080558532,0.14943889292765056,0.12991021003729192
61,61.0,61.337714584760846,0.0996412042889223,0.10448170439700123,0.12787239614362877,0.09806788302799277,0.0664610182747853,0.1055688641231614,0.06420526542500597,0.054237100585649525,0.14970613782840614,0.12975842590544648
62,62.0,62.29703950447439,0.09963098635304529,0.10393238934302598,0.12852511587960466,0.0987057715535429,0.06604906087609767,0.10554658284958277,0.06382644255596298,0.05378526439312026,0.14974238660581699,0.13025599959020034
63,63.0,63.257461537171835,0.0986887779637331,0.10398307977355939,0.12878873666804186,0.09845950160863548,0.06532489792401017,0.10511891258648567,0.06472436749260455,0.05394405772609958,0.1506832520792559,0.13028441617757414
64,64.0,64.21926675122782,0.09805624001200294,0.10517031406410253,0.12959362029760133,0.09786756478732048,0.06465651982286288,0.10497681045676219,0.06460235876848817,0.0538018223363861,0.15084061052281073,0.13043413893166247
65,65.0,65.18269877636592,0.09713379867815787,0.10522089032259849,0.12976870214560207,0.09725143989839576,0.06440113273115726,0.10461184868796448,0.06478508370760755,0.05459039106230086,0.1513071765454145,0.13092953622080097
66,66.0,66.14796061122655,0.09644053127552271,0.10504352220200988,0.1300194896334413,0.09804646250483967,0.06444900140528648,0.10447329001459707,0.06482617721671989,0.054450645886425925,0.1513838765224585,0.13086700333869844
67,67.0,67.11521665648885,0.09672567241771443,0.10476891097323913,0.13131939613398463,0.09787380801962695,0.06325328309139935,0.10363384314619112,0.06482417898652264,0.0545259519384384,0.1517797746553346,0.13129518063754858
68,68.0,68.08459493066005,0.09621951724657042,0.10536364442475213,0.13204529610468851,0.0970631807127062,0.06299937915736496,0.10361204107988575,0.06520945412368867,0.0536629515719194,0.15247836613948157,0.13134616943894223
69,69.0,69.05618942810752,0.09574192486299797,0.10560418045684254,0.1318195402496718,0.09606280278581457,0.06287109364026157,0.10436126845196649,0.06507672897458856,0.053022144181204475,0.15300007916618746,0.13244023723046439
70,70.0,70.03006258152917,0.09649401278451064,0.10617450427878264,0.13295115305935895,0.09555937216098966,0.06197052867880189,0.10404552962545087,0.06410517855201478,0.05276501228618437,0.15341432399689683,0.13252038457700918
71,71.0,71.00624779379335,0.0956493242280873,0.1062139828035643,0.1332758468618673,0.09573874465417845,0.0618528416352636,0.10456780282012636,0.06428890211457067,0.05199147310142169,0.15361354434857288,0.13280753743234724
72,72.0,71.98475200689319,0.09581989303742383,0.10592584286504345,0.1327623777319838,0.09556596913489941,0.061165645364859564,0.10505926546603722,0.0644991665422206,0.05125303116467512,0.15357350938622294,0.13437529930663386
73,73.0,72.96555827861411,0.09507770138624572,0.1059623562567874,0.13332806685444798,0.0945301599236083,0.06102311025948036,0.10465143509237373,0.06420340524328615,0.05037290649980233,0.15485450431561745,0.13599635416835035
74,74.0,73.94862834037681,0.09467092742768904,0.10525028111376412,0.13374245452500141,0.09506690497506902,0.06055760369161593,0.10416014466454815,0.06401693635441386,0.05072245109239014,0.15487470264497738,0.13693759351053073
75,75.0,74.93390511255946,0.09395045736218122,0.1058667352626541,0.1348660057438468,0.09556816330401287,0.06001810092408941,0.10479149508478786,0.06342482318070986,0.04993628367730577,0.15483362362306385,0.13674431183734806
76,76.0,75.92131515639825,0.09330593383439659,0.10551588470402432,0.13478827512072192,0.09526429726745064,0.06032346439244535,0.10473171002614189,0.06397842509786655,0.049402259057638495,0.15567456912538266,0.13701518137393137
77,77.0,76.91077104428919,0.09211527129645433,0.10492651556623685,0.13464791774081145,0.09501744977763307,0.06122722089776934,0.10528019282144131,0.06332095229129758,0.049974023730105975,0.15593253323178607,0.13755792264646383
78,78.0,77.90217363294813,0.0910271714329121,0.10543667788756816,0.1348597483044017,0.09525833158145743,0.062352406869641955,0.10555441600125494,0.06201787362067517,0.049848190580257835,0.1556000889415042,0.1380450947803263
79,79.0,78.89541422641172,0.09149397352874522,0.10548366452893049,0.13430907673247033,0.09533030380882224,0.06289933102876534,0.10606323230210245,0.062099049255332356,0.04917331706159615,0.15473503193786114,0.13841301981537413
80,80.0,79.89037661826481,0.09096372044499204,0.105493619385504,0.13411458447219277,0.09654500212087641,0.06291849485931585,0.10560483693514394,0.06169583121423037,0.04844781479395199,0.15583414472809123,0.13838195104570128
81,81.0,80.88693900474995,0.09172808097845574,0.10576184364896085,0.13306191362856068,0.0965610741185155,0.0621616488599402,0.10629379256758341,0.06167352834246654,0.04836183208114329,0.15524739770312734,0.1391488880712463
82,82.0,81.88497576253909,0.09287154561164068,0.10539081930919862,0.13347947897079943,0.09659832020283206,0.062289122571691787,0.1054598850341119,0.0605315760388273,0.04918011834742765,0.1552549167728425,0.13894421714062796
83,83.0,82.88435908692391,0.0926585392115908,0.10611972137186726,0.1331663292757138,0.0964377951984979,0.06264754015418945,0.10552773233453785,0.059841674256834704,0.049026941340325494,0.15506122190377242,0.13951250495267017
84,84.0,83.88496048800103,0.0927622022573153,0.10766270357999591,0.13282440142158033,0.0960228950128365,0.0623300378458978,0.10464607277223135,0.05856366064452219,0.04897021902674251,0.1556514942496283,0.1405663131892497
85,85.0,84.88665214409042,0.09231270458410214,0.10760069783923835,0.13406921074145006,0.09646715343707324,0.0617622666500191,0.10404128029411988,0.058216221859077065,0.048660766181792776,0.1563746150688411,0.14049508334428618
86,86.0,85.88930811312994,0.0927763563171528,0.1082128750998718,0.13430462971577437,0.09736342704622092,0.060786787153508284,0.10332591525431466,0.05705724399083936,0.048792431346758675,0.15619145516608562,0.14118887890947338
87,87.0,86.89280540413424,0.0927347438720192,0.10889406452032697,0.13524855662135274,0.09695853286557457,0.06056721327949215,0.10283896760045864,0.055952487305853206,0.048356961591631865,0.1564787428119875,0.141969729531303
88,88.0,87.89702491199675,0.09326600309023081,0.10890226971046874,0.13505799179244454,0.09731328093943756,0.06098131339163584,0.10404549692565453,0.05560196958784091,0.04840168045438639,0.15549891022323414,0.1409310838846664
89,89.0,88.90185221995306,0.09334531432844874,0.1091443514091137,0.13619062643569652,0.09694860858640857,0.06049594729215591,0.10426685378351275,0.05539255134970892,0.04796752266790993,0.15532654338942686,0.140921680757618
90,90.0,89.90717827491419,0.09408331647651813,0.10942612789352896,0.13615214076108337,0.09574257575890661,0.05999086380352353,0.10402796378844884,0.05581497107900443,0.047449639230695846,0.15500927719464772,0.14230312401364248
91,91.0,90.91289994163006,0.09372731200861682,0.11007111269274544,0.13706999688762597,0.09569008257962248,0.05954152541556928,0.1031617651304251,0.055331358869144934,0.04715973407215996,0.15540356070458783,0.14284355163950208
92,92.0,91.91892044225806,0.09393620443000196,0.11034543940261543,0.1380044260625158,0.09507055868432075,0.059758763088222755,0.10407693679905278,0.05460383498652382,0.04656722107696042,0.1551293124176507,0.1425073030521355
93,93.0,92.92514968840067,0.09403352192103409,0.11136440060514388,0.13717988905103798,0.09457711723679396,0.06065349349092802,0.10362638699942993,0.05496125293332169,0.04662965899372547,0.1547487608442667,0.1422255179243182
94,94.0,93.93150451304501,0.09530205899599949,0.11107218460280545,0.1365857985912989,0.09520106457057093,0.06013177462274343,0.10437080677483343,0.054572872701918476,0.04650697778285798,0.15431517278398404,0.14194128857298782
95,95.0,94.93790881009448,0.09578366765733748,0.11165987265896524,0.136650020159064,0.09432521197453547,0.05931587882641554,0.10385669278821034,0.054884678586796076,0.0464653481816064,0.1552591288258654,0.14179950034120403
96,96.0,95.94429358933806,0.09458119529030251,0.11168295685215286,0.136358632870084,0.09352073303304453,0.05956237588150557,0.10435466427999025,0.05538863787101782,0.04666785673221862,0.15492038029457184,0.14296256689511194
97,97.0,96.9505969547639,0.09570505304273579,0.11254013369481133,0.13438528685442053,0.09473597796408,0.05931288937850282,0.10372803452969165,0.055563394905420345,0.04620937403199932,0.1543542709105369,0.1434655846878013
98,98.0,97.9567640140995,0.09494116405827034,0.11244888877100306,0.13371052074550896,0.09492519270652731,0.05910628983430882,0.10351852507933204,0.056904260234160335,0.04622887505393553,0.15420193035493177,0.1440143531620218
99,99.0,98.96274672736057,0.0935896597786671,0.11327823108552398,0.13369851679840827,0.09444790875125093,0.05945301441411735,0.10280093973658538,0.05763631036722144,0.04661408592450996,0.1549464809340766,0.14353485220963896
100,100.0,99.96850370202192,0.09349921769300251,0.11310032769048392,0.13359012781425142,0.09524075220768277,0.060232421156822105,0.10260276559578291,0.05773849794559159,0.04595320428531784,0.15442388384231753,0.14361880176874733
101,101.0,100.97399994219691,0.09343829643894909,0.1129343775727999,0.1336361781617741,0.09474423263483789,0.06123276107086253,0.10235639965314045,0.05868213255893369,0.045918009604349504,0.1548403092452527,0.1422173030591001
102,102.0,101.97920655893245,0.0945634397545109,0.1127996921295362,0.13422610637057414,0.09492936348125286,0.061656389266471864,0.1013058648553576,0.058207727887502024,0.047614181028816045,0.15401308807928776,0.14068414714669059
103,103.0,102.98410044840509,0.09482375181071771,0.11354035861713141,0.13411191182639431,0.0953066392859393,0.061435648798743664,0.10017394262009383,0.058350749657573205,0.04736423199521613,0.15477412142799687,0.14011864396019352
104,104.0,103.98866394444643,0.0943256887170783,0.11324604654996649,0.13343384634630712,0.09447939604642022,0.06145722304157596,0.10038855464879351,0.05861613382773127,0.047821174626249977,0.15571159688927114,0.14052033930660596
105,105.0,104.99288445143917,0.09454895613943473,0.11344039911525777,0.13250286575843476,0.09551869083424304,0.06089961644119217,0.10036504710393679,0.05819129195503528,0.04787738438630977,0.15531651152528655,0.1413392367408691
106,106.0,105.99675406321822,0.09332973894381687,0.1117819214547125,0.1317564769263502,0.09603763942379828,0.06120008635416884,0.1019550437969769,0.05757842958593241,0.04738906725503916,0.15680076958872577,0.14217082667047906
107,107.0,107.0002691731872,0.09486124924866207,0.11170133012241658,0.1319390232437965,0.09579433743954252,0.06114158473815965,0.10246609930777355,0.05725467527480388,0.0465491504490499,0.15636516416236504,0.1419273860134303
108,108.0,108.0034300804274,0.09472704744962179,0.11208109189290291,0.13246740950306085,0.09648437958723656,0.060366863896489764,0.10259351243226328,0.05691922667028897,0.04657753715164385,0.15632482489176108,0.14145810652473095
109,109.0,109.00624059613932,0.09567515483171588,0.11184278812434939,0.13260107583314562,0.09667503224737738,0.05980619598816478,0.10232446635456784,0.05595927692787814,0.04660585410651382,0.15731491851973314,0.14119523706655404
110,110.0,110.00870765431864,0.09492960670184619,0.1132147230924718,0.13240554004588728,0.09717147048735895,0.059971675930684934,0.10208746468743914,0.05602795278715628,0.04619220444897194,0.15731278508466823,0.14068657673351526
111,111.0,111.01084093013685,0.09521809505768064,0.11249235680939436,0.13326386046841082,0.09754118005358672,0.05964518237240739,0.10203246695952617,0.055963649709128115,0.04593586775998943,0.1570192330714474,0.1408881077384289
112,112.0,112.01265246907188,0.09429906264205808,0.11249623839995408,0.1339481222822382,0.09693485597832507,0.059741824746926596,0.10192868528987407,0.05587554086302778,0.04603041942989642,0.158367205833714,0.1403780445339856
113,113.0,113.01415632942268,0.09454444417606847,0.11275070173564536,0.13428458756069359,0.09754522491947935,0.0602699353018002,0.10101206260722002,0.05548205603461282,0.046244034207888945,0.15779178360072388,0.14007516985586724
114,114.0,114.01536824044418,0.09534260288724414,0.11249510694505208,0.13389416167241988,0.09813709650839608,0.06003535049957228,0.10130257495326803,0.0544977223883045,0.04720523286587586,0.15716884009813759,0.13992131118172943
115,115.0,115.01630527795908,0.09599659343395546,0.11367635196872486,0.13516034066805005,0.09798322163234253,0.05971630298248338,0.1004217941722438,0.05453879334164286,0.04696362191034673,0.1558731406687449,0.1396698392214653
116,116.0,116.0169855589429,0.09629435839203834,0.11357969374642989,0.1353913536442288,0.0972804473464528,0.06043680529407987,0.09954932941737618,0.05569304134469548,0.04706232506936816,0.15544062167608516,0.1392720240692452
117,117.0,117.01742795623892,0.096328212500055,0.11379091554244142,0.13723439620712818,0.0965035627312712,0.060698868837129244,0.09886610375103846,0.05640556490870498,0.04657253430645749,0.15499280125602613,0.13860703995974774
118,118.0,118.01765183424293,0.09749663268621475,0.11284857713218699,0.13780412362028277,0.0953035509229837,0.061241805912916586,0.09960393165924011,0.0561990464402665,0.04695548713515278,0.15421600578554906,0.13833083870520657
119,119.0,119.01767680610413,0.09849850064582552,0.11390755747224349,0.1366053281301371,0.09539556232625526,0.060690372862548386,0.09991087882540561,0.05651355776895569,0.04621595487331369,0.15484116305525392,0.13742112404006118
120,120.0,120.01752251271817,0.09894949228469598,0.11366014653100254,0.136138520653254,0.0950524121544133,0.060353130918597314,0.09988160258947368,0.057029642877955235,0.04648846027127619,0.15540970174407764,0.13703688997525398
121,121.0,121.01720842354362,0.09867142224846791,0.11360702764591063,0.1359915314267604,0.09509092811684651,0.05990449057947671,0.09941935516418793,0.05742163665121682,0.04628205989157267,0.15595937045834174,0.1376521778172185
122,122.0,122.01675365905109,0.09839074384678041,0.11408814838720457,0.13581011693236153,0.09483443132217854,0.06016179734966955,0.10020627558276206,0.05730699784149771,0.04651767100827246,0.15561116285359533,0.13707265487567763
123,123.0,123.0161768344173,0.09753760621911078,0.11412256295866814,0.13615671849532696,0.09374898366306846,0.06121334156275865,0.10059482902434211,0.05705668940967261,0.04679076172481737,0.15546000806691349,0.13731849887532124
124,124.0,124.01549592390272,0.09816967580383712,0.11468975829504967,0.13590589959671984,0.09216196016002567,0.061102179632617944,0.09919901508727282,0.05698942769864724,0.047280325609937494,0.15641882380650776,0.13808293430938423
125,125.0,125.01472814520056,0.09885067062403873,0.11506283615518209,0.13568658201446032,0.09077701837578157,0.060994420642356925,0.09887507526066905,0.05769964479941292,0.04752391637796274,0.1565309897958782,0.13799884595425724
126,126.0,126.01388986291661,0.09963347077333494,0.11560320365519411,0.13635072342358043,0.09106211280551053,0.061257641834000884,0.09807083189386083,0.05677063124520821,0.04819719276908134,0.15526567917830486,0.13778851242192364
127,127.0,127.0129965102319,0.1000225245349296,0.11543644073055193,0.13626283754676585,0.09073872333327389,0.062177547073694675,0.09731322558371042,0.05695997963277341,0.04882573099984001,0.15521406194213003,0.13704892862232998
128,128.0,128.01206252771334,0.10013735195917894,0.11362636836361727,0.137402924140667,0.09128493537729705,0.06270676311227547,0.0964991268512629,0.05674064692889595,0.049078867777843774,0.15579540975887662,0.1367276057300848
129,129.0,129.0111013181695,0.10073407712460802,0.11342304803017443,0.13624743714271967,0.09147524721250208,0.06328005408351851,0.09647244978874837,0.05607669588203893,0.0492823766244804,0.1561798145807223,0.13682879953048702
130,130.0,130.01012521639834,0.10081216424250691,0.11300689364639424,0.13535881547289424,0.09277605446083478,0.06238071088307385,0.09636459145185952,0.05554123585859351,0.04918937474538161,0.15624839494013096,0.13832176429833012
131,131.0,131.0091454726403,0.10024225109668917,0.11248871934671148,0.13477933009109916,0.09314619579099014,0.062129120772853964,0.0957307921049396,0.05499356211098261,0.04986188589872091,0.15752823175707487,0.13909991102993788
132,132.0,132.0081722485317,0.10029865400286661,0.11089211076017227,0.13519020902436601,0.09181009176709985,0.06188065559908288,0.096364254992547,0.05460041504076558,0.05181767442367359,0.1572171938703879,0.13992874051903806
133,133.0,133.00721462434865,0.1010655559662461,0.11029636177985963,0.1353210110236332,0.09210875904864319,0.06109057240295486,0.09615940985216359,0.05422654104695175,0.05195852143415329,0.15687260980658088,0.1409006576388133
134,134.0,134.0062806163404,0.10200490509762104,0.10991492238980176,0.1346396896471938,0.09384680463492724,0.06133183165983072,0.09607746972985573,0.05480335293227852,0.05087405183892982,0.1566282421482794,0.13987872992128175
135,135.0,135.00537720296956,0.10266788912557234,0.10940043407464481,0.135481868452959,0.09333895388162451,0.06172293932261097,0.09557726012465877,0.053884110218815805,0.050664728628628045,0.15703239821222634,0.1402294179582592
136,136.0,136.00451035890612,0.10337004008469017,0.10907331748820723,0.13572297751809234,0.09441501237416267,0.06133197049131234,0.0953669965952788,0.052872336764115735,0.050611999271358815,0.1566221385742939,0.14061321083848777
137,137.0,137.00368509565993,0.10446095257711495,0.10913024358581815,0.13663710249292044,0.09573521921964696,0.05998970975067133,0.09462484493120034,0.052835421045103984,0.04967000793852488,0.1566506886328963,0.14026580982610248
138,138.0,138.0029055077818,0.10410053397011729,0.10907974035413515,0.1373067514576363,0.09574939197447074,0.059597992907755706,0.09361596889647318,0.05326423983223698,0.05002855271697374,0.1568507344420034,0.14040609344819732
139,139.0,139.00217482361367,0.10487263517350581,0.10799279795492633,0.13825065535313683,0.09623430233122394,0.0609635327909251,0.09281181775458239,0.052315406433237836,0.049148481599007476,0.15719774115088225,0.14021262945857185
140,140.0,140.0014954596262,0.10444094868903511,0.1078499453033171,0.13811905011942244,0.09642585256436906,0.06007487192670259,0.09280579275719011,0.052589949084057314,0.048621202032564516,0.15732685006209005,0.14174553746125154
141,141.0,141.00086907744122,0.10555913787229698,0.1087848162661388,0.1370575673078672,0.09622993745518794,0.05913794414720307,0.09294561173382682,0.052323260366157476,0.04860086662815247,0.1578846654077912,0.14147619281537788
142,142.0,142.0002966427003,0.10599561713832156,0.1083814655952736,0.1374452535172792,0.09617335036481506,0.05898302406920259,0.09333319218354372,0.052205392635568657,0.048058384820851896,0.15814471912151884,0.1412796005536247
143,143.0,142.99977848500652,0.10607699678962716,0.10817514032927561,0.138416442602946,0.09605413093770836,0.059318865071105696,0.0929960943761943,0.052284005614844586,0.047579914321494304,0.15765078329996712,0.1414476266568367
144,144.0,143.99931435823203,0.10591781008611165,0.10713817656261694,0.13832069384191537,0.09525161211692681,0.05873161639595092,0.09425480503918157,0.051532717415263635,0.0471719115706306,0.1589744052670024,0.14270625170439993
145,145.0,144.99890350055264,0.1064744306563086,0.10634421696135797,0.1386350075657238,0.09501386005930751,0.05748708420963728,0.094920068429961,0.050423404864273186,0.04706897005693636,0.161379468741533,0.14225348845496114
146,146.0,145.9985446936357,0.1081938355741372,0.10608482587235782,0.13813936948875002,0.09533816908359102,0.05645193724422039,0.09465393362315183,0.05070716942440848,0.047133532963626296,0.1615438131667422,0.1417534135590146
147,147.0,146.99823632047406,0.10879327810380052,0.1061889014065473,0.1381985852133485,0.09567417743705631,0.05536084577614287,0.0937147586091242,0.05099794295985761,0.046151391491069976,0.16315290511628933,0.14176721388676328
148,148.0,147.99797642142389,0.11078041184460247,0.10703918830692433,0.1371932555874505,0.09524300860856413,0.054465954031565844,0.09313061777397405,0.05167006424130625,0.04559527824727101,0.1632188942949751,0.14166332706336623
149,149.0,148.99776274806447,0.11084287157863479,0.10672593417728758,0.13618278498756123,0.09566062156136819,0.0547820438176661,0.09272497353090847,0.052561099777673745,0.04479242947867352,0.16392422898816492,0.14180301210206142
150,150.0,149.99759281456036,0.1115897415279447,0.10643567690130017,0.1354631167728988,0.09504356098251587,0.05465047915257908,0.0938062598068337,0.05315999629604702,0.044426681148236405,0.16375030529509052,0.14167418211655372
151,151.0,150.99746394626104,0.11194475317205957,0.10591931961238049,0.13638354364147956,0.09354880910307917,0.054886182836685705,0.09405233540184392,0.05287810969539293,0.04455099346811361,0.1649349011370752,0.1409010519318898
152,152.0,151.99737332532905,0.11325124198766634,0.10568962417188366,0.13596112331093504,0.09362466702299264,0.05454921414170748,0.09499893256591166,0.052081388884848895,0.04351926037317034,0.1648443007264916,0.1414802468143923
153,153.0,152.99731803323698,0.11194480956615734,0.10652504731144755,0.13624952430036544,0.0928696874641963,0.05496757027655229,0.0967889940772093,0.051825186197864095,0.043945484761831397,0.1649000678734666,0.13998362817090965
154,154.0,153.99729509002177,0.11061973365003297,0.1068665449303051,0.13829299846429674,0.09142258095988835,0.05522820450425504,0.09751997185070102,0.052077260296246826,0.043246687627279665,0.16653372497352528,0.13819229274346898
155,155.0,154.99730149022784,0.11151657058591907,0.10706421075981207,0.1400023212129859,0.08834413627252734,0.05568986222657086,0.09775083966089085,0.05162225295422759,0.04254586187298156,0.1687489162794557,0.13671502817462908
156,156.0,155.99733423551103,0.11184953646688924,0.10717027116861252,0.1399366289047166,0.08695808332181951,0.05498434315472317,0.09950387326089893,0.051420819276828116,0.04268223615650765,0.16977635105491046,0.13571785723409385
157,157.0,156.99739036391077,0.11299457893375318,0.10677275301061923,0.13945906471717845,0.08721914084073526,0.055265140721651874,0.09907777415122687,0.0516615055830676,0.04214075621542155,0.1699709115419812,0.13543837428436478
158,158.0,157.99746697583146,0.11417518142491538,0.1063708757369728,0.13849917944978496,0.08725274603145264,0.05604636472410589,0.09827765488386689,0.050801269425927116,0.04171069043167988,0.17141154643787207,0.13545449145342242
159,159.0,158.99756125680176,0.1142921414533507,0.10734643815770564,0.1377169611013732,0.0867148804656043,0.05587152814594228,0.09873000128141685,0.050093055571562906,0.04143698255368634,0.17180715418544817,0.13599085708390965
160,160.0,159.997670497107,0.1133801809543132,0.10760848824123287,0.1375910004769706,0.08680617048198509,0.05481797146075098,0.10053453135822593,0.04936526268393432,0.0408661351609748,0.17172249000409504,0.1373077691775172
161,161.0,160.99779210841066,0.11377678022047161,0.10758430302049386,0.13827612801593114,0.08648148435593485,0.0558167654112287,0.10054040063862638,0.0491013604219158,0.03984490140645994,0.17130070237775255,0.1372771741311852
162,162.0,161.99792363749984,0.11453884838190823,0.1073145043518536,0.13879433275105116,0.08694894540385234,0.05522850527641693,0.1001893395144412,0.04837533484247049,0.03915386839115301,0.17193982820694004,0.13751649287991305
163,163.0,162.9980627773051,0.11412285588389956,0.10748191054602728,0.13826796299279362,0.08571919522616481,0.05445045940238455,0.10133211096263019,0.04813864833888351,0.03887171222213065,0.17272052356924147,0.13889462085584442
164,164.0,163.9982073753568,0.11423344056918845,0.10738746746276646,0.13840420887507648,0.0855074182749327,0.05394265820216412,0.09953818243870519,0.0488823188080204,0.03840437378691441,0.17388317193078268,0.13981675965144913
165,165.0,164.99835543984977,0.11586716867701599,0.10616291882542997,0.13841143744139525,0.08462557745168837,0.05468798162701144,0.09821308599905164,0.05003110600110308,0.037546304979522674,0.17396458255786817,0.14048983643991342
166,166.0,165.99850514349492,0.11551301142268472,0.10695455923389466,0.13936618088741037,0.08470467195767353,0.05541511003208533,0.09728893346339104,0.04970207561935793,0.037153468983357696,0.1741835305738383,0.1397184578263064
167,167.0,166.99865482534062,0.11611031400311815,0.10593794764203417,0.140078541859337,0.08438615812815467,0.05626222825779964,0.09789397589719416,0.048650130750672836,0.03771108533042337,0.1733814503940142,0.1395881677372518
168,168.0,167.99880299074837,0.11605886165829672,0.10709441051195588,0.1404103048041786,0.08299579034071532,0.05559688055051532,0.09776968072462935,0.04758147243786127,0.03799225545175567,0.17338750051290266,0.14111284300718913
169,169.0,168.99894830970783,0.11804165201031895,0.10790980417895622,0.1396346273312371,0.08150932993935323,0.05487080702142853,0.09658662341313254,0.04700003964037361,0.03789770808943991,0.17434321658045265,0.1422061917953072
170,170.0,169.99908961367427,0.11965670032380767,0.10719407205082983,0.1399679610456713,0.0821123891158835,0.054583652018252465,0.09574322749227888,0.046851868906237645,0.03785782492314955,0.17401130950117313,0.14202099462271592
171,171.0,170.99922589110733,0.1203583044498447,0.10721469933433021,0.13975329029128328,0.08141376784592572,0.05338179854512797,0.09550559854605144,0.046742731935166336,0.03912439302447338,0.1739622569337164,0.14254315909408044
172,172.0,171.99935628188598,0.12019564020983438,0.10756833910539576,0.14147402808762888,0.08089914449625159,0.05292582041709901,0.09424520206705345,0.048332008402664536,0.03951757589278943,0.17375823153197842,0.14108400978930438
173,173.0,172.99948007076793,0.12173761298090717,0.10893223789387753,0.14134834781868827,0.08097794354275167,0.051715402942154806,0.09391243297040061,0.0487917029228585,0.040393410105571834,0.1733993628629004,0.13879154595988907
174,174.0,173.99959668005403,0.12161547620809496,0.10765355789245976,0.14290083179290727,0.0806543550607303,0.050684410264742116,0.0954828455473408,0.04880943992400105,0.04172543116211542,0.1734767700285291,0.13699688211907907
175,175.0,174.99970566161096,0.12238786811865181,0.10677541704358438,0.1432048088893987,0.08004308431052565,0.050656894455508486,0.094262215437762,0.04861183484851773,0.04253004892826575,0.17474192807718808,0.13678589989059725
