Generations,Unnamed: 0.1,Intertwine_two,Add_vertex,Delete_vertex,Invert_path_vertices,Insert_inside_vertex,Delete_inside_vertex,Replace_inside_vertex,Donate_between_routes,Trim_one_terminal_cb,Grow_one_terminal_cb
0,0.0,0.1,0.1,0.1,0.1,0.1,0.1,0.1,0.1,0.1,0.1
1,1.0,0.1016390704147037,0.0993419508838993,0.099406949233895,0.1013986868346586,0.0987609048204459,0.0999838200585565,0.0994190417520771,0.0987905963026843,0.1005779192174931,0.1006810604815865
2,2.0,0.1029291091163658,0.0995343484576973,0.0993381857624738,0.1016909676754832,0.0977994861687613,0.0998952855771337,0.0981708253856839,0.0970003652002083,0.1015870350221349,0.1020543916340575
3,3.0,0.1039713305530192,0.0995430056074967,0.0993380723824484,0.1020127812717772,0.09688993525335,0.100350345361739,0.0969215721358803,0.0954479079992839,0.1026543957551501,0.1028706536798551
4,4.0,0.1055033738153047,0.0999967962327308,0.0989883266538124,0.1023631629192875,0.0957724767244483,0.1006782245451952,0.0956348010484289,0.0933236351461924,0.1040123134121034,0.103726889502496
5,5.0,0.106420571938742,0.1003041664982243,0.0990887134126737,0.1029908538125714,0.0943064878784603,0.101075486426185,0.0941569722802902,0.0909082766613291,0.1058199017761115,0.1049285693154122
6,6.0,0.1071530407986583,0.1001603812369819,0.0992413637589347,0.1033162255697281,0.0936164937703846,0.1011429706547922,0.0928056678140596,0.0890031942263737,0.1077390633628229,0.1058215988072634
7,7.0,0.1076903928663834,0.0999145620297686,0.099132898118918,0.1040793119510156,0.0921605723587056,0.1011961328863927,0.0916085211652542,0.0870016670227999,0.1100247101813809,0.1071912314193806
8,8.0,0.1081625129968152,0.099952253111619,0.099353534205314,0.1044143044331312,0.0910619584281305,0.101878895508481,0.0898523475465891,0.0846625514064628,0.112554996374738,0.1081066459887186
9,9.0,0.1090556123978869,0.1000088530861764,0.0993791911752608,0.104261737779897,0.0894400986592666,0.1018702989722407,0.0883221863170669,0.0830300022347248,0.1144784600755644,0.1101535593019148
10,10.0,0.1099184970177862,0.0998173934699723,0.1002412456333418,0.104598231538725,0.0877230165302327,0.1016957975568525,0.0868749158782496,0.0807457502039476,0.116958381416905,0.1114267707539866
11,11.0,0.1102400139808631,0.0996538445167191,0.1010121895523121,0.1046706336952144,0.0862002785266457,0.1019186566734386,0.0857379312944524,0.0784013813914305,0.1192972764082853,0.1128677939606383
12,12.0,0.1103166799582077,0.1001136480693122,0.1013982627344424,0.1047049962874762,0.0850935789895689,0.1026609287389733,0.0841143171130258,0.0764592608385682,0.1213230527820506,0.1138152744883739
13,13.0,0.1108803958489167,0.1003369063522351,0.1022007428505864,0.1041229638377129,0.0836343039780443,0.1028773642067744,0.0830804266880665,0.074554084569851,0.1233615715045576,0.1149512401632541
14,14.0,0.1112337230551015,0.1003472348365957,0.1030406948020658,0.1042086979878055,0.0820812086291726,0.1032027348089721,0.0811527465068086,0.0734855472479003,0.1255957798716978,0.115651632253879
15,15.0,0.1116775980038741,0.1003289989226012,0.1039819503806623,0.1038448489446366,0.0814301735209082,0.1034591857362531,0.0800253987052139,0.071470085907909,0.1273698201470227,0.1164119397309181
16,16.0,0.1116306292616403,0.1003227306812489,0.1050230155484324,0.1042825599171424,0.0804821947768398,0.103437127968708,0.0782714935989911,0.0701607444979686,0.1290631345713301,0.1173263691776974
17,17.0,0.1107491194517188,0.1004246721259615,0.1057661178772682,0.1043149250397988,0.0797324847511628,0.1036707886206446,0.0771654275956021,0.0683498180911888,0.1307508082670744,0.1190758381795791
18,18.0,0.1107701459219126,0.1004830046189233,0.106117416561858,0.104324739079745,0.0789128845833801,0.103631915779191,0.0763277025236946,0.0670593457515817,0.1322757975746207,0.1200970476050919
19,19.0,0.1101305578232413,0.1007927212288759,0.1069409315677456,0.1037183337889233,0.0781190366177583,0.1044732428139396,0.0752651951367275,0.0656616714284751,0.1337129115074418,0.1211853980868706
20,20.0,0.1094934179578353,0.1010820671940814,0.1079233659992067,0.1034797018716507,0.077168455630038,0.1045565636220853,0.0743917627486853,0.064078651738585,0.1354928988157069,0.1223331144221242
21,21.0,0.108911873094281,0.1013620902263041,0.1087973270885552,0.1033358744621041,0.076034850607,0.1053866572659393,0.0731261799162132,0.0625359593369233,0.1366592134532862,0.1238499745493928
22,22.0,0.1082394564393973,0.1016022376218954,0.1099489019052256,0.1029036628154749,0.0752601329027105,0.1052876492153129,0.0719606907309662,0.0611441633540996,0.1384530140006861,0.1252000910142305
23,23.0,0.1076815412589378,0.1011777489085797,0.1104561174876938,0.1031157288194965,0.0748118582048696,0.1060382091909439,0.0714848044871163,0.0601736594824593,0.1393252315507307,0.1257351006091714
24,24.0,0.1066365623783675,0.1014837577482235,0.1114917685628218,0.1029120862558797,0.0735021415275299,0.1065566812503521,0.0712152913518155,0.0593516271411321,0.1407529557639156,0.1260971280199612
25,25.0,0.1066570862183053,0.1017448842922058,0.1119408675076728,0.1025755356600979,0.0732281458726516,0.1060591774062649,0.0711856052946215,0.058896560792075,0.141351114322739,0.1263610226333652
26,26.0,0.106094710661629,0.1019601888440581,0.1127289142943591,0.1023644575528788,0.0727713317219605,0.1066060540461383,0.071444962555206,0.0576057966155724,0.1414522901152404,0.1269712935929563
27,27.0,0.1057441045101621,0.1031757198165666,0.1130209549597967,0.1015646862963877,0.0721032090259965,0.106803398460137,0.0712605065042081,0.0568591180292948,0.14173285744924,0.1277354449482095
28,28.0,0.1053185987017607,0.1028352550789608,0.1135784824634781,0.1022060121846092,0.0710648894262235,0.10744126458651,0.0709964094004604,0.056202864494412,0.1417708398618777,0.1285853838017066
29,29.0,0.1048658737895564,0.1036596930800187,0.1143345590735382,0.1023639093924012,0.0700504989073223,0.1073512000513031,0.0699935454807,0.0555077863815608,0.1429371533366279,0.1289357805069704
30,30.0,0.1039016937035302,0.1042537712725483,0.1148971810149197,0.1024113716111879,0.0693865477722819,0.1080079637355314,0.0695674959567349,0.0544274315152815,0.1442219877231435,0.1289245556948398
31,31.0,0.1028652626269944,0.1042448552681089,0.1161815342058644,0.1019160807899867,0.0691137965015868,0.1082745250727838,0.0690852637762867,0.0540659139227291,0.1448587967795575,0.1293939710561007
32,32.0,0.102526862211586,0.1039773313989642,0.1164236635415249,0.1015127068136556,0.0691964624506998,0.1077395662616686,0.0692262559872266,0.0538695902288271,0.1460038937261383,0.1295236673797079
33,33.0,0.1015395482317352,0.1039540366978214,0.1171398310946658,0.1014066235104252,0.0690396713737129,0.1083541651992107,0.0689771609198983,0.0536309342239253,0.1466557621550147,0.1293022665935898
34,34.0,0.1016764886921784,0.1038151542410598,0.1174151576108134,0.1011574908643847,0.0688899614401142,0.1086045143738459,0.0698419182758616,0.0535024200439932,0.1465390228929652,0.1285578715647828
35,35.0,0.1013464942988587,0.1040913729633496,0.1178383337099833,0.1006511532622541,0.0692243153120578,0.1091487431561388,0.0694188140717029,0.0531986691431541,0.1466251857082152,0.1284569183742847
36,36.0,0.1012796586342816,0.1040852594241883,0.1184529777104077,0.1002947809761601,0.0691155180836283,0.109285776072108,0.0696566620071927,0.0532843214468937,0.1464842972821344,0.1280607483630045
37,37.0,0.1007335249587232,0.1043625347896343,0.1190119351931275,0.0996492624127873,0.0695268449474595,0.10879248972684,0.0697233344919011,0.0531556289962662,0.1468936753018064,0.1281507691814539
38,38.0,0.1001438227151062,0.1043571421010974,0.1196353055039404,0.0990934476049954,0.0692124165978934,0.1088990480130695,0.0704464573458481,0.0529798088667884,0.1475614403990371,0.1276711108522236
39,39.0,0.0998619003335213,0.1047282084738069,0.1197769912682341,0.0992186555012436,0.0689645289951625,0.1084558074847705,0.0703993773925303,0.0531040111092905,0.147635181871035,0.1278553375704046
40,40.0,0.0998267115468827,0.105208398084261,0.119768213152365,0.0994771410753832,0.0689780013802659,0.1083414578292615,0.0692021901672087,0.0537581436326543,0.1475480844035595,0.1278916587281575
41,41.0,0.0996534325784747,0.1052787413866982,0.1201551571765563,0.0994752716186652,0.0683554691534712,0.1088178693080594,0.0683936504774117,0.0538632849284867,0.1484590721713491,0.1275480512008269
42,42.0,0.0991635413450075,0.1050432149148365,0.1202360491733828,0.0986813958591521,0.0685211293291282,0.1094148214579423,0.0686001567192582,0.0542731397237744,0.1483958301023374,0.1276707213751799
43,43.0,0.0984056058376153,0.1057111688494562,0.1212959084788366,0.0985256267654982,0.0685899802594003,0.1085299664929827,0.068408504135228,0.0548812005751309,0.148421707421952,0.1272303311838991
44,44.0,0.0983959137141213,0.1052710519040384,0.1223193995385601,0.098919038477369,0.06801899893513,0.1082695178818699,0.0689052443700636,0.0548916180719883,0.1481893723356827,0.126819844771176
45,45.0,0.0976989898699459,0.1054903630311557,0.122666759852861,0.0986402972102349,0.0685627913495955,0.1082964291125451,0.0684119965677063,0.0547711243724531,0.1481847064300399,0.1272765422034621
46,46.0,0.0979727289728156,0.1054685525867011,0.1230881182300492,0.0987934096108526,0.0689491221054011,0.1079043114225392,0.0681788271534157,0.0546891251470174,0.1479377507479504,0.127018054023257
47,47.0,0.0976717787261985,0.1048965431092676,0.1233477553299655,0.0982974145033709,0.0689693187400669,0.1078201033321946,0.0686340932286467,0.0547321315041127,0.1483837660856297,0.1272470954405464
48,48.0,0.097380528399626,0.1058323134154579,0.1248360731047005,0.0984187241869996,0.0680119122350629,0.1073270040571676,0.0682485310534352,0.0544822129793798,0.148843068890734,0.126619631677436
49,49.0,0.0987005719369446,0.1057482784701586,0.1250442106194148,0.0976978572735255,0.0682455122146118,0.1069142780278409,0.0677092738282005,0.0546570648149338,0.1490320804795126,0.1262508723348564
50,50.0,0.0994654453591883,0.1055403749041203,0.1246988094073806,0.0980044230252436,0.0675381202501467,0.1067958433859949,0.0672002631703077,0.0551543226586448,0.1490039789535484,0.1265984188854244
51,51.0,0.1000240357554206,0.104998058912923,0.1254406565785951,0.0978846525222816,0.0676464011004407,0.1075145549288986,0.066380146369751,0.0551519605942892,0.1488929987725535,0.1260665344648461
52,52.0,0.1001347757897117,0.1041723494608233,0.1258694355876379,0.0976555174081771,0.0676275096640106,0.1077544569981583,0.0659684035649679,0.0552194360852316,0.1487203373551892,0.1268777780860918
53,53.0,0.1002692856081223,0.1049224404110783,0.1257485814367667,0.0975553370687587,0.0674983346315894,0.1075549851389689,0.0653624033047073,0.0552449647994136,0.1490167584238759,0.1268269091767185
54,54.0,0.1002294239470393,0.1048349207955041,0.1258728722998023,0.0973663812886763,0.0676786370457499,0.1075384208487969,0.064956856757951,0.0554021933266393,0.1491145284367909,0.1270057652530496
55,55.0,0.0998044978700143,0.1046405183594538,0.1257916011780662,0.097874448500116,0.0678162282410387,0.1068427986742608,0.0648932509168896,0.0556263094654488,0.1488303060655166,0.1278800407291948
56,56.0,0.0998201600488066,0.1043908120816007,0.126254934719547,0.0973547351242628,0.0683005275456079,0.1067412844747437,0.0651866097470584,0.0556497070819133,0.1488063827286467,0.1274948464478124
57,57.0,0.0995205489676787,0.1043166233146865,0.1259866173037303,0.0971057863330072,0.0688757574653511,0.1063909779164416,0.0648078821123363,0.055812000397333,0.1492233102245375,0.1279604959648972
58,58.0,0.0999018292189969,0.1041407872933408,0.1266569420785812,0.0968195193499622,0.06856608469416,0.1062581259047006,0.0642217289219986,0.0552228823750152,0.1495026663030553,0.1287094338601886
59,59.0,0.0999917133181223,0.1039638001974059,0.1268959315002384,0.0979022183501037,0.0675847403321867,0.1058626586083119,0.0644723254156073,0.0546738084679791,0.1496322554205736,0.1290205483894705
60,60.0,0.0998406383429797,0.1045676500153845,0.1271150267085606,0.0979552096905191,0.0664971957680476,0.1058591332505184,0.0641806324534618,0.0546354108055853,0.1494388929276505,0.1299102100372919
61,61.0,0.0996412042889223,0.1044817043970012,0.1278723961436287,0.0980678830279927,0.0664610182747853,0.1055688641231614,0.0642052654250059,0.0542371005856495,0.1497061378284061,0.1297584259054464
62,62.0,0.0996309863530452,0.1039323893430259,0.1285251158796046,0.0987057715535429,0.0660490608760976,0.1055465828495827,0.0638264425559629,0.0537852643931202,0.1497423866058169,0.1302559995902003
63,63.0,0.0986887779637331,0.1039830797735593,0.1287887366680418,0.0984595016086354,0.0653248979240101,0.1051189125864856,0.0647243674926045,0.0539440577260995,0.1506832520792559,0.1302844161775741
64,64.0,0.0980562400120029,0.1051703140641025,0.1295936202976013,0.0978675647873204,0.0646565198228628,0.1049768104567621,0.0646023587684881,0.0538018223363861,0.1508406105228107,0.1304341389316624
65,65.0,0.0971337986781578,0.1052208903225984,0.129768702145602,0.0972514398983957,0.0644011327311572,0.1046118486879644,0.0647850837076075,0.0545903910623008,0.1513071765454145,0.1309295362208009
66,66.0,0.0964405312755227,0.1050435222020098,0.1300194896334413,0.0980464625048396,0.0644490014052864,0.104473290014597,0.0648261772167198,0.0544506458864259,0.1513838765224585,0.1308670033386984
67,67.0,0.0967256724177144,0.1047689109732391,0.1313193961339846,0.0978738080196269,0.0632532830913993,0.1036338431461911,0.0648241789865226,0.0545259519384384,0.1517797746553346,0.1312951806375485
68,68.0,0.0962195172465704,0.1053636444247521,0.1320452961046885,0.0970631807127062,0.0629993791573649,0.1036120410798857,0.0652094541236886,0.0536629515719194,0.1524783661394815,0.1313461694389422
69,69.0,0.0957419248629979,0.1056041804568425,0.1318195402496718,0.0960628027858145,0.0628710936402615,0.1043612684519664,0.0650767289745885,0.0530221441812044,0.1530000791661874,0.1324402372304643
70,70.0,0.0964940127845106,0.1061745042787826,0.1329511530593589,0.0955593721609896,0.0619705286788018,0.1040455296254508,0.0641051785520147,0.0527650122861843,0.1534143239968968,0.1325203845770091
71,71.0,0.0956493242280873,0.1062139828035643,0.1332758468618673,0.0957387446541784,0.0618528416352636,0.1045678028201263,0.0642889021145706,0.0519914731014216,0.1536135443485728,0.1328075374323472
72,72.0,0.0958198930374238,0.1059258428650434,0.1327623777319838,0.0955659691348994,0.0611656453648595,0.1050592654660372,0.0644991665422206,0.0512530311646751,0.1535735093862229,0.1343752993066338
73,73.0,0.0950777013862457,0.1059623562567874,0.1333280668544479,0.0945301599236083,0.0610231102594803,0.1046514350923737,0.0642034052432861,0.0503729064998023,0.1548545043156174,0.1359963541683503
74,74.0,0.094670927427689,0.1052502811137641,0.1337424545250014,0.095066904975069,0.0605576036916159,0.1041601446645481,0.0640169363544138,0.0507224510923901,0.1548747026449773,0.1369375935105307
75,75.0,0.0939504573621812,0.1058667352626541,0.1348660057438468,0.0955681633040128,0.0600181009240894,0.1047914950847878,0.0634248231807098,0.0499362836773057,0.1548336236230638,0.136744311837348
76,76.0,0.0933059338343965,0.1055158847040243,0.1347882751207219,0.0952642972674506,0.0603234643924453,0.1047317100261418,0.0639784250978665,0.0494022590576384,0.1556745691253826,0.1370151813739313
77,77.0,0.0921152712964543,0.1049265155662368,0.1346479177408114,0.095017449777633,0.0612272208977693,0.1052801928214413,0.0633209522912975,0.0499740237301059,0.155932533231786,0.1375579226464638
78,78.0,0.0910271714329121,0.1054366778875681,0.1348597483044017,0.0952583315814574,0.0623524068696419,0.1055544160012549,0.0620178736206751,0.0498481905802578,0.1556000889415042,0.1380450947803263
79,79.0,0.0914939735287452,0.1054836645289304,0.1343090767324703,0.0953303038088222,0.0628993310287653,0.1060632323021024,0.0620990492553323,0.0491733170615961,0.1547350319378611,0.1384130198153741
80,80.0,0.090963720444992,0.105493619385504,0.1341145844721927,0.0965450021208764,0.0629184948593158,0.1056048369351439,0.0616958312142303,0.0484478147939519,0.1558341447280912,0.1383819510457012
81,81.0,0.0917280809784557,0.1057618436489608,0.1330619136285606,0.0965610741185155,0.0621616488599402,0.1062937925675834,0.0616735283424665,0.0483618320811432,0.1552473977031273,0.1391488880712463
82,82.0,0.0928715456116406,0.1053908193091986,0.1334794789707994,0.096598320202832,0.0622891225716917,0.1054598850341119,0.0605315760388273,0.0491801183474276,0.1552549167728425,0.1389442171406279
83,83.0,0.0926585392115908,0.1061197213718672,0.1331663292757138,0.0964377951984979,0.0626475401541894,0.1055277323345378,0.0598416742568347,0.0490269413403254,0.1550612219037724,0.1395125049526701
84,84.0,0.0927622022573153,0.1076627035799959,0.1328244014215803,0.0960228950128365,0.0623300378458978,0.1046460727722313,0.0585636606445221,0.0489702190267425,0.1556514942496283,0.1405663131892497
85,85.0,0.0923127045841021,0.1076006978392383,0.13406921074145,0.0964671534370732,0.0617622666500191,0.1040412802941198,0.058216221859077,0.0486607661817927,0.1563746150688411,0.1404950833442861
86,86.0,0.0927763563171528,0.1082128750998718,0.1343046297157743,0.0973634270462209,0.0607867871535082,0.1033259152543146,0.0570572439908393,0.0487924313467586,0.1561914551660856,0.1411888789094733
87,87.0,0.0927347438720192,0.1088940645203269,0.1352485566213527,0.0969585328655745,0.0605672132794921,0.1028389676004586,0.0559524873058532,0.0483569615916318,0.1564787428119875,0.141969729531303
88,88.0,0.0932660030902308,0.1089022697104687,0.1350579917924445,0.0973132809394375,0.0609813133916358,0.1040454969256545,0.0556019695878409,0.0484016804543863,0.1554989102232341,0.1409310838846664
89,89.0,0.0933453143284487,0.1091443514091137,0.1361906264356965,0.0969486085864085,0.0604959472921559,0.1042668537835127,0.0553925513497089,0.0479675226679099,0.1553265433894268,0.140921680757618
90,90.0,0.0940833164765181,0.1094261278935289,0.1361521407610833,0.0957425757589066,0.0599908638035235,0.1040279637884488,0.0558149710790044,0.0474496392306958,0.1550092771946477,0.1423031240136424
91,91.0,0.0937273120086168,0.1100711126927454,0.1370699968876259,0.0956900825796224,0.0595415254155692,0.1031617651304251,0.0553313588691449,0.0471597340721599,0.1554035607045878,0.142843551639502
92,92.0,0.0939362044300019,0.1103454394026154,0.1380044260625158,0.0950705586843207,0.0597587630882227,0.1040769367990527,0.0546038349865238,0.0465672210769604,0.1551293124176507,0.1425073030521355
93,93.0,0.094033521921034,0.1113644006051438,0.1371798890510379,0.0945771172367939,0.060653493490928,0.1036263869994299,0.0549612529333216,0.0466296589937254,0.1547487608442667,0.1422255179243182
94,94.0,0.0953020589959994,0.1110721846028054,0.1365857985912989,0.0952010645705709,0.0601317746227434,0.1043708067748334,0.0545728727019184,0.0465069777828579,0.154315172783984,0.1419412885729878
95,95.0,0.0957836676573374,0.1116598726589652,0.136650020159064,0.0943252119745354,0.0593158788264155,0.1038566927882103,0.054884678586796,0.0464653481816064,0.1552591288258654,0.141799500341204
96,96.0,0.0945811952903025,0.1116829568521528,0.136358632870084,0.0935207330330445,0.0595623758815055,0.1043546642799902,0.0553886378710178,0.0466678567322186,0.1549203802945718,0.1429625668951119
97,97.0,0.0957050530427357,0.1125401336948113,0.1343852868544205,0.09473597796408,0.0593128893785028,0.1037280345296916,0.0555633949054203,0.0462093740319993,0.1543542709105369,0.1434655846878013
98,98.0,0.0949411640582703,0.112448888771003,0.1337105207455089,0.0949251927065273,0.0591062898343088,0.103518525079332,0.0569042602341603,0.0462288750539355,0.1542019303549317,0.1440143531620218
99,99.0,0.0935896597786671,0.1132782310855239,0.1336985167984082,0.0944479087512509,0.0594530144141173,0.1028009397365853,0.0576363103672214,0.0466140859245099,0.1549464809340766,0.1435348522096389
100,100.0,0.0934992176930025,0.1131003276904839,0.1335901278142514,0.0952407522076827,0.0602324211568221,0.1026027655957829,0.0577384979455915,0.0459532042853178,0.1544238838423175,0.1436188017687473
101,101.0,0.093438296438949,0.1129343775727999,0.1336361781617741,0.0947442326348378,0.0612327610708625,0.1023563996531404,0.0586821325589336,0.0459180096043495,0.1548403092452527,0.1422173030591001
102,102.0,0.0945634397545109,0.1127996921295362,0.1342261063705741,0.0949293634812528,0.0616563892664718,0.1013058648553576,0.058207727887502,0.047614181028816,0.1540130880792877,0.1406841471466905
103,103.0,0.0948237518107177,0.1135403586171314,0.1341119118263943,0.0953066392859393,0.0614356487987436,0.1001739426200938,0.0583507496575732,0.0473642319952161,0.1547741214279968,0.1401186439601935
104,104.0,0.0943256887170783,0.1132460465499664,0.1334338463463071,0.0944793960464202,0.0614572230415759,0.1003885546487935,0.0586161338277312,0.0478211746262499,0.1557115968892711,0.1405203393066059
105,105.0,0.0945489561394347,0.1134403991152577,0.1325028657584347,0.095518690834243,0.0608996164411921,0.1003650471039367,0.0581912919550352,0.0478773843863097,0.1553165115252865,0.1413392367408691
106,106.0,0.0933297389438168,0.1117819214547125,0.1317564769263502,0.0960376394237982,0.0612000863541688,0.1019550437969769,0.0575784295859324,0.0473890672550391,0.1568007695887257,0.142170826670479
107,107.0,0.094861249248662,0.1117013301224165,0.1319390232437965,0.0957943374395425,0.0611415847381596,0.1024660993077735,0.0572546752748038,0.0465491504490499,0.156365164162365,0.1419273860134303
108,108.0,0.0947270474496217,0.1120810918929029,0.1324674095030608,0.0964843795872365,0.0603668638964897,0.1025935124322632,0.0569192266702889,0.0465775371516438,0.156324824891761,0.1414581065247309
109,109.0,0.0956751548317158,0.1118427881243493,0.1326010758331456,0.0966750322473773,0.0598061959881647,0.1023244663545678,0.0559592769278781,0.0466058541065138,0.1573149185197331,0.141195237066554
110,110.0,0.0949296067018461,0.1132147230924718,0.1324055400458872,0.0971714704873589,0.0599716759306849,0.1020874646874391,0.0560279527871562,0.0461922044489719,0.1573127850846682,0.1406865767335152
111,111.0,0.0952180950576806,0.1124923568093943,0.1332638604684108,0.0975411800535867,0.0596451823724073,0.1020324669595261,0.0559636497091281,0.0459358677599894,0.1570192330714474,0.1408881077384289
112,112.0,0.094299062642058,0.112496238399954,0.1339481222822382,0.096934855978325,0.0597418247469265,0.101928685289874,0.0558755408630277,0.0460304194298964,0.158367205833714,0.1403780445339856
113,113.0,0.0945444441760684,0.1127507017356453,0.1342845875606935,0.0975452249194793,0.0602699353018002,0.10101206260722,0.0554820560346128,0.0462440342078889,0.1577917836007238,0.1400751698558672
114,114.0,0.0953426028872441,0.112495106945052,0.1338941616724198,0.098137096508396,0.0600353504995722,0.101302574953268,0.0544977223883045,0.0472052328658758,0.1571688400981375,0.1399213111817294
115,115.0,0.0959965934339554,0.1136763519687248,0.13516034066805,0.0979832216323425,0.0597163029824833,0.1004217941722438,0.0545387933416428,0.0469636219103467,0.1558731406687449,0.1396698392214653
116,116.0,0.0962943583920383,0.1135796937464298,0.1353913536442288,0.0972804473464528,0.0604368052940798,0.0995493294173761,0.0556930413446954,0.0470623250693681,0.1554406216760851,0.1392720240692452
117,117.0,0.096328212500055,0.1137909155424414,0.1372343962071281,0.0965035627312712,0.0606988688371292,0.0988661037510384,0.0564055649087049,0.0465725343064574,0.1549928012560261,0.1386070399597477
118,118.0,0.0974966326862147,0.1128485771321869,0.1378041236202827,0.0953035509229837,0.0612418059129165,0.0996039316592401,0.0561990464402665,0.0469554871351527,0.154216005785549,0.1383308387052065
119,119.0,0.0984985006458255,0.1139075574722434,0.1366053281301371,0.0953955623262552,0.0606903728625483,0.0999108788254056,0.0565135577689556,0.0462159548733136,0.1548411630552539,0.1374211240400611
120,120.0,0.0989494922846959,0.1136601465310025,0.136138520653254,0.0950524121544133,0.0603531309185973,0.0998816025894736,0.0570296428779552,0.0464884602712761,0.1554097017440776,0.1370368899752539
121,121.0,0.0986714222484679,0.1136070276459106,0.1359915314267604,0.0950909281168465,0.0599044905794767,0.0994193551641879,0.0574216366512168,0.0462820598915726,0.1559593704583417,0.1376521778172185
122,122.0,0.0983907438467804,0.1140881483872045,0.1358101169323615,0.0948344313221785,0.0601617973496695,0.100206275582762,0.0573069978414977,0.0465176710082724,0.1556111628535953,0.1370726548756776
123,123.0,0.0975376062191107,0.1141225629586681,0.1361567184953269,0.0937489836630684,0.0612133415627586,0.1005948290243421,0.0570566894096726,0.0467907617248173,0.1554600080669134,0.1373184988753212
124,124.0,0.0981696758038371,0.1146897582950496,0.1359058995967198,0.0921619601600256,0.0611021796326179,0.0991990150872728,0.0569894276986472,0.0472803256099374,0.1564188238065077,0.1380829343093842
125,125.0,0.0988506706240387,0.115062836155182,0.1356865820144603,0.0907770183757815,0.0609944206423569,0.098875075260669,0.0576996447994129,0.0475239163779627,0.1565309897958782,0.1379988459542572
126,126.0,0.0996334707733349,0.1156032036551941,0.1363507234235804,0.0910621128055105,0.0612576418340008,0.0980708318938608,0.0567706312452082,0.0481971927690813,0.1552656791783048,0.1377885124219236
127,127.0,0.1000225245349296,0.1154364407305519,0.1362628375467658,0.0907387233332738,0.0621775470736946,0.0973132255837104,0.0569599796327734,0.04882573099984,0.15521406194213,0.1370489286223299
128,128.0,0.1001373519591789,0.1136263683636172,0.137402924140667,0.091284935377297,0.0627067631122754,0.0964991268512629,0.0567406469288959,0.0490788677778437,0.1557954097588766,0.1367276057300848
129,129.0,0.100734077124608,0.1134230480301744,0.1362474371427196,0.091475247212502,0.0632800540835185,0.0964724497887483,0.0560766958820389,0.0492823766244804,0.1561798145807223,0.136828799530487
130,130.0,0.1008121642425069,0.1130068936463942,0.1353588154728942,0.0927760544608347,0.0623807108830738,0.0963645914518595,0.0555412358585935,0.0491893747453816,0.1562483949401309,0.1383217642983301
131,131.0,0.1002422510966891,0.1124887193467114,0.1347793300910991,0.0931461957909901,0.0621291207728539,0.0957307921049396,0.0549935621109826,0.0498618858987209,0.1575282317570748,0.1390999110299378
132,132.0,0.1002986540028666,0.1108921107601722,0.135190209024366,0.0918100917670998,0.0618806555990828,0.096364254992547,0.0546004150407655,0.0518176744236735,0.1572171938703879,0.139928740519038
133,133.0,0.1010655559662461,0.1102963617798596,0.1353210110236332,0.0921087590486431,0.0610905724029548,0.0961594098521635,0.0542265410469517,0.0519585214341532,0.1568726098065808,0.1409006576388133
134,134.0,0.102004905097621,0.1099149223898017,0.1346396896471938,0.0938468046349272,0.0613318316598307,0.0960774697298557,0.0548033529322785,0.0508740518389298,0.1566282421482794,0.1398787299212817
135,135.0,0.1026678891255723,0.1094004340746448,0.135481868452959,0.0933389538816245,0.0617229393226109,0.0955772601246587,0.0538841102188158,0.050664728628628,0.1570323982122263,0.1402294179582592
136,136.0,0.1033700400846901,0.1090733174882072,0.1357229775180923,0.0944150123741626,0.0613319704913123,0.0953669965952788,0.0528723367641157,0.0506119992713588,0.1566221385742939,0.1406132108384877
137,137.0,0.1044609525771149,0.1091302435858181,0.1366371024929204,0.0957352192196469,0.0599897097506713,0.0946248449312003,0.0528354210451039,0.0496700079385248,0.1566506886328963,0.1402658098261024
138,138.0,0.1041005339701172,0.1090797403541351,0.1373067514576363,0.0957493919744707,0.0595979929077557,0.0936159688964731,0.0532642398322369,0.0500285527169737,0.1568507344420034,0.1404060934481973
139,139.0,0.1048726351735058,0.1079927979549263,0.1382506553531368,0.0962343023312239,0.0609635327909251,0.0928118177545823,0.0523154064332378,0.0491484815990074,0.1571977411508822,0.1402126294585718
140,140.0,0.1044409486890351,0.1078499453033171,0.1381190501194224,0.096425852564369,0.0600748719267025,0.0928057927571901,0.0525899490840573,0.0486212020325645,0.15732685006209,0.1417455374612515
141,141.0,0.1055591378722969,0.1087848162661388,0.1370575673078672,0.0962299374551879,0.059137944147203,0.0929456117338268,0.0523232603661574,0.0486008666281524,0.1578846654077912,0.1414761928153778
142,142.0,0.1059956171383215,0.1083814655952736,0.1374452535172792,0.096173350364815,0.0589830240692025,0.0933331921835437,0.0522053926355686,0.0480583848208518,0.1581447191215188,0.1412796005536247
143,143.0,0.1060769967896271,0.1081751403292756,0.138416442602946,0.0960541309377083,0.0593188650711056,0.0929960943761943,0.0522840056148445,0.0475799143214943,0.1576507832999671,0.1414476266568367
144,144.0,0.1059178100861116,0.1071381765626169,0.1383206938419153,0.0952516121169268,0.0587316163959509,0.0942548050391815,0.0515327174152636,0.0471719115706306,0.1589744052670024,0.1427062517043999
145,145.0,0.1064744306563086,0.1063442169613579,0.1386350075657238,0.0950138600593075,0.0574870842096372,0.094920068429961,0.0504234048642731,0.0470689700569363,0.161379468741533,0.1422534884549611
146,146.0,0.1081938355741372,0.1060848258723578,0.13813936948875,0.095338169083591,0.0564519372442203,0.0946539336231518,0.0507071694244084,0.0471335329636262,0.1615438131667422,0.1417534135590146
147,147.0,0.1087932781038005,0.1061889014065473,0.1381985852133485,0.0956741774370563,0.0553608457761428,0.0937147586091242,0.0509979429598576,0.0461513914910699,0.1631529051162893,0.1417672138867632
148,148.0,0.1107804118446024,0.1070391883069243,0.1371932555874505,0.0952430086085641,0.0544659540315658,0.093130617773974,0.0516700642413062,0.045595278247271,0.1632188942949751,0.1416633270633662
149,149.0,0.1108428715786347,0.1067259341772875,0.1361827849875612,0.0956606215613681,0.0547820438176661,0.0927249735309084,0.0525610997776737,0.0447924294786735,0.1639242289881649,0.1418030121020614
150,150.0,0.1115897415279447,0.1064356769013001,0.1354631167728988,0.0950435609825158,0.054650479152579,0.0938062598068337,0.053159996296047,0.0444266811482364,0.1637503052950905,0.1416741821165537
151,151.0,0.1119447531720595,0.1059193196123804,0.1363835436414795,0.0935488091030791,0.0548861828366857,0.0940523354018439,0.0528781096953929,0.0445509934681136,0.1649349011370752,0.1409010519318898
152,152.0,0.1132512419876663,0.1056896241718836,0.135961123310935,0.0936246670229926,0.0545492141417074,0.0949989325659116,0.0520813888848488,0.0435192603731703,0.1648443007264916,0.1414802468143923
153,153.0,0.1119448095661573,0.1065250473114475,0.1362495243003654,0.0928696874641963,0.0549675702765522,0.0967889940772093,0.051825186197864,0.0439454847618313,0.1649000678734666,0.1399836281709096
154,154.0,0.1106197336500329,0.1068665449303051,0.1382929984642967,0.0914225809598883,0.055228204504255,0.097519971850701,0.0520772602962468,0.0432466876272796,0.1665337249735252,0.1381922927434689
155,155.0,0.111516570585919,0.107064210759812,0.1400023212129859,0.0883441362725273,0.0556898622265708,0.0977508396608908,0.0516222529542275,0.0425458618729815,0.1687489162794557,0.136715028174629
156,156.0,0.1118495364668892,0.1071702711686125,0.1399366289047166,0.0869580833218195,0.0549843431547231,0.0995038732608989,0.0514208192768281,0.0426822361565076,0.1697763510549104,0.1357178572340938
157,157.0,0.1129945789337531,0.1067727530106192,0.1394590647171784,0.0872191408407352,0.0552651407216518,0.0990777741512268,0.0516615055830676,0.0421407562154215,0.1699709115419812,0.1354383742843647
158,158.0,0.1141751814249153,0.1063708757369728,0.1384991794497849,0.0872527460314526,0.0560463647241058,0.0982776548838668,0.0508012694259271,0.0417106904316798,0.171411546437872,0.1354544914534224
159,159.0,0.1142921414533507,0.1073464381577056,0.1377169611013732,0.0867148804656043,0.0558715281459422,0.0987300012814168,0.0500930555715629,0.0414369825536863,0.1718071541854481,0.1359908570839096
160,160.0,0.1133801809543132,0.1076084882412328,0.1375910004769706,0.086806170481985,0.0548179714607509,0.1005345313582259,0.0493652626839343,0.0408661351609748,0.171722490004095,0.1373077691775172
161,161.0,0.1137767802204716,0.1075843030204938,0.1382761280159311,0.0864814843559348,0.0558167654112287,0.1005404006386263,0.0491013604219158,0.0398449014064599,0.1713007023777525,0.1372771741311852
162,162.0,0.1145388483819082,0.1073145043518536,0.1387943327510511,0.0869489454038523,0.0552285052764169,0.1001893395144412,0.0483753348424704,0.039153868391153,0.17193982820694,0.137516492879913
163,163.0,0.1141228558838995,0.1074819105460272,0.1382679629927936,0.0857191952261648,0.0544504594023845,0.1013321109626301,0.0481386483388835,0.0388717122221306,0.1727205235692414,0.1388946208558444
164,164.0,0.1142334405691884,0.1073874674627664,0.1384042088750764,0.0855074182749327,0.0539426582021641,0.0995381824387051,0.0488823188080204,0.0384043737869144,0.1738831719307826,0.1398167596514491
165,165.0,0.1158671686770159,0.1061629188254299,0.1384114374413952,0.0846255774516883,0.0546879816270114,0.0982130859990516,0.050031106001103,0.0375463049795226,0.1739645825578681,0.1404898364399134
166,166.0,0.1155130114226847,0.1069545592338946,0.1393661808874103,0.0847046719576735,0.0554151100320853,0.097288933463391,0.0497020756193579,0.0371534689833576,0.1741835305738383,0.1397184578263064
167,167.0,0.1161103140031181,0.1059379476420341,0.140078541859337,0.0843861581281546,0.0562622282577996,0.0978939758971941,0.0486501307506728,0.0377110853304233,0.1733814503940142,0.1395881677372518
168,168.0,0.1160588616582967,0.1070944105119558,0.1404103048041786,0.0829957903407153,0.0555968805505153,0.0977696807246293,0.0475814724378612,0.0379922554517556,0.1733875005129026,0.1411128430071891
169,169.0,0.1180416520103189,0.1079098041789562,0.1396346273312371,0.0815093299393532,0.0548708070214285,0.0965866234131325,0.0470000396403736,0.0378977080894399,0.1743432165804526,0.1422061917953072
170,170.0,0.1196567003238076,0.1071940720508298,0.1399679610456713,0.0821123891158835,0.0545836520182524,0.0957432274922788,0.0468518689062376,0.0378578249231495,0.1740113095011731,0.1420209946227159
171,171.0,0.1203583044498447,0.1072146993343302,0.1397532902912832,0.0814137678459257,0.0533817985451279,0.0955055985460514,0.0467427319351663,0.0391243930244733,0.1739622569337164,0.1425431590940804
172,172.0,0.1201956402098343,0.1075683391053957,0.1414740280876288,0.0808991444962515,0.052925820417099,0.0942452020670534,0.0483320084026645,0.0395175758927894,0.1737582315319784,0.1410840097893043
173,173.0,0.1217376129809071,0.1089322378938775,0.1413483478186882,0.0809779435427516,0.0517154029421548,0.0939124329704006,0.0487917029228585,0.0403934101055718,0.1733993628629004,0.138791545959889
174,174.0,0.1216154762080949,0.1076535578924597,0.1429008317929072,0.0806543550607303,0.0506844102647421,0.0954828455473408,0.048809439924001,0.0417254311621154,0.1734767700285291,0.136996882119079
175,175.0,0.1223878681186518,0.1067754170435843,0.1432048088893987,0.0800430843105256,0.0506568944555084,0.094262215437762,0.0486118348485177,0.0425300489282657,0.174741928077188,0.1367858998905972
176,176.0,0.1240636664388645,0.1053076910300209,0.1458363523254512,0.0801861980282101,0.0492614819932434,0.0933600571851504,0.0481516131519854,0.0423331150572023,0.1743067089957732,0.137193115794098
177,177.0,0.1264632793199816,0.1041443273291965,0.1453990988115247,0.0807314928177991,0.0491539438209675,0.0921337305669071,0.0486331341845869,0.0419114137502081,0.1745954719996426,0.1368341073991853
178,178.0,0.1269455649839131,0.1027165975594077,0.1462912276567995,0.0800394146620107,0.0483663462590504,0.0923027234408734,0.0482002859642939,0.0423995876971348,0.1743647081232541,0.1383735436532618
179,179.0,0.1271838486490983,0.1018872644600846,0.1462577478850265,0.0787659169627066,0.0494305084700653,0.0907687110114015,0.049631685095429,0.0423155037008465,0.1754322032542407,0.1383266105111004
180,180.0,0.1280790565048123,0.1030592355695558,0.1457873148484965,0.0779833233090892,0.0494731525482729,0.0901587628256245,0.0506519522444089,0.0423127519599396,0.1753824897411446,0.1371119604486552
181,181.0,0.1281524111144495,0.1031919111224215,0.1466308410273709,0.0770870086335487,0.0484672194996481,0.0901381381364692,0.050812275706475,0.0423604671066362,0.1750602196602085,0.1380995079927719
182,182.0,0.1291297898505227,0.1011593384759827,0.1468313515970608,0.0762536558146534,0.049238814738329,0.0899623488194975,0.0517941681169661,0.0428916654873912,0.1758049591791942,0.136933907920402
183,183.0,0.1299094016354444,0.0990178011181666,0.1464188998539472,0.0753623952879575,0.0495265503681896,0.0889760343881332,0.0510728946423536,0.0431701912438844,0.1776016142120394,0.1389442172498834
184,184.0,0.1294127848542102,0.0997407344892724,0.1466865654424614,0.0768077932859371,0.048274918425166,0.0887168366536937,0.0505690275880569,0.0426346429395495,0.1780272667954135,0.1391294295262388
185,185.0,0.1297675252978293,0.1010520745837677,0.1465094225912516,0.0751684040839077,0.0483252749593944,0.0869756432131083,0.0511624787805274,0.0427034598674175,0.1794366656797261,0.1388990509430696
186,186.0,0.1295848129067633,0.1003975110514244,0.1480270276543725,0.0763540769870621,0.0478603492794528,0.0879527228116136,0.0508320605988092,0.0426214152513734,0.1793096767522985,0.1370603467068298
187,187.0,0.1295885800083953,0.1009494729018741,0.1483269222189389,0.0776335148773778,0.0485742520250157,0.0877419960785456,0.0497021822560677,0.0416257104257963,0.1791384589829993,0.1367189102249889
188,188.0,0.1299480283204692,0.0994134373520008,0.1485962572202065,0.0767791458639844,0.048934566269323,0.087745013449974,0.0487737729363271,0.0422556802820074,0.1803921528063764,0.1371619454993309
189,189.0,0.1321688505727192,0.0987166328006437,0.1492850242698256,0.0761571475052997,0.0482919715637764,0.0879869617739609,0.0483384034161483,0.0418360674065795,0.1799359857072642,0.1372829549837823
190,190.0,0.1330302499672293,0.0984776693321316,0.1485075408196992,0.0757631947435143,0.0478485986221808,0.0871751077232062,0.0466705641595581,0.0415035776653704,0.1825952419715691,0.1384282549955406
191,191.0,0.1324939345630441,0.0985334965729997,0.1501887206858396,0.0738603676820553,0.0473283987677949,0.0869168434840524,0.0458749349493253,0.0408177533326705,0.1845854301919546,0.1394001197702631
192,192.0,0.1328608813519025,0.0995289380014632,0.1504391497171155,0.0742586155842059,0.0468700652970395,0.0860439490310065,0.0454210382627225,0.0401134810306844,0.1844605764083243,0.1400033053155353
193,193.0,0.1314638207200297,0.0996832606741034,0.1494444755634547,0.0735311987752278,0.0463617975760352,0.0865998364199227,0.0454589694719024,0.0415372471782764,0.1850292475162697,0.1408901461047776
194,194.0,0.1309615598228341,0.1003869243078448,0.1486704126128265,0.0735714686739709,0.0463264580963659,0.0867015459829402,0.0447261823011486,0.0414300338971302,0.1842992607970471,0.1429261535078912
195,195.0,0.1315735472845075,0.1024724392984777,0.147779606750274,0.0728449242800314,0.0461933538823604,0.0857431278580697,0.044188275645176,0.0409746454335274,0.1835053066760183,0.1447247728915573
196,196.0,0.1295747829601451,0.1031103953012202,0.150342623394718,0.0727604336679274,0.0474724077105214,0.0857745064219422,0.0443882954687001,0.0401373527810849,0.1819072248390119,0.1445319774547284
197,197.0,0.1291466703025501,0.1029330215688534,0.1509051441900245,0.0732884939871998,0.0475300359181159,0.0870377076772889,0.0440502692646392,0.0400187997454389,0.1808248330430633,0.1442650243028254
198,198.0,0.1282458887742545,0.1042242671804339,0.1496301041013454,0.072118547919372,0.0474522695432931,0.0882397190272805,0.044187152034554,0.0394638464419118,0.1819131038758031,0.1445251011017513
199,199.0,0.1265656935167097,0.1041211330562522,0.1509077204315176,0.0717684496541192,0.0489056847801574,0.0891107086977029,0.0433077515820903,0.0394494161539494,0.1820889416073214,0.1437745005201796
200,200.0,0.1265803465508362,0.1047468224892393,0.1511926136196288,0.0718409994005629,0.0495107827457249,0.088322480046711,0.0432826771408547,0.0398983452986811,0.1811608453838557,0.143464087323905
