,Unnamed: 0,Generation,Intertwine_two,Add_vertex,Delete_vertex,Invert_path_vertices,Insert_inside_vertex,Delete_inside_vertex,Replace_inside_vertex,Donate_between_routes,Trim_one_terminal_cb,Grow_one_terminal_cb
0,0.0,0.0,0.10000000000000002,0.10000000000000002,0.10000000000000002,0.10000000000000002,0.10000000000000002,0.10000000000000002,0.10000000000000002,0.10000000000000002,0.10000000000000002,0.10000000000000002
1,1.0,0.10900000000000001,0.10207299758252636,0.09934215092633948,0.09949646500910068,0.1013929044578781,0.09879290764368408,0.09955303553906965,0.09929281316132456,0.09866265305338835,0.10084308921778382,0.10055098340890509
2,2.0,0.31601,0.10315726511735401,0.09965604006148433,0.09910803377017419,0.101571160507099,0.09822970477541726,0.09916629855416587,0.09807975652142341,0.09707513718119776,0.10212270664082344,0.10183389687086082
3,3.0,0.6191589000000001,0.10435429651918568,0.09978704930155002,0.09871600719187788,0.10190138290481504,0.09725964218355505,0.09972678795950346,0.09685071429538078,0.09527619884157289,0.10347885903942075,0.1026490617631385
4,4.0,1.015801321,0.1059919938618101,0.09991227203960225,0.09842933702298219,0.10187592144083035,0.09634014895659582,0.100133487289442,0.09553818364863602,0.09371622867796935,0.10469332928826264,0.10336909777386931
5,5.0,1.50262148669,0.10688093206644039,0.10053153063465987,0.09809048661151881,0.10293728013571683,0.09479445954284395,0.10027026594233303,0.09407848306021123,0.09139873582096163,0.10659437954328424,0.10442344664203
6,6.0,2.0757334209441005,0.1077511860452475,0.10038646252061971,0.09830406312274187,0.10289537616557086,0.0938113898972749,0.10034929444991757,0.09264043139557133,0.08953365712727646,0.10861508313014068,0.1057130561456391
7,7.0,2.7307768275633495,0.10858005166455734,0.10022024125168635,0.09837366144317762,0.10383453890875263,0.09202798411678392,0.10019953170919116,0.0914207901427513,0.08752908370204716,0.11083217244506029,0.10698194461599217
8,8.0,3.4630081252450404,0.10862957214392746,0.10030734714427175,0.09804772046076518,0.10408306011354097,0.09110198780333359,0.10136395787171973,0.08991378396413181,0.08531970067775974,0.11354480020750599,0.10768806961304368
9,9.0,4.2673862119061114,0.10957377087517833,0.10044030852747587,0.09827208554982043,0.10381441248372093,0.08950447565386632,0.10094370391344236,0.08820979892860757,0.08415541876774338,0.11553415910601478,0.10955186619412983
10,10.0,5.138652627782014,0.11062593599366713,0.10023008894119556,0.0992767549458827,0.10409757887493463,0.08791871227223422,0.10092214851073655,0.08663699366201502,0.08169351698589253,0.11748627989571209,0.11111198991772939
11,11.0,6.071405875792507,0.11101644669609637,0.10034137913364953,0.10020398921203047,0.10398621747203099,0.08636269174435268,0.10101044347491253,0.08551779431162379,0.07956345325950942,0.1199676284062805,0.11202995628951354
12,12.0,7.060169740244025,0.11098101253412175,0.10099763621202079,0.10093334676682647,0.10432200421505596,0.08523764733109884,0.10135658997627163,0.08383499044081585,0.07725405623204123,0.12172149148480288,0.11336122480694438
13,13.0,8.099455520847952,0.11169212261398746,0.10139475927591732,0.10197806833694353,0.1036968125668137,0.08383973358304096,0.10169438195623927,0.0828559654415611,0.07529474007002879,0.12350756664800369,0.11404584950746395
14,14.0,9.183818168183006,0.11183174342143999,0.10138872163472598,0.10300989597434805,0.10327891990096821,0.08244529203224114,0.1025621171844523,0.0809271880408878,0.07414774461247492,0.12560103310116139,0.11480734409729997
15,15.0,10.307906369102724,0.11237996844255832,0.10108915235101751,0.10391740846938331,0.1034865314917478,0.08130298500755026,0.10280774918692898,0.0797347016664388,0.0721465520402202,0.1274917081983963,0.11564324314575825
16,16.0,11.466506686239443,0.11210450163913796,0.1010759444488172,0.10544806243836473,0.10433944510175522,0.08047746118475431,0.10245235389828795,0.07819608243988843,0.07049579913875427,0.1287028583493061,0.11670749136093356
17,17.0,12.654581904800096,0.11169700467236045,0.10138196897071497,0.10613025269747803,0.1041649731166533,0.0800821443566092,0.10238427685627488,0.07695730484387445,0.06846658922532911,0.13053500968685333,0.11820047557385199
18,18.0,13.867303782456686,0.11145766565619261,0.10121989319758098,0.1065536219855958,0.1045200198443402,0.0792963650013188,0.10230191258910698,0.07612544533562837,0.06741259875168426,0.13212317220901976,0.11898930542953193
19,19.0,15.100080434523047,0.11073029089451465,0.10179832263571059,0.10768355778462838,0.10355060890549872,0.07920411885385739,0.1025807112271922,0.07489049534353118,0.06615051380002503,0.1334845498001389,0.11992683075490261
20,20.0,16.348578617037543,0.10983299315076937,0.10158080240556905,0.10834755232423551,0.10282649359925072,0.07869417189661558,0.1032239636777135,0.0742266739938306,0.0646714827557689,0.13521337664949123,0.12138248954675522
21,21.0,17.608741195130214,0.10924039035422567,0.10226353923111427,0.10945908267048002,0.10252640224940049,0.07737924612726908,0.10398768646369028,0.07320864990357756,0.06328715930504224,0.13603672422816637,0.12261111946703374
22,22.0,18.876800103462312,0.10840547442795549,0.10258559926555064,0.1106561919565871,0.10167476777931427,0.07575121667563549,0.10414882321363725,0.07215744373253132,0.062228311628639926,0.138539445033149,0.12385272628699921
23,23.0,20.14928511992658,0.10796636155020432,0.10193694327958072,0.11141470934370139,0.10179803507460902,0.07500763117035644,0.10519448215804439,0.07200857267270686,0.06117278456756711,0.13940368579061527,0.12409679439261415
24,24.0,21.423028783545156,0.10651120809740147,0.10166129119119069,0.11285870174155636,0.10134440039894002,0.07393371767430237,0.10564817730321935,0.07242283480418578,0.06011727782547985,0.14082953606467657,0.12467285489904723
25,25.0,22.695167792966423,0.10623473274380299,0.10190793399882117,0.11297181023564379,0.10163173178534471,0.0733313854230414,0.10559614002355305,0.07172685145214876,0.05967434974243889,0.14135837111042926,0.12556669348477567
26,26.0,23.963141223515898,0.10551822065206265,0.10180454082155747,0.11410810014781363,0.10149309971410903,0.07259291014020981,0.10641056619770316,0.07188724172203168,0.058304405416132674,0.141398362887609,0.1264825523007706
27,27.0,25.224685898775267,0.1051796896407169,0.10317150853280066,0.11444025313766291,0.10077911308338243,0.07183717912493051,0.10682607820961375,0.07165730932560539,0.05707375478925595,0.1417286463708339,0.12730646778519733
28,28.0,26.477829247520948,0.10494626217453457,0.10267341671097004,0.1147293493639961,0.10128308765107509,0.070629039433517,0.1074536519701107,0.07169078483580889,0.05615532206799602,0.14206238276640207,0.12837670302558926
29,29.0,27.720879968916847,0.10455687282133316,0.10339369397412215,0.11564027376094185,0.10101787445851718,0.06995905600448309,0.10744943953811854,0.07069918375746063,0.055014960766481796,0.14332295740968606,0.12894568750885527
30,30.0,28.95241681848399,0.10364858031829367,0.10338770288897194,0.11636732694103645,0.10160664451421259,0.06895304016525443,0.1084362385926317,0.07063425085309631,0.05355575209409993,0.1447847980739501,0.12862566555845265
31,31.0,30.17127581490958,0.10263656747810196,0.10330055291320225,0.11739804500558172,0.101346921655279,0.06894691953196869,0.10904005994943225,0.0699019356675738,0.05333849368863633,0.1451725154124816,0.12891798869774218
32,32.0,31.376536153543515,0.10233626283667017,0.103122911076132,0.11762608024691987,0.10072942337174176,0.06941104242329955,0.10862332093292165,0.06976361505618837,0.05311900995321593,0.1462332826402406,0.1290350514626699
33,33.0,32.567505096778625,0.10160657949793284,0.10316933261177133,0.11830052806090485,0.10029912334911864,0.06948704618458301,0.10959321077788207,0.06976975579889227,0.05300303018868397,0.14611903501055348,0.12865235851967732
34,34.0,33.74370209472243,0.10202335542832118,0.1029039598740506,0.1184344469319485,0.09992240611514794,0.06932046573784546,0.10986040890409332,0.07056513533581832,0.05278074454776006,0.14614080697760656,0.12804827014740783
35,35.0,34.90484237192463,0.10176338276930655,0.10340235527277125,0.11918871386346808,0.09934702813596338,0.06935141962303629,0.11078533535241021,0.0696692484567375,0.052557664018246096,0.14613556269301123,0.1277992898150492
36,36.0,36.05082019768737,0.10166422995386921,0.10295487798774786,0.11981857212580872,0.09918702934377609,0.06991467341035579,0.11099934000837271,0.06981565764490183,0.05197186170568666,0.1463341720415774,0.12733958577790355
37,37.0,37.18169203889697,0.10103488576012358,0.10356445767631936,0.12007319758180754,0.09859391876200566,0.07009395277278621,0.11032919870579502,0.06988903511387046,0.05160071732383186,0.14681060859412287,0.12801002770933728
38,38.0,38.29765977559663,0.1010235582683422,0.10318737356734106,0.12057448065324355,0.09825323021315152,0.07001453523912944,0.11066856002018657,0.07020084510714615,0.050860426401046814,0.14744327000261506,0.12777372052779748
39,39.0,39.399054140870355,0.10078791840116322,0.10319537052465862,0.12073785511083306,0.09839020644732466,0.06982264061753839,0.11021342305612307,0.06994073363607747,0.05133908096039038,0.14777285021935999,0.127799921026531
40,40.0,40.48631852820801,0.10102832628754609,0.10374626024993422,0.1206219229932092,0.09842549058677853,0.06995815108714855,0.1097148218268032,0.06820091043908326,0.0522640941975601,0.14815495558629305,0.12788506674564368
41,41.0,41.55999329152982,0.10114949032882732,0.10390548791131604,0.12140895718865535,0.09894777994545807,0.06900804495446837,0.10968282876094601,0.06712598489900808,0.05226345903638652,0.14889487761619988,0.12761308935873425
42,42.0,42.62070064560415,0.10066473179119101,0.10378919402484732,0.12102800207675912,0.09832985721487532,0.06924984780907875,0.11046856275665967,0.06712014754533305,0.05287329984472608,0.14868972116439183,0.12778663577213775
43,43.0,43.669130257815,0.09964335908868933,0.10454792859955259,0.1221262043217265,0.09815315491958787,0.06959109630408333,0.11028206045560082,0.06670524162952338,0.05323015642749464,0.14862529233393665,0.12709550591980476
44,44.0,44.70602560622662,0.09931686770490215,0.104691037846841,0.12283884628612245,0.0989476113064997,0.06844311190199355,0.11000818094487069,0.06771269074470337,0.05357768996018945,0.1483920857597811,0.12607187754409638
45,45.0,45.73217116373481,0.09934168872852767,0.10423522187460425,0.12276613305873472,0.09842620260902074,0.0684545659056782,0.11013381256781396,0.06776653761309166,0.053481049510151715,0.14876990190322906,0.1266248862291479
46,46.0,46.748380453854836,0.09956894432876418,0.10437852629678533,0.12337853180280987,0.09820041619975871,0.06844867466035827,0.10974541369133514,0.06811447600332655,0.05358562695443258,0.14852827907917268,0.1260511109832566
47,47.0,47.755485010424316,0.09945132152243567,0.10393102980044906,0.12420421446225806,0.09745481482967283,0.06832955730378172,0.10950968220213175,0.06900150845394555,0.053447206073958704,0.14830494956368345,0.1263657157876831
48,48.0,48.7543242612326,0.0990308064646522,0.1046013987683495,0.12549568898238683,0.09776747744990572,0.0673456381679899,0.10909214967304541,0.0691104146694977,0.05323439644784386,0.14871805957526021,0.12560396980106853
49,49.0,49.745736344347726,0.10085727991969659,0.10415931344828984,0.12537824705316616,0.0972361029219658,0.06814413800662537,0.10778794670740893,0.06877977697803121,0.0537343150378065,0.14880001721841837,0.12512286270859105
50,50.0,50.730549855707864,0.10146046430666131,0.1042626882514834,0.12461973581723698,0.09812314630640483,0.06771954260348574,0.1076279916481212,0.06828478439119662,0.05412142861613789,0.14856567650615854,0.12521454155311335
51,51.0,51.70957651737491,0.10220374927267216,0.10480087101604407,0.12486143341797032,0.0982066513110763,0.067589070479519,0.10795352734038222,0.06769492181914538,0.053749298768488066,0.14845532182156237,0.12448515475313998
52,52.0,52.68360474770151,0.10280971251799619,0.10441384286188235,0.12488640742335388,0.0974701886337837,0.06784462554828724,0.10809397263555834,0.06741276710816133,0.053902322591033947,0.14810165945552733,0.1250645012244156
53,53.0,53.65339410751842,0.10317920801458255,0.10452216898225025,0.12457401925405731,0.09739085328242864,0.06811741403408501,0.10757861576086619,0.06696744329282928,0.05431336396995813,0.14843008658408952,0.12492682682485302
54,54.0,54.61967059027847,0.10269608205883402,0.10499374482387078,0.12395292825927817,0.09710544918770378,0.06782531020968627,0.10778280470387169,0.06626261396734194,0.05447407244158087,0.14887378005925977,0.12603321428857264
55,55.0,55.58312271885972,0.1015047750129026,0.10484712325228644,0.1232153279509712,0.09799928562999331,0.06830186551022702,0.10698519469779874,0.06634206992205133,0.054909124943300025,0.14895849755749965,0.1269367355229696
56,56.0,56.544398407394254,0.10100574332243618,0.10480871090069446,0.12367305583914937,0.09724307570320803,0.0688519696553484,0.10695690145014718,0.06658274994964937,0.05534244726732229,0.14931048798174262,0.1262248579303021
57,57.0,57.504102543001395,0.10058779536858647,0.10456210381740756,0.12366927265126472,0.09684690313500502,0.0695543063794958,0.10651447432872413,0.0660194124446753,0.05564880172551803,0.14963021914417513,0.12696671100514784
58,58.0,58.462795239617805,0.10124977135643506,0.10417036050299434,0.12402504723599217,0.09635406294308457,0.0694589494439922,0.10679897317603511,0.06540358511909274,0.05505759807466273,0.14951133904816397,0.12797031309954712
59,59.0,59.42099071417639,0.10080860533434019,0.10427173618376216,0.12456007220253243,0.09716964860070772,0.06914999009270224,0.10632373204219996,0.06522079669463508,0.05458719582496144,0.14929874482151226,0.12860947820264657
60,60.0,60.379156734137354,0.10116075627088855,0.10455024633192089,0.12486872257672726,0.09729559652469388,0.0677453625581937,0.10664834668362555,0.06500095023917547,0.054031854667393214,0.14894655375823196,0.1297516103891496
61,61.0,61.337714584760846,0.10056662080061986,0.10489057136758692,0.1253929317983709,0.09701710481707457,0.06737449442368705,0.10634887655910757,0.06501473824881097,0.053608289750149626,0.1499698930924592,0.12981647914213343
62,62.0,62.29703950447439,0.10037979041254051,0.10460679527372757,0.12598429972293923,0.09720487910759507,0.06680356616550964,0.10657181200256893,0.06476147431754872,0.053191392546510695,0.14968407709285703,0.13081191335820275
63,63.0,63.257461537171835,0.09908869779564149,0.10491813074463896,0.12619106549155443,0.09709688901744437,0.06596230508848881,0.1061777740869312,0.06527137496041224,0.053687419786859286,0.15100036420069943,0.13060597882732994
64,64.0,64.21926675122782,0.0986041441032838,0.10559583466310325,0.12773717026630385,0.09642062663917114,0.0657352991274706,0.10609402356389909,0.064767500618648,0.05383824002168805,0.1507243878122383,0.13048277318419407
65,65.0,65.18269877636592,0.0977914920948035,0.10592246530098987,0.12763687288680142,0.09583999724991443,0.06556620760237984,0.10563026292324035,0.06468224552442448,0.054343600485629466,0.15108549531462706,0.1315013606171897
66,66.0,66.14796061122655,0.0968327067587983,0.10529498652035907,0.1284728718629633,0.09678503739671983,0.06512344957537879,0.1054564196483257,0.06475219173209766,0.05420968804379726,0.1513256502942017,0.1317469981673585
67,67.0,67.11521665648885,0.09707296408382475,0.10482733248256851,0.13019122407181688,0.09702343658625762,0.06368277713499533,0.10495115068160372,0.06456563630489444,0.05415006982250696,0.15178466550517164,0.13175074332636025
68,68.0,68.08459493066005,0.09611499216260982,0.10545693031002049,0.13102600001581835,0.09670354374570803,0.06385910991434657,0.10523049191443756,0.06489879437427287,0.053374878459248355,0.15194007497166723,0.1313951841318708
69,69.0,69.05618942810752,0.09497330136584863,0.10597187601745028,0.13081757330868474,0.09602673756293789,0.06327549016829015,0.10613051756985961,0.06499651051353285,0.05223494766630432,0.1527338800150412,0.13283916581205038
70,70.0,70.03006258152917,0.09570118500442644,0.10616587591647063,0.13165516535408342,0.09541408541832704,0.06197716749030819,0.10598833607512675,0.06406367573381605,0.052058053762982344,0.15356910721822215,0.13340734802623705
71,71.0,71.00624779379335,0.09555107510739128,0.10611352506173352,0.13172741151516784,0.09577447496362769,0.0621592285082025,0.10667187491670396,0.06388553529788216,0.051526135679676184,0.1532851439752371,0.13330559497437777
72,72.0,71.98475200689319,0.09545181645872644,0.1059030545329156,0.13149833031785657,0.0958685192438602,0.06116425534875162,0.10647900858503531,0.06415394210038995,0.05087413745168275,0.15340692471018647,0.1352000112505951
73,73.0,72.96555827861411,0.09463289614567144,0.1060731937297185,0.1319095262346474,0.0948048413523276,0.06089552752690608,0.10556575974220897,0.06365982097889658,0.04931857758277064,0.1555123214162152,0.13762753529063756
74,74.0,73.94862834037681,0.09456262753449118,0.10566061753472669,0.1324290395790521,0.09506702656642092,0.060620962235905566,0.10515948176430362,0.06321819549916671,0.048695228920353675,0.15551343207525237,0.13907338829032714
75,75.0,74.93390511255946,0.09380108138415985,0.10636955820442459,0.1340443370403759,0.09559721236022259,0.059782570686334385,0.1057460099121876,0.06261639635013787,0.047893143231395666,0.1549847874694595,0.13916490336130202
76,76.0,75.92131515639825,0.09269355546711414,0.10614824921863047,0.13427160151105175,0.09545177609769542,0.0595535158760643,0.1062861783865513,0.06344439894588927,0.047659127721649916,0.15606097015820147,0.13843062661715191
77,77.0,76.91077104428919,0.0917271700387221,0.10600980880184763,0.13445050881802453,0.09514278495008988,0.061134195450589096,0.10660609322383648,0.06292067576769536,0.04742019380931673,0.15602057917714468,0.13856798996273345
78,78.0,77.90217363294813,0.09069130035854632,0.1068561989026088,0.1353459427586734,0.09489862594008418,0.06203504116005665,0.10621425024326737,0.06137005553149979,0.047535964117706664,0.1559102844400963,0.13914233654746044
79,79.0,78.89541422641172,0.09117163660437244,0.10694351771955926,0.13397003190688256,0.0948844705637487,0.06295195783081552,0.10699066278465555,0.061469804582834395,0.04686563862547397,0.15464011090268806,0.14011216847896946
80,80.0,79.89037661826481,0.09008284352918733,0.10675007835204911,0.13317376315471272,0.09639522465529517,0.06330792588041335,0.10653315826641462,0.061090410979862876,0.04627876152560615,0.1559649821215661,0.14042285153489253
81,81.0,80.88693900474995,0.091373076935861,0.10670826659615584,0.13227218480018554,0.09661221765765068,0.0622237441497639,0.10669961882162139,0.06113922192409051,0.04614478578726129,0.15524789497698366,0.1415789883504261
82,82.0,81.88497576253909,0.09262049857898663,0.10673577869877224,0.13278435997919588,0.0970039297499232,0.06339211743295557,0.1052401725013564,0.05926228966234075,0.04724266216849649,0.1551118100255969,0.1406063812023759
83,83.0,82.88435908692391,0.0925333009060431,0.1077962100719946,0.1318860873659341,0.09722161641094612,0.06291570199034874,0.10553903045026979,0.05871339416726834,0.0475511317968755,0.1549545070167282,0.14088901982359142
84,84.0,83.88496048800103,0.09295676476301803,0.1089197397959136,0.131382484078653,0.09665230102201451,0.06246384090095314,0.1040841468911291,0.0575038248568789,0.04783522280721424,0.15594071869611958,0.14226095618810572
85,85.0,84.88665214409042,0.09264510436379264,0.10891507223835861,0.13292886663561568,0.09770158849201008,0.06198759738521868,0.1030571934581667,0.056376456919614,0.04761762803698481,0.1561248016258,0.14264569084443862
86,86.0,85.88930811312994,0.09424891065064232,0.1092293076150003,0.1327605771024549,0.09929380012957947,0.06155115232081837,0.1019294296749484,0.05549668562759766,0.04815530215679565,0.15486095454485282,0.1424738801773099
87,87.0,86.89280540413424,0.09378553941934188,0.109644282941877,0.1340868617775705,0.09898262722417539,0.061251140506286154,0.1014963645740827,0.05460062816873157,0.04765930060187423,0.15503068665095224,0.1434625681351081
88,88.0,87.89702491199675,0.09421973323724128,0.10957321552984678,0.1342459200193835,0.09884701600512068,0.06193956556800679,0.10297718733591363,0.05513441563226312,0.0474788416221534,0.15324051408454717,0.1423435909655234
89,89.0,88.90185221995306,0.09350479334497191,0.1098561248734981,0.13582332154406526,0.09828985973877587,0.06169050140690119,0.1034776667192041,0.054495435051176065,0.047374850609399624,0.15341712012636255,0.1420703265856451
90,90.0,89.90717827491419,0.09416348606333978,0.10971690081553893,0.1355800803224408,0.09734283607882266,0.06139896122016397,0.10360075491837037,0.05532957236439715,0.0468332742462361,0.15304879643784758,0.1429853375328425
91,91.0,90.91289994163006,0.09425607335950403,0.10955435881600176,0.13655755786217577,0.097000635397046,0.0610081219526425,0.1022310176937745,0.05500137353523409,0.0467785163029732,0.15436658062954406,0.14324576445110393
92,92.0,91.91892044225806,0.09493452361174759,0.10982930929186378,0.13777207514483372,0.09618782324124174,0.06118327905480664,0.1027099807100623,0.05419143157778869,0.046134198275355975,0.15460278147757978,0.14245459761471957
93,93.0,92.92514968840067,0.0951837339456019,0.11049414800372509,0.137361187637133,0.09539839962308296,0.06239246735680329,0.101941718803259,0.05476597322143991,0.0461289099245797,0.15424195742476313,0.1420915040596118
94,94.0,93.93150451304501,0.09577991653758706,0.11004480788637858,0.13701327565175805,0.09629643271620929,0.06184685376719937,0.10279861687204188,0.05473065424438674,0.04595257903573579,0.15407013756660784,0.1414667257220952
95,95.0,94.93790881009448,0.09621499084072545,0.11018797160233992,0.13693721774795745,0.09617776115487597,0.06116730009804122,0.10244324904597223,0.05512739023852813,0.04592509551554679,0.1548621075201693,0.14095691623584333
96,96.0,95.94429358933806,0.09511366404088531,0.11003418006400417,0.13637188738258557,0.09553337017940702,0.06139739100079598,0.10284270916571345,0.05622154219437636,0.0463621436759712,0.15417557536868434,0.1419475369275764
97,97.0,96.9505969547639,0.09583473753614205,0.11073500118953725,0.13467738382559227,0.09629497062096148,0.061546034099849746,0.10203205265278928,0.055594707497506786,0.0460062499506576,0.15400144839301838,0.1432774142339449
98,98.0,97.9567640140995,0.09579897622053289,0.11118735864041408,0.13442952552254045,0.0965132890959883,0.061104136753208034,0.10205973014415252,0.056634431987724186,0.046437548650244534,0.15274493172897405,0.14309007125622075
99,99.0,98.96274672736057,0.09442500850044672,0.11156417837191909,0.1347715799001929,0.09577857031313748,0.0623808144923825,0.10190093684833657,0.05641479039357025,0.046165774002731495,0.1540550858008411,0.14254326137644172
100,100.0,99.96850370202192,0.09549557014378322,0.11110658707757895,0.13483591624539465,0.09526623620135248,0.06255712150661087,0.10208648709038384,0.05682860889539707,0.045045219990554185,0.1536384911925891,0.14313976165635542
101,101.0,100.97399994219691,0.09597821660076657,0.11155936324412882,0.13441162560749526,0.09441782176110845,0.06343538520037235,0.10184319203599393,0.0580208108430272,0.04555712817191511,0.15356266449327102,0.14121379204192108
102,102.0,101.97920655893245,0.09738148483132604,0.1103331088417762,0.13523543701119908,0.09498358224942298,0.06400708275311223,0.10020701950356005,0.057815015967938074,0.04733995521131291,0.15251167796635806,0.14018563566399417
103,103.0,102.98410044840509,0.09780055711100229,0.11034018161282597,0.1353820745433138,0.09500814606969797,0.06345436127638646,0.09929558285764817,0.05794138296967137,0.04723239939892128,0.15357436686090195,0.13997094729963055
104,104.0,103.98866394444643,0.09695712124401601,0.1104777975104738,0.13445336224861024,0.09370433806792425,0.06248426072920072,0.10072956658054436,0.05869738314040951,0.04724921279625144,0.15436590659629096,0.14088105108627857
105,105.0,104.99288445143917,0.09675012341646991,0.1113962568467654,0.133294852997257,0.09428483791791432,0.06163723381065594,0.10157158046739459,0.058492323598897666,0.04703748465727157,0.15414417478954315,0.1413911314978303
106,106.0,105.99675406321822,0.09565197007606122,0.11002095809894298,0.13265538487642042,0.09465763236768168,0.06204871266773838,0.10268185232049164,0.05801817962682648,0.04629248340250354,0.15505647066737555,0.14291635589595794
107,107.0,107.0002691731872,0.09736104125763015,0.1110182620369081,0.13230130080819075,0.09374560112343992,0.06311310166416663,0.10299463855723533,0.05722503180132404,0.04481926952511453,0.15522354615550452,0.14219820707048586
108,108.0,108.0034300804274,0.0970267029378706,0.11123391774196509,0.13272101678016524,0.09491538359543499,0.06183795842432122,0.10290621443005425,0.05703543135093187,0.044841531392358,0.15526666192733865,0.1422151814195599
109,109.0,109.00624059613932,0.09742728081371826,0.1112210414560032,0.13259608717235125,0.09493215378130299,0.06164938511672056,0.10249537394400576,0.05687099576180465,0.044873786943881264,0.15624048821964365,0.1416934067905682
110,110.0,110.00870765431864,0.09739171625397056,0.11314983897526079,0.1322516323150818,0.09579793403799408,0.06110946361654231,0.10238113240949552,0.05571398583530596,0.04420716993390558,0.15686865743787004,0.14112846918457317
111,111.0,111.01084093013685,0.09779325781005764,0.11268178860926045,0.1327884973558708,0.09574752581074886,0.060917232580642466,0.10252204675539091,0.05557918393879144,0.044314426966144155,0.15678639738135422,0.1408696427917389
112,112.0,112.01265246907188,0.09645116020645904,0.11288603501847486,0.13341712290914534,0.09580062734945145,0.06038617286324248,0.10306303815800152,0.055855894064992105,0.043859894450289094,0.15783771249768694,0.14044234248225704
113,113.0,113.01415632942268,0.09692053950991321,0.113370379711507,0.13356910205922295,0.09614490855341813,0.06070772104674453,0.10267700095174115,0.055373411660762706,0.04408909800799739,0.1570362435557068,0.140111594942986
114,114.0,114.01536824044418,0.09788584486822757,0.1135603827695249,0.13214738288301514,0.09677840285580373,0.0605632704540709,0.10320901200229746,0.05456928228214248,0.04516071236074728,0.1565089583674654,0.13961675115670505
115,115.0,115.01630527795908,0.09867178613224004,0.11482694144206643,0.13219783571646407,0.09640844374018243,0.060462802458968616,0.10152693836640854,0.05501626318009273,0.04555146892148414,0.15577055098757883,0.1395669690545141
116,116.0,116.0169855589429,0.0985982387527586,0.11427595738959752,0.1319457005787095,0.09653219935832198,0.059944036382147965,0.10075780093622248,0.05622671664515039,0.045905277839350694,0.15617244687706527,0.13964162524067553
117,117.0,117.01742795623892,0.09871806081479519,0.11480773694550835,0.13372648515744728,0.09532011038691034,0.06032889028162124,0.09942855281929232,0.057220960171062145,0.045624432009557736,0.15573240964562435,0.139092361768181
118,118.0,118.01765183424293,0.100484878370484,0.11399043738583212,0.1347470462031125,0.09376679456788788,0.06014998110903682,0.0997879899443661,0.05698290218669691,0.04601178931730134,0.15492686941924286,0.13915131149603932
119,119.0,119.01767680610413,0.10193687470379355,0.11496636168222853,0.13368781337396732,0.09395256537100347,0.060070888007764146,0.09938005103654052,0.056701529474868756,0.04548166605189335,0.15534256006182767,0.1384796902361126
120,120.0,120.01752251271817,0.10252443351112424,0.11348375514646614,0.13408650465122868,0.09404602207610427,0.059901496480531995,0.09881561906620963,0.05725747059819394,0.0454914688118701,0.1560748884177276,0.13831834124054335
121,121.0,121.01720842354362,0.1018318467011959,0.11391295725424322,0.1337278297892579,0.09428126373790408,0.05917884342082091,0.09818475892835685,0.05742535131599257,0.0454664825524908,0.1566038277011499,0.1393868385985878
122,122.0,122.01675365905109,0.10113562762421709,0.1151663363198386,0.1335660035695172,0.09379271071413366,0.05940766359621211,0.09956215837361887,0.056808309975997055,0.045640406705154304,0.15653116143758278,0.13838962168372826
123,123.0,123.0161768344173,0.10000141791885175,0.11551720287321074,0.13460864464954173,0.0928826908242329,0.06010863055899115,0.10011673253415768,0.056216280946100115,0.045946362971305936,0.1562692656503615,0.1383327710732464
124,124.0,124.01549592390272,0.10085549309523498,0.11607509782809691,0.13439016994461922,0.09177710826583636,0.05943951322175751,0.09821600325360672,0.055750878903738414,0.04675461854417403,0.15671745927415995,0.1400236576687758
125,125.0,125.01472814520056,0.10161430397491969,0.11751909846998157,0.13356411596165305,0.0901846057803638,0.0588781374385448,0.09772325983201703,0.056255010991566885,0.04755213605207368,0.15720295678865737,0.13950637471022204
126,126.0,126.01388986291661,0.10272179503577603,0.11874645077837627,0.1342910724868307,0.09076101177395375,0.058452014180969375,0.09661600981393702,0.055037861715518326,0.04819099740520575,0.15566485803665173,0.13951792877278096
127,127.0,127.0129965102319,0.10297262159301633,0.1187012615022444,0.13428379866229437,0.09077651638997809,0.05921239172577661,0.09517088601004707,0.05477736215812056,0.0489300885959219,0.15649341152510587,0.1386816618374947
128,128.0,128.01206252771334,0.10307765646648656,0.11684372247426018,0.13572745335120687,0.09089468635385237,0.05967191059165889,0.09437187792528487,0.05438950110089134,0.04980069601435599,0.15738452929539892,0.13783796642660393
129,129.0,129.0111013181695,0.10270176844994819,0.1165609796997461,0.1345619763670604,0.09166066630472361,0.06031395290902985,0.09362455043930835,0.05440787551227783,0.05079107336572911,0.15756672196744997,0.13781043498472645
130,130.0,130.01012521639834,0.10206325938319627,0.11542319232193327,0.1341661544512648,0.09365149233138259,0.06021495344664661,0.09370349121103735,0.05429870487098993,0.049905380050233344,0.15793905465060185,0.1386343172827139
131,131.0,131.0091454726403,0.10157753800666877,0.11420763073551571,0.13362416867606372,0.09445012515193639,0.05996764201560549,0.09339549507099446,0.05418028097839307,0.050486497530035875,0.1593121671933858,0.13879845464140064
132,132.0,132.0081722485317,0.10163337615577654,0.11231564112132263,0.13410499107870455,0.09291672534296876,0.060077119104857246,0.09432555944987071,0.05405098632080627,0.05217873441093945,0.15871466702179524,0.13968219999295856
133,133.0,133.00721462434865,0.10284768190956467,0.11235803340826685,0.13416577289370374,0.09276661025050974,0.059423129818941996,0.09414752415505727,0.053278782391266453,0.0521248349849952,0.15829910803918132,0.14058852214851272
134,134.0,134.0062806163404,0.10372906282738005,0.11190049573400795,0.13326123291288555,0.09435483028957392,0.06002379523304797,0.09376677406900406,0.05404408133256662,0.05119021944623359,0.15801801965594928,0.13971148849935094
135,135.0,135.00537720296956,0.10411465594693589,0.11173411495517843,0.13299926652303762,0.0937289616517156,0.0605437426398905,0.09412460099595155,0.05300208857421815,0.05088078339580106,0.15829567455561602,0.14057611076165516
136,136.0,136.00451035890612,0.10417977634400491,0.1114141006739828,0.1339429171300501,0.0938524420924968,0.06100334799388365,0.09417300396197777,0.051948112173793165,0.050644349726430726,0.15765420059451515,0.14118774930886493
137,137.0,137.00368509565993,0.10540692020604724,0.11051960570119655,0.13489407019721297,0.09497935900445634,0.06044094435200742,0.09356464964180793,0.05168464561483483,0.04991733844238113,0.15754877239888954,0.14104369444116607
138,138.0,138.0029055077818,0.10498361991116467,0.11023339641171279,0.13452423889342177,0.09464421879363515,0.060734961204496465,0.09321897642482316,0.05157333498532187,0.05053561025945533,0.15850235700707108,0.14104928610889775
139,139.0,139.00217482361367,0.10613701470661482,0.1085923364613007,0.1356296723978941,0.09556278981597818,0.060905889989156026,0.09267670302799953,0.05090871652704366,0.04906521454274704,0.15869496114595347,0.1418267013853125
140,140.0,140.0014954596262,0.10585279867385666,0.10752535176083769,0.13559482103836984,0.09482935227260168,0.06018465218073402,0.09458188549484026,0.051113816554815956,0.04849871003591264,0.1584037968141656,0.1434148151738657
141,141.0,141.00086907744122,0.10666596838740057,0.1083522166296563,0.1340360761787491,0.0951282658362406,0.058979558435679535,0.09480307837732954,0.051136274037875976,0.048703244649000735,0.15895205481061972,0.143243262657448
142,142.0,142.0002966427003,0.10724341205112448,0.10809767608739991,0.13444778885869288,0.09589483017603741,0.05795978771009654,0.09555545191906212,0.05128660222490104,0.047809401699764595,0.15820366959264526,0.14350137968027585
143,143.0,142.99977848500652,0.10722347327814898,0.10784070326281661,0.13598976074541905,0.09542176000557556,0.058602937021223454,0.09480996735153495,0.052267307378765344,0.04714488947816117,0.1580258859191736,0.14267331555918134
144,144.0,143.99931435823203,0.1083248770358611,0.10681410190067421,0.1351044595063703,0.09417129138560804,0.0585169752030133,0.09605389426434086,0.05118898014646755,0.04656508004854775,0.15953964207054538,0.1437206984385716
145,145.0,144.99890350055264,0.10929956119592124,0.10619292926578722,0.1349716112010042,0.09436581962557909,0.057422104434184995,0.09620248145281887,0.04979792462891769,0.04661403479035036,0.16174394307295095,0.14338959033248547
146,146.0,145.9985446936357,0.11070380268345803,0.10594035000414236,0.13437291607473134,0.09515785978711286,0.05654320137918571,0.09564647852912661,0.050696764283547247,0.046822703583332,0.16177158247895138,0.1423443411964125
147,147.0,146.99823632047406,0.1105561725167897,0.10662752599911873,0.1352571600061219,0.09591927511298198,0.0555738707844696,0.0948071011300429,0.05030978864673436,0.0455795489957063,0.16328728116756688,0.1420822756404677
148,148.0,147.99797642142389,0.11283107771440296,0.10618106408123373,0.13418439137627458,0.09622194400296596,0.055148135695665526,0.09380917802759728,0.05070269888230954,0.04498995834890677,0.16339853503968405,0.14253301683095962
149,149.0,148.99776274806447,0.11236137135668149,0.1059692600035092,0.1339912040252204,0.09690840882988229,0.054994030848492005,0.09315608386215476,0.051742681798890175,0.0444771360444806,0.1640331362449437,0.14236668698574537
150,150.0,149.99759281456036,0.11284451742413479,0.10583859026934446,0.1337889569116452,0.09582547513701037,0.05466854476074702,0.09429600148055686,0.05138799865577234,0.043918906154672525,0.1646048350957576,0.1428261741103588
151,151.0,150.99746394626104,0.11321555827262557,0.10442419406493872,0.13432573099300393,0.09403535880146804,0.05513695462964565,0.09473386063571551,0.0514726258487047,0.04421125807977699,0.16635841571893564,0.14208604295518526
152,152.0,151.99737332532905,0.11372279356005693,0.1039751399962658,0.13453468328896534,0.09426969558764313,0.05449829117795035,0.0954679650860822,0.05097988099379557,0.04290668594598387,0.16659257277999256,0.14305229158326424
153,153.0,152.99731803323698,0.11265943234003294,0.10472640805970614,0.1352354927239424,0.09381372627438231,0.05362806327689993,0.09794463858407222,0.050466179355614246,0.043560251185914715,0.16625834738623183,0.1417074608132033
154,154.0,153.99729509002177,0.1112520748607528,0.10540108265778683,0.13675538885781302,0.09217673370662757,0.053781994835640196,0.09816589111823001,0.051147029031350454,0.0431323880144968,0.16710990152996194,0.14107751538734037
155,155.0,154.99730149022784,0.11240593222115652,0.10445806427389728,0.13995385464963506,0.08911326407197469,0.05348138010642691,0.09813089944950582,0.050243038704159006,0.04231930225809101,0.16971820171549307,0.1401760625496606
156,156.0,155.99733423551103,0.11172510476839176,0.10421738276276737,0.1404781933402715,0.08805279904692737,0.05279565513620107,0.0993703101793043,0.04982005339144394,0.04258021155606199,0.17146070646517095,0.1394995833534597
157,157.0,156.99739036391077,0.11296528283533727,0.10304388017647854,0.14012521160700886,0.08836176333769051,0.05279300308953283,0.10018087347065562,0.050743247257290125,0.042143528828198454,0.17091146565856555,0.13873174373924216
158,158.0,157.99746697583146,0.11354429832131897,0.1033647477987554,0.14102387290842228,0.08822555703910903,0.052094509725030984,0.0996457079056967,0.04996297573555751,0.04200127271095438,0.17152274365215014,0.13861431420300457
159,159.0,158.99756125680176,0.1144203592341697,0.10450191806086365,0.14067634777905913,0.08705431523173404,0.05155490522021459,0.10047487568547818,0.048992182937172224,0.041702203930601894,0.17175275879242688,0.1388701331282797
160,160.0,159.997670497107,0.11351934604338748,0.104979261834293,0.14054083946067683,0.08646430980424215,0.050542250500918845,0.10316703683931551,0.048184564082564926,0.040997767252292455,0.1714289935515309,0.14017563063077787
161,161.0,160.99779210841066,0.1141258539544657,0.10508413091613694,0.14104693490310685,0.08615102340913444,0.05219049012342742,0.10341851556619984,0.04738111414705998,0.03983617698377436,0.17050856574424114,0.1402571942524533
162,162.0,161.99792363749984,0.11494475760282474,0.10473245081109604,0.14181976231157284,0.08608672411004965,0.05119502050264399,0.10414462965521218,0.046414307572741266,0.03928765586398886,0.1713612362540068,0.14001345531586365
163,163.0,162.9980627773051,0.11425122995479535,0.10534407445646315,0.14128845023133504,0.08479675358831186,0.05022986335130726,0.10517680340268698,0.04648112804856754,0.038993355250963514,0.17269669037090501,0.14074165134466424
164,164.0,163.9982073753568,0.11352875966696555,0.10484920822558391,0.14159440151023028,0.08419557597740765,0.050465637598449783,0.10393929314411147,0.04670302264308804,0.03839644572481223,0.17528608793174508,0.14104156757760591
165,165.0,164.99835543984977,0.115775022371623,0.10392055155523094,0.1413919386972178,0.08263233316981486,0.050892301297392924,0.10378237296029919,0.04764772681254956,0.037345683146627506,0.17624680896641198,0.14036526102283214
166,166.0,165.99850514349492,0.1156034016894176,0.10422342910091789,0.14257658597129558,0.08280686449641403,0.05230479690297317,0.1026191530643066,0.04713367413229584,0.0366846160432109,0.17711903047006672,0.1389284481291016
167,167.0,166.99865482534062,0.11663172563199659,0.10418641935540171,0.14234696780202188,0.08237110784138832,0.0530844374111624,0.10389057877656935,0.04585988479756324,0.036043340976535776,0.1771944039479783,0.13839113345938234
168,168.0,167.99880299074837,0.1172466136201602,0.10512922050322103,0.14317906952912499,0.08054897411125189,0.05253759315025131,0.10419956340340839,0.045146267563495164,0.03606990757743838,0.17694812798011325,0.1389946625615353
169,169.0,168.99894830970783,0.11842521209441921,0.10614868636268086,0.14314422665738638,0.07932763893239353,0.05168752704370274,0.10191691900812203,0.04508466025561872,0.036004808478485174,0.1788205805554633,0.13943974061172795
170,170.0,169.99908961367427,0.12050498611980698,0.10502684072012686,0.144478476945409,0.0791124807633063,0.05200677933672473,0.09971640221698906,0.04403813167656496,0.03620437589793814,0.1800116492926691,0.13889987703046477
171,171.0,170.99922589110733,0.12037149553118459,0.10532705781483505,0.14408875867906543,0.07824384838894813,0.05078315424429666,0.09973458180803688,0.04424070138842743,0.037827653970093196,0.1796403408084337,0.13974240736667887
172,172.0,171.99935628188598,0.12030744993184384,0.10529045601234743,0.14563327713269877,0.07770164174265225,0.050774762151840985,0.0974693217470557,0.04699971960407963,0.03861002379081299,0.17934037699770097,0.13787297088896736
173,173.0,172.99948007076793,0.12255140135597384,0.10785620778359516,0.14499236326214238,0.07775199093225649,0.0496821680687332,0.0969011408025634,0.047745021208655355,0.03938275446441379,0.17774168657408806,0.13539526554757828
174,174.0,173.99959668005403,0.12265372602673562,0.10761660790962235,0.1457726731593161,0.07701036630438762,0.04840379060825607,0.09907286215149985,0.04833636876913002,0.04097333251916551,0.17758252392258192,0.13257774862930485
175,175.0,174.99970566161096,0.12341667068116034,0.10699945493344402,0.1464314098137188,0.07633596637709816,0.048437256945350435,0.09802029310156123,0.048778319598706786,0.04191719854672714,0.17792182206823018,0.13174160793400286
