,Unnamed: 0,Total_iterations,Intertwine_two,Add_vertex,Delete_vertex,Invert_path_vertices,Insert_inside_vertex,Delete_inside_vertex,Replace_inside_vertex,Donate_between_routes
0,0.0,0.0,0.125,0.125,0.125,0.125,0.125,0.125,0.125,0.125
1,1.0,1.0,0.12125334096983582,0.12495704467353953,0.12866074837724323,0.12125334096983582,0.12866074837724323,0.13270809469263078,0.12125334096983582,0.12125334096983582
2,2.0,2.0,0.11940148911798397,0.12680889652539137,0.13051260022909508,0.11940148911798397,0.12680889652539137,0.13826365024818632,0.11940148911798397,0.11940148911798397
3,3.0,3.0,0.1129200076365025,0.12773482245131734,0.1481051928216877,0.11662371134020622,0.12329037800687287,0.14548587247040856,0.1129200076365025,0.1129200076365025
4,4.0,4.0,0.11014222985872472,0.13088297059946546,0.14829037800687286,0.11384593356242843,0.12051260022909509,0.15604142802596407,0.11014222985872472,0.11014222985872472
5,5.0,5.0,0.10805468777118263,0.1312196709361658,0.1545530042694991,0.11175839147488634,0.11842505814155299,0.15987981186434788,0.10805468777118263,0.10805468777118263
6,6.0,6.0,0.10584930056579542,0.12901428373077858,0.15884593356242843,0.10955300426949913,0.11621967093616578,0.1688192058037418,0.10584930056579542,0.10584930056579542
7,7.0,7.0,0.10385435107084591,0.1270193342358291,0.16575670797320277,0.11033583255232739,0.11422472144121629,0.17110035058488657,0.10385435107084591,0.10385435107084591
8,8.0,8.0,0.10218452642365687,0.12461682037768997,0.17487007758746886,0.10866600790513835,0.11183025911286783,0.1745502122676035,0.10182220758307717,0.10145988874249744
9,9.0,9.0,0.10005165929078975,0.12248395324482282,0.1824782101956015,0.106319465558596,0.11303072531333404,0.17661962433701558,0.09968934045021002,0.09932702160963032
10,10.0,10.0,0.1009057126448431,0.12030770356857313,0.1829010281184194,0.10043951217864262,0.11085447563708435,0.18622400144139276,0.09751309077396036,0.10085447563708436
11,11.0,11.0,0.09818121492034537,0.11758320584407542,0.18620661142400272,0.1012355679746984,0.10699037677298548,0.19725482247221374,0.09478859304946262,0.09775960754221626
12,12.0,12.0,0.09589257763170807,0.12172554498641451,0.19048918070657195,0.09878820052733094,0.10118525596786464,0.20425134446873575,0.09249995576082531,0.09516793995054863
13,13.0,13.0,0.09419247218160257,0.12002543953630905,0.19218651115390242,0.09694920618833656,0.09932642035902903,0.21305226576965705,0.09079985031071985,0.09346783450044316
14,14.0,14.0,0.0917428520849237,0.11483171169552245,0.19895908498529977,0.09633782138577536,0.1000712447067946,0.21894136577640405,0.08835023021404095,0.09076568915123903
15,15.0,15.0,0.08968898003105165,0.11673406859787934,0.19879082731704212,0.09453647458442856,0.09826989790544778,0.226466525801564,0.08654888341269416,0.08896434234989223
16,16.0,16.0,0.08651622633838778,0.11948954931171073,0.20102659810423146,0.09213472498014223,0.09542939650155793,0.23353384278486866,0.08317692997583559,0.08869273200326552
17,17.0,17.0,0.08481461024435681,0.11426737969712623,0.20889582639915635,0.0904213272953823,0.09057759725734381,0.2421905289492948,0.08165846406495479,0.08717426609238473
18,18.0,18.0,0.08161038552850418,0.11988158031132685,0.21248843749176746,0.09014438201843702,0.08741464909439564,0.2449223341811,0.07900056640705715,0.08453766496741151
19,19.0,19.0,0.079396178167238,0.1205335345662223,0.2123350661812754,0.09027457733052087,0.08533933062201836,0.25273371870301087,0.07692524793467985,0.08246234649503421
20,20.0,20.0,0.07965730105993983,0.1209594634132038,0.2124346631500674,0.08878131425831044,0.0838460675498079,0.2560682704315254,0.07543198486246941,0.08282093527467563
21,21.0,21.0,0.07708756758850356,0.12773897818807456,0.21490858385154235,0.08601666948902169,0.08097153267062905,0.2602355772962007,0.07298480041064097,0.08005629050538689
22,22.0,22.0,0.07550534133522468,0.12838122336979343,0.22002306975550187,0.08617991654468363,0.07935447669598794,0.26050389529284695,0.07334214530745958,0.07670993169850178
23,23.0,23.0,0.07331724004882616,0.13037612861934264,0.22199542932461067,0.08917700044347025,0.07716637540958944,0.2621715526841885,0.07116551059599512,0.07463076287397688
24,24.0,24.0,0.07142747876665002,0.1341821238223967,0.22351582570955814,0.08879691613149741,0.0727918766426758,0.26922530760946045,0.06936486098187802,0.07069561033588319
25,25.0,25.0,0.07193218943440417,0.13519188499520132,0.2231288793886032,0.08760382168039381,0.07176586656918292,0.27227283324431273,0.06834720512726564,0.06975731956063588
26,26.0,26.0,0.07034209523208086,0.1374911553058123,0.22317836716843828,0.08560912863693917,0.0727482291498427,0.2739879026232669,0.06852706611595018,0.06811605576766931
27,27.0,27.0,0.07104778479535558,0.13571277097196965,0.22954314293797914,0.08459670539514454,0.07169068194988064,0.272436162108207,0.0676589430184557,0.06731380882300751
28,28.0,28.0,0.0697375911053665,0.1454126227920261,0.23117932988410014,0.07922644938422359,0.07400388579633257,0.26779915628786555,0.06649304947276674,0.06614791527731857
29,29.0,29.0,0.06832332559616892,0.1507826539040817,0.23730312000119355,0.07697202611670972,0.07215319077461854,0.26527566394760793,0.06469352404169601,0.0644964956179234
30,30.0,30.0,0.0672595934408363,0.15204735312129808,0.23789856585744165,0.07556684734644144,0.07096690959967808,0.2694556449398785,0.06349487125144274,0.06331021444298293
31,31.0,31.0,0.06641554412389922,0.15287545541896785,0.23801403529674334,0.0746229699897786,0.07018324675617094,0.27288335299233424,0.06258777628450347,0.06241761913760213
32,32.0,32.0,0.0679355956599354,0.15216931112354504,0.2421914817628222,0.07442269863882521,0.06919475128366011,0.2712685824747167,0.06148592127834325,0.061331657778151735
33,33.0,33.0,0.0666318939835532,0.15730574783570167,0.24428159631551505,0.07306025244679538,0.06412943407967772,0.2739120938695003,0.06043843627846758,0.060240545190788836
34,34.0,34.0,0.06793971871243057,0.15594104366397993,0.24312220241393961,0.07552667166760056,0.06295341386856979,0.27531472258524875,0.05966986585123964,0.059532361236990836
35,35.0,35.0,0.0674523899673715,0.15511020973045445,0.24316277758866164,0.07510374787992412,0.06137975355706864,0.27945120176870575,0.0591763993052155,0.05916352020259814
36,36.0,36.0,0.0662937351159879,0.1587686484529702,0.24677992967419835,0.06950164808434595,0.06022998586611485,0.2823791913908776,0.05802475468498006,0.05802210673052486
37,37.0,37.0,0.06328778226835446,0.16147698131962246,0.25111400818072477,0.06724519458783575,0.05950709934974051,0.28283445340729185,0.05724960375891159,0.05728487712751828
38,38.0,38.0,0.06337191626595713,0.16331977332588316,0.24975265055286328,0.06561478685476765,0.058214970721080554,0.2878836710163949,0.05592163283634482,0.05592059842670826
39,39.0,39.0,0.05959166988401029,0.16434391619316197,0.25563713337027555,0.06515490593111731,0.057872248001544925,0.2849040332971801,0.05553481840605082,0.056961274916658804
40,40.0,40.0,0.05890026854125318,0.16541637498383024,0.25775796934822937,0.06434881690646821,0.057161868052852685,0.28533501368070835,0.05487020138618602,0.05620948710047174
41,41.0,41.0,0.05779115439848151,0.16683807726119382,0.25946655425757587,0.06317996312062359,0.059433570624231054,0.2813355160014087,0.05680730799796844,0.05514785633851679
42,42.0,42.0,0.0583145335388361,0.16760795034659823,0.26033420024003834,0.06248615825401435,0.05875691151635464,0.27985279739426955,0.055777915204024996,0.0568695335058635
43,43.0,43.0,0.05952538013756695,0.16949552376451651,0.26172620350730746,0.06195152882626398,0.058283532642283135,0.27881619211340763,0.05523073576595685,0.054970903242697225
44,44.0,44.0,0.05723284733995918,0.1754324070081097,0.2623444999623452,0.05635983146694332,0.05660965568535836,0.2820299694362755,0.05517994504512141,0.054810844055886945
45,45.0,45.0,0.05976637388045873,0.17684506095714841,0.2665223449279048,0.05579837946535807,0.05615805855762228,0.27589625014520475,0.05470189289093031,0.05431163917537233
46,46.0,46.0,0.058796851098416945,0.1773387667868263,0.2712157063971049,0.05484181629033483,0.05355152494190394,0.277095733372239,0.053783669311979344,0.05337593180119452
47,47.0,47.0,0.059146714582630905,0.17393906565940667,0.27179483316356146,0.0552322343400313,0.05509433649893249,0.2768257024044495,0.05418918995711362,0.0537779233938737
48,48.0,48.0,0.060290321725657625,0.17591489086255727,0.2725218429779655,0.05436026195558772,0.05428403310780714,0.2763124093937053,0.05338999658877062,0.05292624338794846
49,49.0,49.0,0.05931265511653477,0.17849867522935908,0.27444872236485196,0.05369935511175404,0.05550225785363137,0.27266992798436596,0.05356033475265254,0.05230807158684982
50,50.0,50.0,0.059951544580445534,0.1780698781882432,0.2747899458578128,0.05398855665903627,0.0548008740642254,0.2739264530679215,0.052876490708345436,0.051596256873969466
51,51.0,51.0,0.05930567051901276,0.18117289187825572,0.27241618026457304,0.053455499184094445,0.05437772256140606,0.2757625946781285,0.05240752684264056,0.051101914071888625
52,52.0,52.0,0.05844055826214042,0.1831865697224324,0.27578249893254986,0.05283834672743607,0.05380368146023376,0.27361212138880925,0.05181454790076519,0.05052167560563262
53,53.0,53.0,0.057999485465325226,0.1844243961642695,0.276163850460598,0.05243637083183117,0.05347708438700046,0.27356978559671874,0.051413022717675644,0.05051600437658099
54,54.0,54.0,0.057490010024793675,0.18317563781067175,0.2797497841822188,0.05201602620041322,0.05315099964936124,0.27327550635081316,0.05103650081266377,0.05010553496906412
55,55.0,55.0,0.056014337720431254,0.18051410281683883,0.27449363469569116,0.053283889060693944,0.05436334933055901,0.28041581737456994,0.04954472544872002,0.05137014355249566
56,56.0,56.0,0.05540099782607936,0.18039444137500854,0.28028217498439206,0.05332649870979201,0.0544929621228227,0.27502521718931383,0.04962921156474207,0.05144849622784916
57,57.0,57.0,0.0527581513732193,0.17901037535739953,0.28103615169228097,0.053465161955229885,0.054938470040050764,0.2754216806098368,0.05246161818819891,0.05090839078378349
58,58.0,58.0,0.05120922471936933,0.18007607545610735,0.2833641685779323,0.05300468658673233,0.05453896867355711,0.275289239443533,0.052022919461079335,0.05049471708168894
59,59.0,59.0,0.05227542309859443,0.18221778006944078,0.2825887288859504,0.05087152834875975,0.051281449104064264,0.27622788557641653,0.05202781771376055,0.05250938720301299
60,60.0,60.0,0.05182331107401258,0.18182661640352102,0.2830169462496142,0.05412753961911333,0.050840985825002134,0.2747195595967479,0.051607345967073844,0.0520376952649148
61,61.0,61.0,0.05130442720799391,0.18373650084989135,0.2839040455782656,0.05364603280517762,0.05035897624585775,0.27432313505354755,0.05116404930899533,0.05156283295027063
62,62.0,62.0,0.049344101914974486,0.18907556760825234,0.2861061999393527,0.052647364512345,0.04952021668609492,0.2757295376778535,0.04697986159248359,0.050597150068643036
63,63.0,63.0,0.04862524922278739,0.18776466184545268,0.28943270642071595,0.05198905269908824,0.05319417415409514,0.27273998976284525,0.04632981788113673,0.04992434801387846
64,64.0,64.0,0.04812256055291051,0.18791131372994638,0.28911866511580525,0.05150880102929012,0.052514647620209444,0.27395318689742365,0.047406744770371115,0.049464080284043185
65,65.0,65.0,0.04779015139140565,0.1900007052623011,0.29007525689115143,0.051829025600129135,0.05088031598031152,0.272116266116431,0.04822357308163315,0.04908470567663671
66,66.0,66.0,0.047237667611947906,0.18888137131196386,0.28998479103500885,0.05247950644087476,0.050097128785558456,0.2741392073187024,0.048650228580210904,0.04853009891573268
67,67.0,67.0,0.0474224363298337,0.1912030481929383,0.28947734254518737,0.04953750190568585,0.0485524759025874,0.2756484714833209,0.047952392611812354,0.05020633102863385
68,68.0,68.0,0.04877171959737749,0.19187360520115604,0.2878620600351508,0.05015583199877175,0.049296660574909994,0.27313274127069503,0.049898134689947506,0.04900924663199102
69,69.0,69.0,0.0482853182650966,0.19361853226616726,0.28668627524260853,0.04954063707731916,0.048700206006998994,0.2734150424363,0.049210846301658555,0.05054314240385052
70,70.0,70.0,0.04803296104585177,0.19399121175218528,0.2903495855963187,0.049776261167394656,0.048424140869309414,0.27025575032712346,0.04887913882738258,0.05029095041443379
71,71.0,71.0,0.0475610513444027,0.19758864773772897,0.2908244140482097,0.0504576646592907,0.04693503681138747,0.26835291137450257,0.04841402458135886,0.04986624944311876
72,72.0,72.0,0.046707496600344435,0.19740601076985165,0.2923782624170718,0.04961379097197856,0.04944635793220508,0.26782487950506884,0.04756613093101034,0.049057070872468925
73,73.0,73.0,0.04699872002589087,0.1997073394172845,0.2958329149509727,0.05071818376340172,0.04871236259059727,0.2596082846534193,0.0478823361355708,0.050539858462862644
74,74.0,74.0,0.04897808207625341,0.20177821578449864,0.2991547196343102,0.051438830892960516,0.04662999550580672,0.25014724503135294,0.05099479284614754,0.05087811822866975
75,75.0,75.0,0.0471298084980065,0.20393580560613683,0.30242098628910047,0.05074650115849871,0.04570874629208417,0.24823675893434993,0.05013934588572724,0.05168204733609583
76,76.0,76.0,0.04685861089442921,0.2060209025508046,0.30370945471221955,0.04982028027202617,0.044408900693914614,0.24778676783358916,0.04992776525641967,0.05146731778659664
77,77.0,77.0,0.0451065753980396,0.21016013175654802,0.30616772787669416,0.0494634144847634,0.04390388841729319,0.2431489252953381,0.04973361631791661,0.05231572045340665
78,78.0,78.0,0.046221426600432006,0.21011507511031577,0.308229785305061,0.04910901596043178,0.04357723924880748,0.2399415555157486,0.050069640352149856,0.05273626190705312
79,79.0,79.0,0.046427498445257724,0.20949389073275973,0.3080359778976764,0.049345898340441154,0.0443528748604172,0.2403849375117203,0.05103265384223144,0.05092626836949566
80,80.0,80.0,0.046437535771973806,0.20903614650978097,0.30803685934433883,0.04935713525579859,0.04715242478464446,0.23829554239579054,0.050765308963075004,0.05091904697459745
81,81.0,81.0,0.04714812209711161,0.2078014923525889,0.3081486995215513,0.048607959160333766,0.04718358986687411,0.23945291187465767,0.05064113691722256,0.05101608820965976
82,82.0,82.0,0.046916316874243205,0.2059976777482129,0.30878959586494087,0.05026769534423062,0.04660449107430726,0.24130653157238793,0.049326092175505994,0.05079159934617093
83,83.0,83.0,0.0469816472753793,0.20651829682957684,0.3116033151630869,0.05152250866289362,0.04670604470875506,0.2362649264895519,0.0494351048642858,0.05096815600647006
84,84.0,84.0,0.04767626913751545,0.20809134622658823,0.3122912163547956,0.05092555377091505,0.0470824369089363,0.2345034132675268,0.04973851662064261,0.04969124771307957
85,85.0,85.0,0.049479164088883906,0.20739401434330995,0.31261907940124795,0.0508055606724026,0.04704779845060639,0.23342736954247348,0.049696976851063564,0.04953003665001178
86,86.0,86.0,0.049405848481548914,0.2093259400085021,0.31432625716309215,0.05068144644619387,0.046998190761716165,0.23125904394299335,0.04852955114294687,0.04947372205300618
87,87.0,87.0,0.04705910916986532,0.20964545194174428,0.3160909473804812,0.051328838849998185,0.04839351764970508,0.2308517356518873,0.0475763094955404,0.0490540898607778
88,88.0,88.0,0.047155040956963865,0.21033395428434273,0.31467301417502574,0.04899193799377089,0.04850895285124684,0.23311305602058344,0.04530445035773302,0.051919593360333076
89,89.0,89.0,0.04694602264253609,0.2116770472959556,0.3172861280611656,0.04919973747887089,0.04834253964180008,0.22984659696605964,0.04368259123185165,0.053019336681760065
90,90.0,90.0,0.0469374625895517,0.2099029752608708,0.3208939104887824,0.04922873720760809,0.04825283120898211,0.22758361644283953,0.043684342679967264,0.05351612412139783
91,91.0,91.0,0.04763599146529997,0.2088097493733145,0.32936786789138,0.049986861294174706,0.04609256991682234,0.22233239423046258,0.041605952732836744,0.05416861309570884
92,92.0,92.0,0.04756043909725867,0.21033762515706497,0.32763675024564176,0.04947440312115176,0.046797018613093495,0.22243928503075622,0.04148399830007319,0.054270480434959585
93,93.0,93.0,0.04714674880291324,0.21153120171168985,0.3273419038267407,0.04952117154415378,0.04704879036609886,0.2207818514381471,0.04287190623019833,0.05375642608005792
94,94.0,94.0,0.04699490292347928,0.2122283641748095,0.33144260220982347,0.04931200529007354,0.04688892314865943,0.2168321710684572,0.042690434965399135,0.053610596219298215
95,95.0,95.0,0.046108689466356566,0.21043267023511877,0.33372944090944134,0.05031735548603236,0.04687228638413594,0.2152966258909487,0.04370165672643732,0.05354127490152872
96,96.0,96.0,0.04853802003361817,0.21070316594311453,0.33262706411956455,0.05026137211754899,0.04682712552647508,0.21305455713594892,0.04361666301644361,0.05437203210728592
97,97.0,97.0,0.04883716468295602,0.20979084798529973,0.3348105729502718,0.04897945880292658,0.04830575413906126,0.21111139980495403,0.04391580766578145,0.05424899396874882
98,98.0,98.0,0.04959382916033421,0.2110416388410368,0.3390406034534665,0.04928209051016885,0.04722190478840984,0.20617181984990768,0.043756193544920816,0.05389191985175513
99,99.0,99.0,0.049337842279556045,0.21027631610222974,0.3420976099844486,0.049753845757022234,0.04772002272950251,0.20330141376624103,0.044254913426913935,0.05325803595408564
100,100.0,100.0,0.04900517386330264,0.2113560800756134,0.3462647417898253,0.050075012432967976,0.046359859982183345,0.2011753902807419,0.04295991848669807,0.052803823088667184
101,101.0,101.0,0.04875259206187137,0.210897587627095,0.34853231574457016,0.04984169390870002,0.04614518579571448,0.19955558549340519,0.04372061788838775,0.05255442148025586
102,102.0,102.0,0.04906141290319478,0.21045053067870606,0.34668492564136155,0.05031879233319728,0.047800945412548104,0.19888440748513458,0.04398259097699464,0.05281639456886275
103,103.0,103.0,0.049808777250110126,0.209986195591559,0.34927303634265566,0.05038953174601376,0.047890808940874226,0.1930322964743973,0.04468127214974351,0.05493808150464608
104,104.0,104.0,0.04981404565478176,0.2102747413894825,0.3505884277177231,0.05038543485146504,0.04791733075980867,0.19333819428029508,0.04474079733927723,0.05294102800716633
105,105.0,105.0,0.04970190976374183,0.21068600172246285,0.3524770978900666,0.05062254616102832,0.047825946688919846,0.1902536689955537,0.04462293625465307,0.05380989252357352
106,106.0,106.0,0.05029252611874129,0.2078228585122967,0.35002952575988694,0.05122625804154961,0.04921123044690343,0.19085630782147228,0.045210978038924085,0.05535031526022549
107,107.0,107.0,0.04941848817262492,0.20783774978296954,0.3508194677794102,0.0520156949064385,0.049150200630868356,0.19070274158995962,0.04512349319643398,0.05493216394129466
108,108.0,108.0,0.04840152162642635,0.20615071043906844,0.35520898029950254,0.051976811550988364,0.05054183623520743,0.1872942687897101,0.04543540484679607,0.05499046621230041
109,109.0,109.0,0.04839971292757992,0.20629166955960365,0.35555627887642083,0.0514939283548682,0.051981045283760144,0.18672022475000435,0.04534370752573273,0.05421343272202994
110,110.0,110.0,0.04872040976934162,0.20989334864494344,0.3587989017205256,0.05036866595334953,0.0526785402707499,0.18436686710306194,0.04462395099598681,0.05054931554204101
111,111.0,111.0,0.0518459944840233,0.21202677761818098,0.3590449112089891,0.05309984384524823,0.05874847437410392,0.1672755521581384,0.047253675453098734,0.05070477085821712
112,112.0,112.0,0.051398987689594236,0.21202776121745054,0.3596110867525057,0.052736696394754354,0.06046400161347913,0.1663692318506286,0.04679903523245142,0.05059319924913575
113,113.0,113.0,0.051109512701635586,0.21317641894025688,0.36012159836674157,0.05246321213172289,0.05998121435985388,0.16577409510009894,0.047099217669096236,0.05027473073059372
114,114.0,114.0,0.05099648333452993,0.20996716344072927,0.3604782844739697,0.05230561439301253,0.06160607878859788,0.16394590311221727,0.0506260745077948,0.05007439794914832
115,115.0,115.0,0.051131875476196305,0.2100626915173986,0.36297416669823973,0.05303018310401501,0.060154458022165916,0.1616461316162419,0.050782599571931535,0.05021789399381068
116,116.0,116.0,0.0522680158293283,0.2138026956654617,0.35412267790768415,0.05464791675589339,0.06241793534469775,0.16127676519696496,0.05103370677547559,0.05043028652449373
117,117.0,117.0,0.055330029756679146,0.19640993467246906,0.35907399808252477,0.05642388658212512,0.06547994927204859,0.16327104395278505,0.05179033912116026,0.052220818560207646
118,118.0,118.0,0.05697299469852071,0.19622981733659148,0.3468170114052634,0.05799224764023198,0.06706293737043062,0.16389518539948775,0.0571606526339656,0.05386915351550812
119,119.0,119.0,0.056440672729171464,0.20055781394386296,0.3534129036549322,0.056325536208527316,0.06653774925917644,0.15903384282511268,0.053861816406252525,0.053829664972964056
120,120.0,120.0,0.0563495996237332,0.20540043833168883,0.3529526212823896,0.056059960009380946,0.06561471046152575,0.15684765449219687,0.05326734842674474,0.05350766737233981
121,121.0,121.0,0.05776090895186074,0.2062776143797154,0.35276321521323084,0.055548710977930314,0.06407521210743267,0.15455747217879248,0.05453831329143892,0.05447855289959834
122,122.0,122.0,0.05775872997535474,0.20612172088712338,0.3497249217863094,0.05679678428211734,0.0656626483426271,0.15391846718858326,0.054585441805518026,0.055431285732366525
123,123.0,123.0,0.057212216361860184,0.20145359530959753,0.3478118824273813,0.058744390161414625,0.0680109209022089,0.156995975202088,0.054035468608522784,0.055735551026926435
124,124.0,124.0,0.05700780230163008,0.20225064784854124,0.3476359811316126,0.05880580350494295,0.06874329705296255,0.15624665582813532,0.05381088148464135,0.055498930847533684
125,125.0,125.0,0.05723941138437163,0.20154866444649064,0.3431954726847154,0.05972919328098319,0.07166714338702931,0.15628629291298218,0.0543017515725072,0.05603207033092023
126,126.0,126.0,0.054926669252960546,0.2002860996782049,0.3480283844107911,0.05989470164687678,0.07183824268993057,0.1536461943063741,0.05452260967629977,0.056857098338562055
127,127.0,127.0,0.05362995465928362,0.20196578045364524,0.3587698500744322,0.06040696236379742,0.06633086322636406,0.14655457738685668,0.05499632286132889,0.05734568897429155
128,128.0,128.0,0.053132573377386784,0.20292454357075965,0.36220217634343715,0.05990204301466103,0.06697800126282322,0.1438756113073729,0.054144281498403814,0.05684076962515514
129,129.0,129.0,0.053144705431781444,0.20739611474005804,0.3593205658101218,0.05988035866380925,0.06685694076569738,0.14143764023230326,0.054155496133553103,0.05780817822267547
130,130.0,130.0,0.053068181253503974,0.21011645341251806,0.3568913521177241,0.06150703322061045,0.06664992736270797,0.1401185726445315,0.054066448634612074,0.05758203135379171
131,131.0,131.0,0.05300196367374502,0.21112906053201916,0.35615186431699297,0.061438664407400326,0.06793231720288809,0.1388373399840644,0.053984162430027564,0.05752462745286229
132,132.0,132.0,0.05228666073051469,0.2112695212925318,0.3599671256134246,0.06157615755573678,0.06739376415754003,0.1362670405740936,0.05384229107544682,0.05739743900071142
133,133.0,133.0,0.051977418357710886,0.209990291379913,0.36332941947764746,0.0610003675462687,0.06817410904409403,0.13492509310502987,0.053515104461428084,0.05708819662790763
134,134.0,134.0,0.051905889500555726,0.20833424598529907,0.36427523470207757,0.06096209750963902,0.06627328844363696,0.13718976997273336,0.053459559592125686,0.057599914293932235
135,135.0,135.0,0.051907924262770085,0.21166646440055473,0.366407647166043,0.057659186985713574,0.06589650091590794,0.13593521408153195,0.053522455857652355,0.0570046063298261
136,136.0,136.0,0.051890946736577244,0.2185665682871988,0.36104380654450047,0.05869116050847179,0.06429533081041101,0.1359253795085075,0.05155022775174862,0.05803657985258433
137,137.0,137.0,0.05184203254724559,0.22029944416808225,0.3597642302630267,0.05864224631914015,0.06488744226210501,0.13516375509033657,0.05145239937308532,0.057948449976978164
138,138.0,138.0,0.05248548690713192,0.22272962978241087,0.35718238638779626,0.057919170340395607,0.06638368346595726,0.13354474465113306,0.051247682177686944,0.05850721628748783
139,139.0,139.0,0.05237560755246787,0.22218125145667075,0.35625308603623923,0.05780281882149548,0.06630526223970058,0.13549560904673996,0.051166958095596494,0.05841940675108924
140,140.0,140.0,0.05246753296468655,0.22260274527067683,0.3572809480837885,0.05801178001838435,0.0648271086197526,0.13496366305737878,0.05130042197505624,0.05854580001027577
141,141.0,141.0,0.05270306890477948,0.22052752718729887,0.35803143185302094,0.0570073507942007,0.06604640165434479,0.13533957213444403,0.05153462045479533,0.058810027017115594
142,142.0,142.0,0.05623759392359513,0.22231343064653492,0.3568141379662616,0.056471795829113776,0.06678206198790408,0.12938840771327748,0.05261882992036937,0.0593737420129434
143,143.0,143.0,0.05583678956092433,0.2253940987002309,0.35609454432051013,0.05606368152492251,0.06618660562752054,0.12922541339804133,0.0522344630970791,0.05896440377077096
144,144.0,144.0,0.05592529402537542,0.22642736054405221,0.35414537987229794,0.056113871813128394,0.06611451716822081,0.12913563626812932,0.05228764074057669,0.059850299568218975
145,145.0,145.0,0.05714489189459692,0.2282530115907039,0.3526547177994778,0.05617650632775401,0.06652830781023558,0.12719304276756846,0.052412784858361545,0.059636736951301554
146,146.0,146.0,0.05581171397598111,0.22911983616264792,0.35222229368210745,0.05627129583459237,0.06722228629109492,0.12650040504824686,0.052479379095194505,0.06037278991013464
147,147.0,147.0,0.053285916877294094,0.22703552151492642,0.35398447116261406,0.05798842812801285,0.0670970689503055,0.1260731478320591,0.05332583756034655,0.06120960797444124
148,148.0,148.0,0.05517983963725073,0.22845466486992058,0.3453691896775284,0.06263701826979758,0.06728896874975314,0.1257714474764009,0.05314372902129628,0.06215514229805226
149,149.0,149.0,0.055273946003286924,0.2314724245982066,0.34170312767813305,0.061616332021041144,0.06845303221206221,0.12660957988470875,0.053368784684948434,0.061502772917612705
150,150.0,150.0,0.05508231940415969,0.23343312348430448,0.3425183493499608,0.061421099670503194,0.0682491993703218,0.12485760703112653,0.05314059305339388,0.06129770863622951
151,151.0,151.0,0.054666486837616234,0.23257259407803133,0.3459055615542764,0.06013204419492784,0.06775023028903472,0.12220101154625182,0.0526305720919762,0.06414149940788527
152,152.0,152.0,0.05455306797937764,0.23272572974052028,0.34511311409414525,0.0600573521350382,0.06847347090355264,0.12241232210341946,0.052587103629566055,0.06407783941438017
153,153.0,153.0,0.05654543216825228,0.22974944327882063,0.34478225674601837,0.05904591115315568,0.06742748980135382,0.1217932474251695,0.053458449284729294,0.0671977701425002
154,154.0,154.0,0.05639124241404692,0.23656396896402757,0.3418444468846494,0.058917822216291556,0.06698300300897007,0.12103451808632308,0.05333036034786516,0.06493463807782596
155,155.0,155.0,0.06005808363309477,0.24074609737201536,0.33519416317101375,0.05859106408851459,0.06709926412631564,0.12040906729589956,0.05330070617762829,0.06460155413551769
156,156.0,156.0,0.06337993932360728,0.24080144831811914,0.33067922976022374,0.05826280219084831,0.06720368544653113,0.12275162578697915,0.052972710275073345,0.0639485588986176
157,157.0,157.0,0.06421491267835465,0.2410461906024094,0.3304278512998057,0.058191570639390774,0.06715465329015434,0.12216313120978402,0.052908212730349805,0.06389347754975096
158,158.0,158.0,0.060482390647253755,0.24191604169771594,0.33045734135866023,0.057936109576539586,0.07148893087456526,0.12127431643524628,0.05245523893781353,0.06398963047220507
159,159.0,159.0,0.06010772927790062,0.2417053114915819,0.3323201724800187,0.05755126035744002,0.07113071111656462,0.12071554555460079,0.05199260528558362,0.06447666443630944
160,160.0,160.0,0.05629454803669871,0.2444570301880516,0.333411271975193,0.0574867670754524,0.0724760239318831,0.11985925200164622,0.05191984480782881,0.06409526198324597
161,161.0,161.0,0.056175971157111884,0.24530327825422107,0.33330267925495544,0.05767766382235595,0.07264252090806379,0.11852329510666558,0.05209548738133994,0.06427910411528608
162,162.0,162.0,0.05633377443976299,0.24135144272359244,0.3356091808370337,0.0578277341425762,0.07456810154277646,0.11878901531355009,0.05227245874194538,0.06324829225876251
163,163.0,163.0,0.056886292743191604,0.2452540337007432,0.33004954741486636,0.05816208671451448,0.07181810883668988,0.11895698043193163,0.051935033938305494,0.0669379162197571
164,164.0,164.0,0.061706315598536544,0.24493218854028068,0.32655290796844144,0.058164365826696214,0.07129381260994955,0.11725735661215698,0.051976059851502575,0.06811699299243572
165,165.0,165.0,0.062014523345598545,0.24540649618521757,0.32463228016630735,0.05846553028010619,0.07149922392645246,0.11722166715305772,0.052229374114982206,0.06853090482827764
166,166.0,166.0,0.06654537637311413,0.24412928035124948,0.32633330501493035,0.05546964027736934,0.07160762881491393,0.11440608600987501,0.05261614535284223,0.06889253780570527
167,167.0,167.0,0.06832016523566052,0.24805942404694126,0.32743371868673865,0.05466097294232189,0.07077484365677529,0.1135852400916168,0.05245621936020981,0.06470941597973552
168,168.0,168.0,0.07053008648554408,0.24745605524394937,0.3204435432545626,0.05526339807502006,0.07290091976964617,0.1150355115659357,0.053066688250951746,0.06530379735438994
169,169.0,169.0,0.07508920262174189,0.22365803878038776,0.31910995608751946,0.061313164816558845,0.07643592387063218,0.11833633500452351,0.0565975234277309,0.0694598553909052
170,170.0,170.0,0.07497670826555007,0.22470668812696,0.32163666155540144,0.060620890616277665,0.07622586605553235,0.11588875045609862,0.05654105148050266,0.06940338344367696
171,171.0,171.0,0.07479667918544398,0.2248648509824455,0.32289174905894613,0.06035773309687877,0.07607155958164818,0.11616859140565713,0.05567273954239002,0.06917609714658997
172,172.0,172.0,0.0755078536519905,0.22211570156242233,0.3259404748096488,0.06044568800731,0.07563157206633622,0.11628193739726718,0.05543366299528498,0.06864310950973981
173,173.0,173.0,0.07547028326668977,0.22413604391500805,0.3250968365266475,0.06053643499513895,0.07573022044480991,0.11476401298037814,0.05553494517064028,0.06873122270068718
174,174.0,174.0,0.07686495398159579,0.22589410733499393,0.3274305764477767,0.06058829376715755,0.07605769912944192,0.11289447595152621,0.05559715430233388,0.06467273908517376
175,175.0,175.0,0.07033449088655813,0.224113832858236,0.33172256988776805,0.06076997596678004,0.07777419374170172,0.11119913396033251,0.05944029414307686,0.06464550855554639
176,176.0,176.0,0.0711823424261905,0.21810559617566486,0.32810308731821336,0.06136368649001473,0.08009050135595454,0.11174690961737414,0.06403010603083396,0.06537777058575363
177,177.0,177.0,0.06858223998724841,0.21873175019424435,0.328728363894336,0.06391281466766828,0.0789359258299044,0.1132694391213702,0.06324590087515418,0.06459356543007384
178,178.0,178.0,0.06818197765595159,0.22141985208924278,0.32591705639110474,0.06353057035438948,0.07920049893295299,0.11173924314289835,0.06369698989520872,0.06631381153825099
179,179.0,179.0,0.06745819419992574,0.22345957087356635,0.3194496380350401,0.06861372361590612,0.07892400875016468,0.10862776371844982,0.06541124217365536,0.06805585863329151
180,180.0,180.0,0.06741109161976609,0.22206925877415137,0.32405153497444855,0.06931876794730292,0.07898515926474894,0.10547058450787909,0.06475175740919704,0.06794184550250569
181,181.0,181.0,0.0716764964781942,0.21703401142495055,0.3181831541642073,0.072220796395843,0.0822156140184595,0.10609520265575306,0.06527283347678474,0.0673018913858074
182,182.0,182.0,0.07310575388552179,0.22221161805869755,0.3191773254078563,0.06980240192481695,0.0828570784493976,0.10572773425750014,0.06159065170748864,0.06552743630872074
183,183.0,183.0,0.0733816302353012,0.2208798173737955,0.32117955652762775,0.06677231294866733,0.08201532802819272,0.10995818167981798,0.0605311711928197,0.06528200201377753
184,184.0,184.0,0.07309786455511609,0.2210330492742343,0.3223554858365494,0.06632981710975207,0.08173156234800762,0.10910869351732648,0.061990324902612796,0.06435320245640103
185,185.0,185.0,0.07226659891911522,0.2206967768002021,0.321348203180878,0.0662584230683244,0.08293239357429605,0.10880229001162016,0.06347838505221828,0.06421692939334551
186,186.0,186.0,0.07620796972396003,0.21248198826345105,0.32524617366723085,0.06656054359598793,0.08255269398714732,0.10919251430515525,0.0637706814321266,0.0639874350249407
187,187.0,187.0,0.07850286641951496,0.21568088157491955,0.3167361173109099,0.06474878136781073,0.08344293582836326,0.10950800471686001,0.0639179835314348,0.06746242925018665
188,188.0,188.0,0.0784285008778173,0.21889392953388404,0.31479346763686267,0.06467441582611307,0.08697317718074618,0.10502647226799544,0.06384361798973713,0.06736641868684397
189,189.0,189.0,0.07976945558084096,0.22136023876743463,0.3144191165728565,0.0637931483069145,0.08629513236477031,0.10700956261315477,0.06296235047053858,0.06439099532348957
190,190.0,190.0,0.07562077256661111,0.2234500260355884,0.3133141908092916,0.06296233184277245,0.08628022452710879,0.11070902511563994,0.06367528936333486,0.06398813973965274
191,191.0,191.0,0.07425526537019017,0.22597528921929955,0.3096372989957357,0.06285695099343439,0.0868380309447448,0.1132720049185335,0.0635337655789177,0.06363139397914402
192,192.0,192.0,0.07426966020293246,0.22578259958445857,0.3089676202205334,0.06027982881054928,0.08754855289214558,0.11660565548397872,0.06000377851024087,0.06654230429516099
193,193.0,193.0,0.07441507260305054,0.22767855121649513,0.3117816028756791,0.06042778379902229,0.087485693025925,0.11047349274614342,0.06117200486223468,0.0665657988714498
194,194.0,194.0,0.07442995192216259,0.22828764654139994,0.3094377592286118,0.0604034691441395,0.0884445777054839,0.10964153479212259,0.06282865662872121,0.06652640403735836
195,195.0,195.0,0.0737733304915992,0.22672978648032313,0.31134429266681796,0.05973569830833802,0.08748187988204983,0.10944403262846199,0.062156304178369995,0.06933467536403973
196,196.0,196.0,0.0725355757684558,0.22417925209577352,0.31460404853966556,0.058808438802469505,0.08903203216715246,0.1105327712487611,0.06242917849975395,0.06787870287796788
197,197.0,197.0,0.07216901961707305,0.22323582960524194,0.3129587751756352,0.059023520909678634,0.09149289626526233,0.1095251850843698,0.06240644980085717,0.0691883235418817
198,198.0,198.0,0.07299280297113708,0.2319200577668633,0.3117132028122776,0.05651448323147801,0.08788726296288715,0.10991451258696718,0.059868728714200174,0.06918894895418935
199,199.0,199.0,0.07087501074771105,0.23346445233942686,0.3124550470400373,0.056431463747050076,0.08779753657034386,0.11008485085589699,0.059968859412922425,0.06892277928661124
200,200.0,200.0,0.07354355586209546,0.22954764637132966,0.31107852170571665,0.05685382324939524,0.08713090663075841,0.11155276048712556,0.059917427124402615,0.07037535856917618
201,201.0,201.0,0.07237423188768538,0.23413725824079026,0.3182324259159677,0.05620304414201489,0.08626836734192089,0.10303389492074967,0.058996571633638896,0.07075420591723208
202,202.0,202.0,0.0716229375511091,0.23025727112476205,0.31958681231748337,0.058437267374289496,0.08497988297307543,0.10256878718356949,0.05817198773101943,0.07437505374469149
203,203.0,203.0,0.06822634499503782,0.23308714384353768,0.3163931191855795,0.05991812579861037,0.08602773486144856,0.1032800532180889,0.056886506286059256,0.07618097181163774
204,204.0,204.0,0.06432403757317909,0.23526423570220162,0.31536559501205663,0.06342743530473142,0.08364976690130847,0.10414004481484902,0.05593209868140437,0.0778967860102692
205,205.0,205.0,0.06757632615939974,0.2368509705136331,0.31279022106111565,0.06292740203362507,0.08288579834888847,0.10326423307892571,0.05529405916702861,0.07841098963738342
206,206.0,206.0,0.06900863933256338,0.2369203379936054,0.29821821929339987,0.06634171268414223,0.08469475554094548,0.1035473558245115,0.06088603620573848,0.08038294312509356
207,207.0,207.0,0.06867539282717038,0.23647054272141282,0.2982327964176819,0.06592910109938414,0.08516281713571115,0.1050201886293897,0.060511738797225614,0.07999742237202404
208,208.0,208.0,0.06892145548770673,0.23670985336203926,0.29779194730578024,0.061084092793849534,0.08623688512425284,0.10851782719939669,0.06063153883149934,0.08010639989547523
209,209.0,209.0,0.06919689753946458,0.23443596036446204,0.2961251463626635,0.061313244536159175,0.08677462296462228,0.1088032373532279,0.060885715598834,0.08246517528056642
210,210.0,210.0,0.06899257002542507,0.23936717728510323,0.28907637463000563,0.060389497512154854,0.08622887123658855,0.1111237680600863,0.061727885864840376,0.08309385538579582
211,211.0,211.0,0.07015149625458732,0.23830056424673215,0.28175649335720737,0.061694506967588984,0.0962470585812933,0.11561201984589183,0.05924989352980903,0.07698796721688984
212,212.0,212.0,0.07132718583464283,0.2405855985910542,0.2817785451755747,0.06326438320781581,0.09828498495381707,0.1133989148557156,0.05862126584739399,0.07273912153398565
213,213.0,213.0,0.07095118920412204,0.24457814965012786,0.28035318444198337,0.06290850730164109,0.0972880834066167,0.11272747210201915,0.05826538994121926,0.0729280239522703
214,214.0,214.0,0.07024790278962872,0.2468303741652834,0.2788748773171245,0.06305639533746016,0.09740328789682119,0.11251953325183893,0.05820386597883323,0.07286376326300961
215,215.0,215.0,0.07166041866744695,0.24968204586885573,0.27840497071358955,0.063545249430452,0.09714237842604453,0.10923705236051126,0.057961160016865874,0.07236672451623384
216,216.0,216.0,0.07042665533717418,0.2495547907437406,0.28150100544618123,0.06342422256008211,0.09943177653007049,0.11001627727831179,0.05818817370949016,0.06745709839494919
217,217.0,217.0,0.07029584175144252,0.25666487194969256,0.27853888969472623,0.06331126545795865,0.10044786213296804,0.1066247485638976,0.05829197333901747,0.06582454711029671
218,218.0,218.0,0.07178448260083913,0.2556419069497645,0.28247904068348256,0.06335985150548812,0.09535074295069301,0.10405584719131976,0.06268727194826966,0.06464085617014301
219,219.0,219.0,0.07129347404616126,0.2525331608651245,0.28402151822356914,0.06291293700595453,0.0947510994560238,0.10532881289047899,0.06496845477594701,0.06419054273674046
220,220.0,220.0,0.07080181345008436,0.2579082448976392,0.2862168570995342,0.06250768375862116,0.09312842338437659,0.10345725580756497,0.06388805087345789,0.06209167072872144
221,221.0,221.0,0.07085173749860155,0.26251278980752013,0.2804806476103757,0.06249709306812457,0.09264602228107822,0.10316788497051865,0.06482781136576035,0.06301601339802052
222,222.0,222.0,0.06893869089182296,0.2661916221258062,0.27712631332410226,0.061526106245926374,0.09441569845245862,0.10390599206369054,0.06387618187999265,0.06401939501620009
223,223.0,223.0,0.06848553602166726,0.2677299818639336,0.2763363019934763,0.06111021891723756,0.09261301591698579,0.10667591846159565,0.06346029455130384,0.06358873227379969
224,224.0,224.0,0.06782383545651591,0.2725458738721028,0.2738110496276779,0.06066596149910278,0.09253774505349005,0.10607344603965183,0.06316363169032135,0.06337845676113721
225,225.0,225.0,0.06756822156743757,0.27465532858869096,0.2741372104247539,0.06043400602172375,0.09132212198048432,0.10584149805543529,0.06291877048941505,0.06312284287205887
226,226.0,226.0,0.0675342524713995,0.28800551033542443,0.2734020357654413,0.057515380841029605,0.08915844185473525,0.10088160303347131,0.05998797599655159,0.06351479970194672
227,227.0,227.0,0.0690874043343008,0.2975148938907631,0.27094525487704624,0.05771979796670272,0.08908402132558352,0.09228306276366734,0.059892467057818005,0.063473097784118
228,228.0,228.0,0.06968559452401998,0.2922947806172798,0.2692484940706604,0.0582765849646122,0.0897845903168685,0.09330646911030999,0.060245778669325255,0.06715770772692359
