Total_iterations,Unnamed: 0.1,Intertwine_two,Add_vertex,Delete_vertex,Invert_path_vertices,Insert_inside_vertex,Delete_inside_vertex,Replace_inside_vertex,Donate_between_routes
0,0.0,0.125,0.125,0.125,0.125,0.125,0.125,0.125,0.125
1,1.0,0.1245916141657121,0.1249953178694158,0.1253990215731195,0.1245916141657121,0.1253990215731195,0.1258401823214967,0.1245916141657121,0.1245916141657121
2,2.0,0.124005498997709,0.1251759064051164,0.1259759434421535,0.124005498997709,0.1256055730717831,0.1272205810901107,0.124005498997709,0.124005498997709
3,3.0,0.1227838070995609,0.1254473585810424,0.1282997989514127,0.1231541774699312,0.1254516508032646,0.1292955928956662,0.1227838070995609,0.1227838070995609
4,4.0,0.1213078686188192,0.1260293549928933,0.1306078413669673,0.1220449056558562,0.1250137302558562,0.1323805618719692,0.1213078686188192,0.1213078686188192
5,5.0,0.1196591133897965,0.1266353579532949,0.1334881675336282,0.1207558170935002,0.1243658362541669,0.1357774809960202,0.1196591133897965,0.1196591133897965
6,6.0,0.1178386507069512,0.1270060650269462,0.1367204023802745,0.1192851244106549,0.1235027851509816,0.1399696709102888,0.1178386507069512,0.1178386507069512
7,7.0,0.115880845841484,0.1271602886307759,0.1405417464951552,0.1179424626229655,0.1224537130664718,0.1442592516601795,0.115880845841484,0.115880845841484
8,8.0,0.1138315740501382,0.1270574289444592,0.145144442774755,0.1164910182486197,0.1211878120413255,0.1487332714925999,0.1137953421660802,0.1137591102820222
9,9.0,0.1116574722483754,0.1267271624278197,0.1503449390353352,0.1148718139736194,0.1200749722094559,0.1532249999564695,0.1115853707991001,0.1115132693498247
10,10.0,0.1096701278326184,0.1261698655033893,0.1553890001737417,0.1127410113039736,0.1187853489241871,0.1584619395281954,0.1092598112977041,0.1095228954361904
11,11.0,0.1075214239341096,0.125337226879604,0.1605343338083128,0.1107798794896446,0.1171589693481642,0.1645558878649627,0.1067768907687604,0.1073353879064416
12,12.0,0.1052653246064503,0.1249245458220758,0.1658501137838405,0.1086746809968623,0.1150130297234798,0.171067082913778,0.1041935155866545,0.1050117065668587
13,13.0,0.1029710971967989,0.1243511323169332,0.1710504394757759,0.1064972381147635,0.1127575227628241,0.1781390932033535,0.1015815317794903,0.1026519451500605
14,14.0,0.1005735442682928,0.1232724304504201,0.1766193506984387,0.1043809207213542,0.1106677379089725,0.1854419441903092,0.0988779675286869,0.1001661042335255
15,15.0,0.0981220525054165,0.1224074272732449,0.1818379423748781,0.1022156693937954,0.1085008319283497,0.1931020202969462,0.0961593476496827,0.0976547085776864
16,16.0,0.0955141038248177,0.1218477388984168,0.1869277808118141,0.0999499762904701,0.1061642570651711,0.2010364655462962,0.0932792897725232,0.0952803877904906
17,17.0,0.0929068096280115,0.120798220503746,0.1924365464074732,0.0976613602158981,0.1034688111582529,0.2093681086595396,0.0904343674940247,0.0929257759330541
18,18.0,0.090158900385464,0.1203497656018961,0.1979182893527443,0.0955015108918836,0.1005977028867225,0.2174679921875366,0.0875203886432956,0.0904854500504572
19,19.0,0.0873788761824751,0.120006669762815,0.2029822223538293,0.0935170947427445,0.0976743430571842,0.2258135692348607,0.0846050776080393,0.0880221470580518
20,20.0,0.0848231397089028,0.1197457450403743,0.2076432501899595,0.091549368727176,0.0947706427790271,0.2339272452449854,0.0817551730723539,0.085785435237221
21,21.0,0.0822143451490546,0.120201001451393,0.2121334814422252,0.0894742702915468,0.0917606132884755,0.2418676945924305,0.0788823086629555,0.0834662851219188
22,22.0,0.0796569396442577,0.1207503365068486,0.2167138891837535,0.0875884303970215,0.0887819903433366,0.2492246096318334,0.0762734901016555,0.0810103141912931
23,23.0,0.0770949485782104,0.121520537450343,0.2210665839137573,0.086176797743304,0.0857881444275982,0.2561253917630404,0.0736785764773972,0.0785490196463495
24,24.0,0.0745624034052563,0.1226828737314833,0.225145337263364,0.0848983219507626,0.0825700155365622,0.2631019327828653,0.071137958595339,0.0759011567343672
25,25.0,0.072302234569987,0.1239449450026992,0.2287612255303766,0.0836673702341724,0.0794733171383416,0.2697468060124589,0.0687319059398907,0.0733721955720736
26,26.0,0.0701053727466565,0.1254232055777796,0.2319641502872536,0.0823994088993579,0.0767074503323175,0.275923959129307,0.0665805976407295,0.0708958553865982
27,27.0,0.0682011332868408,0.1266964811592481,0.2353954023142088,0.0811890985712212,0.0740728232750749,0.281308862317904,0.0645770725464871,0.068559126529015
28,28.0,0.0663847649190928,0.1289025772627025,0.2385886252393183,0.0795968697430453,0.0719091578949497,0.2856028476035102,0.0626881293118198,0.0663270280255611
29,29.0,0.0646421350990626,0.1315901673223103,0.242000811930074,0.0779347172673474,0.0697977368296795,0.2890370482133735,0.0608461770591216,0.0641512062790306
30,30.0,0.0630042069504733,0.1343273931634967,0.2450843476180902,0.0762886352506861,0.0678023842928917,0.2923082130188199,0.0591070282224936,0.0620777914830481
31,31.0,0.0614882205499528,0.1370509062499094,0.2477992188636284,0.0747055558209822,0.0659598459784998,0.2953665064681778,0.057494963203124,0.0601347828657251
32,32.0,0.0603251111788274,0.1395896990898292,0.2505624957955519,0.0732599313408414,0.0642449459560727,0.2977326619860798,0.0559848473158892,0.0583003073369081
33,33.0,0.0592240474219874,0.1425140524373098,0.253174746349225,0.0718342523624914,0.0622445022687659,0.2998619122965562,0.0545760052570148,0.056570481606649
34,34.0,0.0584379509793349,0.1451574169868541,0.2553209009570361,0.0708100432049,0.0603453502471882,0.3016590022632893,0.0532898146715195,0.0549795206898774
35,35.0,0.0577767489837726,0.1475611979548627,0.2571345106361074,0.0698931288689271,0.0585048280328319,0.3034265883549144,0.0521466970017686,0.0535563001668148
36,36.0,0.0571625581124642,0.1501659348160779,0.2589887572253507,0.0685598021771037,0.0567621305260583,0.3050704609337321,0.0510730236600037,0.0522173325492089
37,37.0,0.0564005028135585,0.1528670584142057,0.2609688987308109,0.067143581263884,0.0551560926717251,0.3063685597608809,0.0500987198700582,0.0509965864748762
38,38.0,0.0557919392388516,0.155568448082201,0.262516341417438,0.0657069578019189,0.0536249558067394,0.3078064294026892,0.0491605582057391,0.0498243700444221
39,39.0,0.0549420071536918,0.1581796263225615,0.2643698512084979,0.0643670868843139,0.0522585605054422,0.3086033207245323,0.0483451420111286,0.0489344051898314
40,40.0,0.0541544247700754,0.1606985755166587,0.266162766439865,0.0630884723464724,0.0510139036143664,0.3091266280782704,0.0476167024979419,0.0481385267363493
41,41.0,0.0533821476482553,0.1631549780137543,0.2678632006681136,0.0618334373294306,0.050182362313921,0.308959738784729,0.0472273525861345,0.0473967826556612
42,42.0,0.0527835262201549,0.1654795585621552,0.2693963896076783,0.060647990585344,0.0494588213158355,0.3083850243319947,0.0468697979402319,0.046978891436605
43,43.0,0.0524211616679244,0.1677817223153523,0.270824838086337,0.0595460072495777,0.0488532774321566,0.3074787985270704,0.0465823619877506,0.0465118327338305
44,44.0,0.0519368224758527,0.1704644960320806,0.2720812850168433,0.0580191077272229,0.0482352027932544,0.3066979469707886,0.046405074296216,0.0461600646877411
45,45.0,0.0518072301056791,0.1730699368818002,0.27353250390031,0.0565721601943422,0.0477175204343899,0.3051351288656829,0.0462854588659047,0.0458800607518905
46,46.0,0.0516732361320665,0.1755019554702691,0.2752378354526259,0.0551665132899574,0.0470753583310723,0.3035561521065864,0.0461701469609798,0.0456188022564421
47,47.0,0.0516588640539001,0.1773691702003148,0.2767903252358007,0.0539372259109845,0.0467164552598976,0.3018434657392771,0.0461830535345708,0.045501440065254
48,48.0,0.0518351684031403,0.1792129449322618,0.278210312101376,0.052756620115755,0.0463961909691182,0.300000541074276,0.0461948114781938,0.0453934109258783
49,49.0,0.0519806271897693,0.1810977400869973,0.2796241035278483,0.0516440206340634,0.0463086540033861,0.2977407794180354,0.0462943792949485,0.0453096958449511
50,50.0,0.0522487493233942,0.1827251853735713,0.2808788843493395,0.0506921546000461,0.046251668393789,0.2955819379214378,0.046388265480174,0.0452331545582475
51,51.0,0.0525024997900838,0.1844536344286358,0.2817099211444424,0.0498151334425263,0.0462435582515741,0.2936060398869853,0.0464907489125882,0.0451784641431634
52,52.0,0.0527123956917066,0.1861777989371078,0.282701548718034,0.0490005028125082,0.0462601966565617,0.2914342498749577,0.046582853886874,0.0451304534222494
53,53.0,0.0529144763491898,0.1878234173467695,0.2835629581892164,0.0482655160950808,0.046317946361764,0.2892971840000623,0.0466779127855611,0.0451405888723555
54,54.0,0.053096251488033,0.1891456078682803,0.2846228290081564,0.0476037021336218,0.0464089040029345,0.2871871228040324,0.0467731647031995,0.0451624179917415
55,55.0,0.0531562194679232,0.1900097261376807,0.2850023673482903,0.0471789790950047,0.046679421804572,0.2858629826654491,0.0467523472537744,0.0453579562273053
56,56.0,0.0531774378429142,0.1906805102027495,0.2858177185567549,0.046862038424816,0.047012688380532,0.2840777248692896,0.0467699839428434,0.0456018977800999
57,57.0,0.0529544853349518,0.1910429485712731,0.2865715768794383,0.0466553027490398,0.0474319818280416,0.2824201141179986,0.0470976899015701,0.0458259006176861
58,58.0,0.0525969720727834,0.1913553873806765,0.287427496806547,0.0464912916960533,0.0478444606762711,0.2808450359901248,0.0474023946745786,0.0460369607029651
59,59.0,0.0523679525012201,0.1917379596512271,0.2880796474894604,0.046195499873475,0.0479568847627012,0.2794657723228608,0.0477233240434193,0.0464729593556359
60,60.0,0.0521156983903287,0.1919479565323129,0.2886544956544137,0.0463016486449427,0.0480472657559957,0.2780412235568918,0.0480131582374107,0.0468785532277035
61,61.0,0.0518338574307614,0.1922267287686391,0.2892041934416889,0.0464272907676118,0.0481083448927363,0.2766862705735983,0.0482656212234917,0.0472476929014721
62,62.0,0.0513788737356213,0.1929266281779814,0.289866135407711,0.0465126892691063,0.0481019464733579,0.2755838217958642,0.0481034034201685,0.047526501720189
63,63.0,0.05087715542257,0.1933869364644122,0.2907569344705837,0.0465850634915582,0.0484777663448446,0.2742941202632226,0.047881167607766,0.0477408559350424
64,64.0,0.0503528210118383,0.1937596563644597,0.2915140072161793,0.0466562150168603,0.0487952156538866,0.2732391672922992,0.047773334568261,0.0479095828762152
65,65.0,0.04982537652144,0.1942455600013928,0.2922670784437463,0.0468007997068404,0.0489546811876979,0.2721131577364202,0.0477543017658538,0.0480390446366084
66,66.0,0.0492750758508354,0.1945284913322079,0.2929138777474163,0.04704625627083,0.0490391377965789,0.2713020743401563,0.0477845305067028,0.0481105561552721
67,67.0,0.0487779080366909,0.1949588260178365,0.2934159614046132,0.0470272992266021,0.0489712633661644,0.2707513970297661,0.0477506097573622,0.0483467351609642
68,68.0,0.0484518306136468,0.1953756251574751,0.2936669222564924,0.0470971729228965,0.0489804069713879,0.2700531851736878,0.0479166731193137,0.0484581837850995
69,69.0,0.0481129196895162,0.1958902168900877,0.2937171599217161,0.0471291263481749,0.0489321532953332,0.269483820180748,0.0480172159219474,0.0487173877524761
70,70.0,0.0477843881216301,0.1963679005518017,0.2940583960089974,0.0472055619472245,0.0488587990002316,0.26869477469874,0.0480864700006873,0.0489437096706872
71,71.0,0.0474440044696298,0.1971337925579024,0.2943759032286128,0.0473682013277604,0.0486395231475388,0.2678099596259546,0.0481102139352178,0.0491184017073831
72,72.0,0.0470534741771715,0.1978093802184037,0.2947815296713489,0.0474610840348268,0.0486762621288355,0.2669662523909898,0.0480498322177218,0.0492021851607017
73,73.0,0.0467276594807454,0.1986435082831125,0.2954680260506587,0.0476766448197004,0.0486436286358754,0.2653938426654973,0.0480222721795643,0.0494244178848456
74,74.0,0.0466350730644496,0.1996119494894136,0.2964217021493743,0.0479731296284795,0.0484067091232796,0.2629747143702266,0.0483073144558403,0.0496694077189359
75,75.0,0.0463903480220768,0.2007209682201993,0.2976339674785468,0.0482053899955794,0.0480835895043963,0.260478175601394,0.0485051825923498,0.0499823785854572
76,76.0,0.0461503703283427,0.2019597431462326,0.2989017233052196,0.0483472133489512,0.0476390488554612,0.2580638774326981,0.0486784474852113,0.0502595760978828
77,77.0,0.045766269260004,0.2035291750942826,0.3003366081797425,0.0484538984574903,0.0471561595621421,0.2553244537310556,0.0488274641726484,0.050605971542634
78,78.0,0.0455254664801188,0.205003467749527,0.3018925215066193,0.0485245703630151,0.0466563715698578,0.2524164801372613,0.0490042431162179,0.0509768790773824
79,79.0,0.0453363107639078,0.2063193287750993,0.3033368353980544,0.0486177077719625,0.0462533346147525,0.2497188928562285,0.0492702994867979,0.051147290333197
80,80.0,0.045177986228803,0.207489574895393,0.3046837974700084,0.0487099370372356,0.046151551750037,0.2469887852382608,0.0495006392759585,0.0512977281043032
81,81.0,0.0451191482751541,0.2084347967040821,0.3059407779712316,0.0487244977486206,0.0460730724103621,0.244560492901552,0.0497081745784891,0.0514390394105081
82,82.0,0.0450633033328029,0.2090987818279497,0.3071582292721747,0.048902410621374,0.0459556362999631,0.2425093159580181,0.0497727814999822,0.051539541187735
83,83.0,0.0450381060602149,0.2097174193067696,0.3085516210387657,0.0492016663859468,0.0458665877117923,0.2401470683566977,0.0498373621049593,0.0516401690348536
84,84.0,0.0451043261132508,0.2103995067526368,0.3099049806891117,0.049434509507634,0.0458324777724263,0.2378060727746353,0.0499218032526675,0.0515963231376374
85,85.0,0.0453699330863627,0.2109205706603288,0.3111796530357252,0.049646979449934,0.045810814572529,0.2355585457832028,0.0499918134423269,0.0515216899695904
86,86.0,0.0456427401114551,0.2115474551806007,0.312511970187517,0.0498373767876079,0.0457987267625131,0.2332976271685582,0.0499351316762959,0.0514289721254518
87,87.0,0.0456912235865708,0.2121213872904487,0.3139056675156242,0.0500819143284806,0.0459393750622898,0.2312016837540118,0.049774738116794,0.0512840103457798
88,88.0,0.0457581307487178,0.2126820170700846,0.3150400545890238,0.0500807772748585,0.0461020434781172,0.2295379672367684,0.0493812137132489,0.0514177958891805
89,89.0,0.0458114144652898,0.2132974125450608,0.3163186439395574,0.0500896454822978,0.0462558728251484,0.2277497273536352,0.0488240882039151,0.0516531951850953
90,90.0,0.0458698598866785,0.2136576576165399,0.3178398274390154,0.0500916277618326,0.0464062150623612,0.2259349821026175,0.0482714354206055,0.0519283947103491
91,91.0,0.046002989680532,0.2138350087685588,0.320086829159285,0.0501605953165283,0.046343963108103,0.2237930754988661,0.0475203379935075,0.0522572004746191
92,92.0,0.0461315812760437,0.2140971597897983,0.3220288293302747,0.0501696829582286,0.0463558672869849,0.2218614418228351,0.0467730110132363,0.0525824265225981
93,93.0,0.0462202332607818,0.2144148580180491,0.3238032240514291,0.0501755858796883,0.0463961697365403,0.2199630065872256,0.046186317396873,0.0528406050694126
94,94.0,0.046294100614524,0.2147416661067231,0.3258456359365294,0.0501534377402387,0.0464229814256917,0.2178676352867172,0.0456070019039994,0.0530675409855761
95,95.0,0.0462789679102692,0.2148310909732416,0.3279684601658145,0.0502256251098282,0.0464501076867053,0.2158178919563262,0.045157574467131,0.0532702817306836
96,96.0,0.046506578748727,0.2148946387165266,0.3298263741006196,0.0502859127093726,0.0464742270228258,0.2137437034228206,0.0447300312255431,0.0535385340535645
97,97.0,0.0467616573811217,0.2148186851619674,0.3317448544252044,0.050211734811582,0.0466473262716294,0.2116757265466973,0.0443640230909568,0.0537759923108408
98,98.0,0.0470876496710331,0.2148251276766712,0.3339251469529009,0.0501629151142081,0.0467113149391617,0.2093149460952643,0.0440141722034913,0.0539587273472691
99,99.0,0.0473805058387685,0.2147165587776676,0.3362442654459315,0.0501573446652166,0.0468238224325426,0.2068717718181543,0.0437465986063859,0.0540591324153326
100,100.0,0.047630382912513,0.2146824207391483,0.3388067187155819,0.0501804129396368,0.0467980249048231,0.2044246090396863,0.0433813660231748,0.0540960647254354
101,101.0,0.0478437620082477,0.2145725838529938,0.3414142642844843,0.0501767885291216,0.0467489580620022,0.202027689872742,0.043124512163089,0.0540914412273191
102,102.0,0.0480757735790776,0.2143922749983568,0.3436474968007764,0.0502178854559033,0.0468643361424839,0.1997786237778717,0.0429255020551255,0.0540981071904045
103,103.0,0.0483691768207572,0.2141441460772723,0.3459465914239745,0.0502629557000615,0.0469865288604507,0.1971603110284873,0.0428268319644518,0.0543034581245443
104,104.0,0.0486481625830295,0.2139081051232315,0.3481805801715463,0.0503043749908085,0.0471081972893185,0.1947931391890903,0.0427625258036519,0.0542949148493231
105,105.0,0.0488996950106881,0.2137004606605553,0.3504041155370572,0.0503661740820438,0.0472166518029156,0.1923396825560708,0.0427126468658257,0.0543605734848432
106,106.0,0.0491931579786113,0.2131971217337492,0.352181269976529,0.0504847281729974,0.0474588821898113,0.19017097533334,0.0427456628940976,0.0545682017208638
107,107.0,0.0493808645365319,0.2126918631944765,0.3538381857318396,0.0506777858400301,0.0476883100389849,0.1882106355346123,0.0427912819867415,0.0547210731367828
108,108.0,0.0494484800204015,0.2120198854406258,0.355738173984104,0.0508610284954786,0.0480485775695938,0.1861304034962859,0.0428868524472542,0.0548665985462557
109,109.0,0.0494986835020597,0.2113705096241982,0.3574776013319879,0.0509888163963254,0.0485416718386533,0.1842124289107558,0.0429891816536047,0.0549211067424146
110,110.0,0.0495649466139835,0.2110954508973013,0.3593481350049382,0.050996350386521,0.0490895999139569,0.1822759939774769,0.0430328475450668,0.054596675660755
111,111.0,0.0499286965177367,0.2110492199178943,0.3610507239265956,0.0512699719225552,0.0502256179956334,0.1788449797742895,0.0433510303276031,0.0542797596176917
112,112.0,0.0502305437313345,0.2110174859733579,0.362619613383263,0.0514982152791636,0.0515048155568645,0.1755507406845083,0.043630957261076,0.0539476281304319
113,113.0,0.0504849431643592,0.2111138939479966,0.3640525797893795,0.0516886706849638,0.0526974064971761,0.1724345967403134,0.0439445905245798,0.053583318651231
114,114.0,0.0507088454127437,0.2109003608251413,0.3653386083513809,0.0518520661907806,0.0540060628649578,0.1693806429753478,0.0446110924170483,0.0532023209625992
115,115.0,0.0509267730296742,0.2107084018483944,0.3666970190408349,0.0520761144991383,0.0551146916785545,0.1663477600386498,0.0452867464475911,0.0528424934171623
116,116.0,0.0512385729446901,0.2109031820808185,0.3669972112588621,0.0524490720278968,0.0563892030064808,0.1635342124694699,0.0459749043266774,0.0525136418851039
117,117.0,0.0518356886897859,0.2093682033265473,0.3676337709390588,0.0529843192336826,0.0579027519177317,0.1611788730600649,0.0467204976769115,0.0523758951562166
118,118.0,0.0525723327652252,0.2078391280275748,0.3668953782549444,0.0536572734981849,0.0594990167212389,0.1591424034451979,0.0479792614578452,0.052415205829788
119,119.0,0.0532260868555186,0.2067796668123168,0.3666896303957115,0.054139610934487,0.0609587754397619,0.156870974353923,0.0488740791496755,0.0524611760586051
120,120.0,0.0538375040849753,0.2062481956286826,0.3663256618177399,0.0545690162599847,0.0622360441448617,0.1546296980231959,0.0496698456469377,0.0524840343936216
121,121.0,0.0545540314796867,0.2058491115952446,0.365845419085296,0.0549192655872815,0.0632654228072088,0.152405710658891,0.0505491070087412,0.0526119317776495
122,122.0,0.0552307570119981,0.2054786316437359,0.3649785492446837,0.0553655917661738,0.0643587051198429,0.1503617391471948,0.0513850471485992,0.0528409789177709
123,123.0,0.0558104383593625,0.2046848180220594,0.3638545261776562,0.055976357840266,0.0655905258893996,0.1488654828684325,0.0521143999013411,0.0531034509414821
124,124.0,0.0563257279459924,0.2040177787893203,0.3626648888502517,0.0565598689645134,0.0667966061472041,0.1475252252034878,0.0527675693534925,0.0533423347457374
125,125.0,0.0568194702257898,0.2033295738302422,0.3609998753337116,0.0571998272993443,0.0681939299216924,0.1464101713197687,0.0534149419905268,0.0536322100789238
126,126.0,0.0570367634760522,0.2025661237964059,0.3598066103149431,0.0578176342970979,0.0695033633836753,0.1452413741796928,0.0540285312700567,0.0539995992820756
127,127.0,0.0570815549996898,0.2020241866023152,0.359689036105374,0.0584456573402659,0.0701544643461659,0.1435643432629396,0.054633073724199,0.0544076836190501
128,128.0,0.0570376132393699,0.2016317353778583,0.359917260083353,0.0589799991944389,0.0707669330048553,0.1418170211711524,0.0550955902880059,0.0547538476409659
129,129.0,0.0569602284619015,0.2017386144747059,0.3598573497728033,0.0594679588663116,0.0712681594305429,0.1400212200823993,0.0555034635710509,0.0551830053402841
130,130.0,0.0568447745140511,0.2021634145317683,0.359555141284442,0.0600739140246521,0.0716544496867143,0.1382872565452433,0.0558481651015224,0.055572884311606
131,131.0,0.0566964782704044,0.2027265256838821,0.3591825669731766,0.0606267679777971,0.0720803046780465,0.1366168792567491,0.0561323506938192,0.0559381264661246
132,132.0,0.0564545362108326,0.2033313971453171,0.359198469196119,0.0611462048147573,0.0723682389909591,0.1348787143633804,0.0563524487087903,0.0562699905698436
133,133.0,0.0561641853651345,0.203827239710819,0.3595566971473625,0.0615604184944845,0.0726556696129017,0.1331940544745493,0.056492716684529,0.0565490185102191
134,134.0,0.0558538490482165,0.2041695239970001,0.3600114110492276,0.0619237832930938,0.0726794595069162,0.1319216386476765,0.0565836272535326,0.0568567072043363
135,135.0,0.0555352702437351,0.2048524489159717,0.3606765330438312,0.0619109037016151,0.0725991299481236,0.1307036901276214,0.0566404957155744,0.0570815283035271
136,136.0,0.0552105781072729,0.2062252318865564,0.3607960699180423,0.0619599922544011,0.0722996900443384,0.1296588682418085,0.0564632741222424,0.0573862954253377
137,137.0,0.0548802674518168,0.2077574375121774,0.3607781728429495,0.061966592215516,0.0720093616837618,0.1287050312154267,0.0562448613866724,0.0576582756916791
138,138.0,0.0546169509488492,0.2095048612032282,0.3604937416620437,0.0618669811236812,0.0718264710854115,0.1277492640865119,0.0559798935849836,0.0579618363052903
139,139.0,0.0543476635202948,0.2111549523783917,0.3601117100113303,0.0617262178813071,0.0715995995480761,0.1271421149156955,0.0556860280411818,0.0582317137037225
140,140.0,0.0540947768161395,0.2127924468082223,0.3598320814906923,0.0615811930922611,0.0711946564293956,0.126626021004335,0.0553897047402502,0.0584891196187038
141,141.0,0.0538744599378944,0.2141567729713566,0.3596299528649723,0.0613145337289626,0.070888461447946,0.1262825038123475,0.0551055407897338,0.0587477744467866
142,142.0,0.0540179133390243,0.2156269644062604,0.3593103225030288,0.0609779129761376,0.0706380314000613,0.1254687925806631,0.054922504977477,0.0590375578173473
143,143.0,0.0541291377696198,0.2173250681654462,0.3589257339673368,0.0605890816967057,0.0703145390268051,0.1247593491919497,0.0546962993135458,0.0592607908685906
144,144.0,0.0542551667215139,0.2190373780384435,0.3583563759439246,0.0601988985723198,0.0699749077109517,0.1241565330711773,0.0544734136181928,0.0595473263234762
145,145.0,0.0545072538381794,0.2208349218538622,0.3576527775548553,0.0598131469442432,0.0696720146854578,0.1234695302443956,0.0542634731753774,0.0597868817036289
146,146.0,0.0546271908318809,0.2226135746423019,0.3569263159954021,0.0594390830234931,0.069437371741847,0.1228191990535916,0.0540626793173567,0.0600745853941263
147,147.0,0.0544943996477845,0.224070993302329,0.3564016781168119,0.0592424608522711,0.0691915205040109,0.1222279873201958,0.0539507776894317,0.0604201825671648
148,148.0,0.0545521950303886,0.2255542297139787,0.3550438038080303,0.0595178195851072,0.068968499854366,0.1217041783296924,0.0538256059691032,0.0608336677093333
149,149.0,0.0546198979574045,0.2272199228088515,0.3533583645888822,0.0596947658066309,0.0688673923048704,0.1213572361705372,0.0537286382176948,0.0611537821451282
150,150.0,0.0546682084122649,0.2289576415007403,0.3518064390897242,0.0598537098330926,0.0687518686252223,0.120922314379081,0.0536149495429443,0.0614248686169301
151,151.0,0.0546742456749039,0.2304802902026486,0.3506555464635159,0.0598835278077247,0.0685929737128612,0.1203045781448035,0.0534568840746316,0.0619519539189103
152,152.0,0.0546682597370822,0.2318869106393688,0.349492998504823,0.0599053799427766,0.0685138649189498,0.1197887109236849,0.0533020151870825,0.0624418601462318
153,153.0,0.0548609568943531,0.2328636285772585,0.3483698207630799,0.0598254224880577,0.0683376649540557,0.1192887590686505,0.0532426186382296,0.0632111286163147
154,154.0,0.0550358101132154,0.2343929854368955,0.3470293041692036,0.0597328567717752,0.0681255345548856,0.1187879743488002,0.0531785111570405,0.0637170234481837
155,155.0,0.0555734164551045,0.236209329286639,0.3451059622905059,0.0596087214687885,0.0679348179919079,0.1182971884592677,0.0531193674988549,0.0641511965489313
156,156.0,0.0564342944036359,0.2378949415268722,0.3428243432674039,0.0594539969325311,0.0677652596785936,0.1181108557961627,0.0530351520030201,0.0644811563917801
157,157.0,0.0573620383419886,0.2394655318394236,0.3406242971654986,0.0592957097473368,0.0676021382386524,0.117930714641557,0.0529522838850169,0.0647672861405257
158,158.0,0.0578922844267596,0.2409818548178804,0.3385452402210123,0.0591166637832974,0.0678842818516615,0.1177220302906402,0.0528319644880138,0.0650256801207344
159,159.0,0.0583579408283231,0.2423348143466765,0.336779493094487,0.0589052319516844,0.0681384356177986,0.1175138601481967,0.052673646409986,0.0652965776028474
160,160.0,0.0584132113501059,0.2438213547636889,0.335254837423987,0.0586949542590915,0.0685316280438415,0.1172728945187661,0.0525170736807414,0.0654940459597773
161,161.0,0.0584299104986176,0.2452502226998607,0.3338533523940253,0.0585127121386118,0.0689415948837786,0.1169482933376093,0.0523877501930433,0.065676163854453
162,162.0,0.0584381806671282,0.2461415508448961,0.3328171592938769,0.0583553507790396,0.0695401323634361,0.1166984743129472,0.0522861335620585,0.065723018176617
163,163.0,0.058479831586857,0.24728610419193,0.3313565423769581,0.0582418846462538,0.0698540965163126,0.1165113391125955,0.0521607993656071,0.0661094022034856
164,164.0,0.0589833843117107,0.2482636969833023,0.3296792532574679,0.0581391950586473,0.0701038747544312,0.1161974114634948,0.0520498435258475,0.0665833406450979
165,165.0,0.0594946318516535,0.2491576461756009,0.327946366816823,0.058077142582823,0.0703611156789434,0.1159219070848809,0.0519745768596684,0.0670666129496065
166,166.0,0.060433038855293,0.249796967365369,0.3265237306385997,0.0577255902312803,0.0706148540823257,0.1154053926304919,0.0519480619564463,0.0675523642401938
167,167.0,0.0615162074200015,0.2507086939355883,0.3253514951891429,0.0573057668818479,0.0707698678768817,0.1148484519635098,0.0519148867782472,0.0675846299547804
168,168.0,0.062780090831384,0.2514424182696,0.3236182879763901,0.0569617204412334,0.0711220376610681,0.1144796003919389,0.0519514893327618,0.0676443550956234
169,169.0,0.0644509974717897,0.2496831048935978,0.32189329532099,0.0572400720951721,0.0718102796980203,0.1144832754331239,0.0523486671386847,0.0680903079486213
170,170.0,0.0660499460640351,0.247944337128721,0.3205656390855834,0.0574620920909026,0.0724549481914934,0.1142803551110618,0.052742968532183,0.0684997137960194
171,171.0,0.0675602645110606,0.2461628859358628,0.3195069674487701,0.057667182320374,0.0730574283668712,0.1141417948696121,0.0530489894220034,0.0688544871254455
172,172.0,0.0690630327067819,0.2440716845707539,0.3188928833668102,0.0578874645257063,0.0735858030853278,0.1140486932168289,0.0533267380693351,0.0691237004584555
173,173.0,0.0704762152538532,0.2421720777473312,0.3183263197791746,0.0581203754441044,0.0740916628595961,0.1138354417294395,0.0536079093187287,0.0693699978677721
174,174.0,0.0719374872978363,0.2404578776099261,0.3181174917098901,0.0583593417433749,0.074596070100753,0.1134658474004132,0.0538864547148714,0.0691794294229348
175,175.0,0.0726488604947549,0.2385914323358364,0.318451876638912,0.0586148691529184,0.075236302369307,0.1129579645906813,0.0545385665513488,0.0689601278662409
176,176.0,0.0733507378298629,0.2361660319261226,0.3185235817505649,0.0589257659419697,0.0760695210861549,0.1125380593213233,0.0556334656688714,0.0687928364751302
177,177.0,0.0737007332335292,0.2338651826017335,0.3187464390643413,0.0594848650753616,0.076744170181411,0.1123044860322612,0.0566244207626933,0.0685297030486688
178,178.0,0.0739245179312363,0.2319118940752082,0.3187656991447168,0.0599941093600095,0.0773997292339312,0.1119509000051492,0.0576276040502632,0.0684255461994853
179,179.0,0.0739961204108174,0.2302529858599082,0.3182078049539122,0.0609961091522881,0.0779800910599108,0.111319408069681,0.0587625880953702,0.0684848923981118
180,180.0,0.0739904731223154,0.2285530031063333,0.3181783082069401,0.0620445895431147,0.0785179709316534,0.1104084309631903,0.0597846118003035,0.068522612326149
181,181.0,0.0743461372334809,0.226454656449874,0.3176236553213162,0.0633511665237545,0.0793297801749238,0.1096016349175829,0.0608062121975912,0.0684867571814761
182,182.0,0.0747824642667098,0.224989698672186,0.3172294798370486,0.0643739426579486,0.0801534132753963,0.1088037073140927,0.0614021005910124,0.0682651933856052
183,183.0,0.0751859791277819,0.2235102757976418,0.3170944234688929,0.065045716873777,0.0808375446754411,0.1084778574826173,0.0618343376047894,0.0680138649690582
184,184.0,0.0755027224458034,0.2221678138163574,0.3171313169990323,0.06562333004488,0.0814366642009904,0.1081144470600124,0.0623562346240483,0.0676674708088754
185,185.0,0.0756806162895158,0.220914623140377,0.3171160345989658,0.0661431073653786,0.0820989038780838,0.1077666797936704,0.0629710888591275,0.0673089460748806
186,186.0,0.0762007176556375,0.2189630942149178,0.3175343991733603,0.0666422721636232,0.0826652845257151,0.1075030677854957,0.0635587602706205,0.0669324042106295
187,187.0,0.0768983710753857,0.2174617964536367,0.317137039399622,0.0669095269735492,0.0832629253873191,0.1073142604845055,0.0641045139625101,0.0669115662634712
188,188.0,0.0775348675524306,0.216414124115593,0.3165811414149657,0.0671210122922555,0.0841556264024115,0.1067181181110514,0.0645863904267302,0.0668887196845616
189,189.0,0.0782507461853273,0.2157426479888916,0.3160255213845934,0.0671987563625099,0.0849194283421805,0.1063629825510281,0.0649245247682385,0.0665753924172304
190,190.0,0.0784953557474664,0.2154034741094612,0.3153989067327845,0.0671515882987686,0.0856191163444323,0.1064197725978769,0.0652805178218987,0.0662312683473111
191,191.0,0.078550207801941,0.2154312094556062,0.3144464172055659,0.0670567063919078,0.0863112272700492,0.1067700741455078,0.0655707069071654,0.0658634508222564
192,192.0,0.0785580647099248,0.2155423431012895,0.3134741175714506,0.0666716029034597,0.0870104473345915,0.1074837299026504,0.0654585089637553,0.0658011855128777
193,193.0,0.0785367931220522,0.2159343611104399,0.3128353811927523,0.0662758875217747,0.0876388404616331,0.1076040230661085,0.0654198061453505,0.0657549073798886
194,194.0,0.078477919419688,0.2164655287522262,0.3120155963040464,0.0658588311755424,0.0882987512695693,0.107657785814619,0.0655081607726036,0.0657174264917048
195,195.0,0.0783187912695286,0.216906014801618,0.3114426648772773,0.0653621497600391,0.0887978594787276,0.1077062595616875,0.0654936496506575,0.0659726106004641
196,196.0,0.0780063458542915,0.2171456365244027,0.3112520184583653,0.0647661460209823,0.0893889122995136,0.1078761375267468,0.0654745036183215,0.0660902996973761
197,197.0,0.0776337816645815,0.2173372899815694,0.3109494296457545,0.064191673794367,0.0901633774467084,0.1079548354160811,0.0654245460681438,0.0663450659827941
198,198.0,0.0773262046087739,0.2184371863054184,0.3105726359333677,0.0633720634937462,0.0905131279371316,0.1080802997634247,0.0650956312016452,0.066602850756492
199,199.0,0.076794272019828,0.2197163611687533,0.3103191116837848,0.062557536472122,0.0907926720895158,0.1082285936311623,0.0647573518667943,0.0668341010680393
200,200.0,0.0765231945884939,0.2206134188606517,0.3099746466792905,0.0618054373756441,0.0909476474775114,0.1085274116474963,0.0643998723120378,0.067208371058874
201,201.0,0.0761324961155883,0.221969074245413,0.3103910573465351,0.0610139541368134,0.090962703989356,0.1079747147939557,0.0639412307118042,0.0676147686605339
202,202.0,0.0756681554140366,0.2229228472200492,0.3109796792729011,0.0604769324451453,0.0908004630466573,0.107381368653319,0.0633965482905504,0.0683740056573407
203,203.0,0.0748701373484037,0.2241375744081465,0.3112761410238859,0.0601213021143675,0.09070102558633,0.1068703579155004,0.0627255403613306,0.069297921242035
204,204.0,0.0736952524236145,0.2255380337576543,0.3114913739640369,0.060150134004122,0.0903270021687726,0.1064605443641656,0.0619678021238146,0.070369857193819
205,205.0,0.072869372701422,0.2270543826728,0.3114662884255589,0.0601588523907965,0.0898472118850543,0.1059809259988788,0.0611616767241885,0.0714612892013005
206,206.0,0.0722163818033448,0.2285239993228367,0.3099997505905127,0.0605358155002836,0.0895266822135519,0.1055504148154797,0.0609366853928244,0.0727102703611657
207,207.0,0.0715632879198282,0.2298856381673582,0.3085635089384282,0.0608918801121848,0.0892366924019502,0.1052902074409987,0.0606962569618746,0.0738725280573768
208,208.0,0.0709712307397904,0.2312008932370307,0.3071234994151545,0.0607782096422143,0.0890423696177004,0.1054030844728503,0.0604900061958007,0.0749907066794583
209,209.0,0.0704454257304113,0.2322123231012283,0.3055674952288028,0.0607018802249883,0.0888931980509781,0.1055643622441654,0.0603312135094245,0.0762841019100009
210,210.0,0.0699392831886567,0.2336379680437026,0.303367790799159,0.0605469226901961,0.0886831827172611,0.1059739540601255,0.0602780621391808,0.0775728363617179
211,211.0,0.0695901803923614,0.2348716792805063,0.3005131545235083,0.0605363876026461,0.0894714445365796,0.1068429100130697,0.0599969249097149,0.0781773187416134
212,212.0,0.0693991699923235,0.2362448116777242,0.2977586204455964,0.0606954748415232,0.0904524289516657,0.10749135097003,0.059673568321155,0.0782845747999817
213,213.0,0.0692089411276605,0.2379232938102609,0.2949772029494163,0.0608287548495581,0.0913139503305447,0.1080668791947816,0.059336436776096,0.0783445409616816
214,214.0,0.0689848289887791,0.2397256987394582,0.292179856305294,0.0609842931848922,0.0921605813513169,0.1086106666411123,0.0590161555209555,0.0783379192681913
215,215.0,0.0689370103895761,0.2417040771003512,0.2894822038753488,0.0611938841175178,0.0929488853883893,0.1088109159197845,0.0586955088997111,0.0782275143093207
216,216.0,0.0687978314000449,0.2435516718003285,0.2872531478300397,0.0613939269229732,0.0939292337625336,0.1090733241267768,0.0584222848210252,0.0775785793362779
217,217.0,0.0686757771902649,0.2459855463403373,0.2848932643902773,0.0615829726940418,0.0949681812872286,0.1089797681731438,0.0581844220020452,0.0767300679226607
218,218.0,0.0687309931320143,0.2481805301824461,0.2830998406464114,0.0617752554203956,0.095448318949684,0.1086151274815238,0.0584109508392581,0.0757389833482663
219,219.0,0.0687621215188093,0.2499197547995531,0.2816337990313113,0.0619194643850116,0.0958195027364371,0.1083686546260797,0.0588857082866077,0.0746909946161899
220,220.0,0.0687662845325906,0.2520486994188566,0.2805577726572404,0.0620186618546421,0.0959806165045459,0.1079292749305326,0.0592657770638667,0.0734329130377246
221,221.0,0.0687953789390204,0.2544837995220058,0.2790723188160837,0.0621117707272997,0.0960488568543124,0.1074601759296059,0.059748037750726,0.0722796614609458
222,222.0,0.0686508228297252,0.2571235627495237,0.2774140602183582,0.06210232325388,0.0962532124405079,0.1070688746284982,0.0601377071564729,0.0712494367230336
223,223.0,0.0684782855249649,0.2597438662218654,0.2758397488784002,0.0620464696248538,0.096238489074656,0.1069620672716437,0.0604842056360115,0.0702068677676042
224,224.0,0.0682569043991326,0.2626635897042105,0.2741753089670088,0.0619424131098406,0.0961814562274631,0.1068028319201798,0.0607961488706509,0.0691813468015134
225,225.0,0.0680277693075494,0.2656011091516588,0.2727062865330709,0.0618128021824834,0.0959721272459492,0.1066290314466354,0.0610760864899324,0.0681747876427202
226,226.0,0.0678135553381197,0.269670437023406,0.2713249581155123,0.0613905018681849,0.0955208630973571,0.1059687461843369,0.0610533777379942,0.0672575606350884
227,227.0,0.0677732849232559,0.2744671211966325,0.2698568552273694,0.0609921220876121,0.0950436590982828,0.1044637639897793,0.0610127349499621,0.0663904585271055
228,228.0,0.0678100017629608,0.2784926033521294,0.2683767705438989,0.0606565357436784,0.0946246360205175,0.1030898136370806,0.0610002849229625,0.0659493540167716
229,229.0,0.0674236755706104,0.282132912293098,0.266817594540008,0.0606309501614347,0.0943070078414941,0.1023646429736203,0.0607810549704923,0.0655421616492418
230,230.0,0.0670417480806046,0.2860488473656034,0.2652324629305401,0.0606454173734477,0.0936393549843239,0.1016633269930183,0.0606800539053267,0.0650487883671351
231,231.0,0.0666485003308111,0.2898219495926327,0.2634082315126203,0.0605766651104055,0.0932539848994338,0.1011638262870868,0.0605532666229315,0.0645735756440781
232,232.0,0.0662670278101291,0.2935433929276081,0.2618624546629517,0.0605044612540691,0.0928633721650623,0.1004010733580565,0.060416118990373,0.0641420988317499
233,233.0,0.065875589352063,0.2972909876641099,0.2607621998685298,0.0603703277472858,0.0922123799838126,0.0995614347481031,0.0602282882906957,0.0636987923454
234,234.0,0.0656323309065878,0.3005407327662931,0.2598669397699525,0.0604079394495783,0.0917946429949915,0.0986300378335336,0.0599127972499729,0.0632145790290901
235,235.0,0.065361457295043,0.303717408126601,0.259108338341694,0.0603845070072172,0.0913152934040542,0.0976602692324092,0.0595504650304221,0.0629022615625591
236,236.0,0.0651465923403084,0.3068238874871773,0.2585857531299624,0.0606017482254219,0.0907521386653497,0.0966420525795539,0.0590864658446457,0.0623613617275804
237,237.0,0.0645621644316315,0.3096334505010644,0.2582084767493959,0.0608767763941944,0.0902930370965878,0.0956239577763321,0.058600711430481,0.0622014256203125
238,238.0,0.0638870549720837,0.3121626789047872,0.2579597044403613,0.0611380937797353,0.0900196040145877,0.094656761532467,0.0581165239832192,0.0620595783727582
239,239.0,0.0635373555602284,0.3148843259819801,0.257028381175971,0.0611862326270494,0.0899029489515289,0.0934785244471527,0.0577545288347852,0.062227702421304
240,240.0,0.0632072964919656,0.3171918231415667,0.2562057125983702,0.0612201044641989,0.0898004052065565,0.0923588921341928,0.0575953707635931,0.0624203951995558
241,241.0,0.0627952450257908,0.3192864787490779,0.2557772973996955,0.0612221569203299,0.089623424568171,0.0912893583143289,0.057420568358506,0.0625854706640996
242,242.0,0.0623837766553395,0.3217560538950584,0.2553447133040729,0.0611780286003868,0.0893632574230614,0.0902962359707103,0.0571275573207924,0.0625503768305778
243,243.0,0.061863350686533,0.3237317022047986,0.2552998235670319,0.0613144450381273,0.0887573370247248,0.0895344601886821,0.0567659421851653,0.0627329391049365
244,244.0,0.0616707903491421,0.326050829638497,0.2554867477068484,0.0606705891003338,0.0884365303766675,0.0888873492735975,0.0561909371156601,0.062606226439253
245,245.0,0.0616097350527582,0.3278303750049351,0.2557278772751523,0.0599938371777026,0.0881131734403153,0.088418307783521,0.0556067805936398,0.0626999136719751
246,246.0,0.0618664643285195,0.3281004022472419,0.2566096283818385,0.0596742170932497,0.0872675025196864,0.0885021513367534,0.0552657225317294,0.0627139115609805
247,247.0,0.0620555070662808,0.3284634881957758,0.2572428321236409,0.0594676394389885,0.0861701062688745,0.0889089705562084,0.054937048124614,0.0627544082256166
248,248.0,0.062212450320505,0.3284844104025767,0.2580910627801577,0.0594298819292891,0.0849616520109189,0.0890472937279431,0.0547408704540965,0.0630323783745125
