,Unnamed: 0,Total_iterations,Intertwine_two,Add_vertex,Delete_vertex,Invert_path_vertices,Insert_inside_vertex,Delete_inside_vertex,Replace_inside_vertex,Donate_between_routes
0,0.0,0.0,0.125,0.125,0.125,0.125,0.125,0.125,0.125,0.125
1,1.0,0.10900000000000001,0.1245916141657121,0.12499531786941581,0.12539902157311952,0.1245916141657121,0.12539902157311952,0.12584018232149674,0.1245916141657121,0.1245916141657121
2,2.0,0.31601,0.12400549899770905,0.12517590640511647,0.12597594344215352,0.12400549899770905,0.12560557307178313,0.12722058109011072,0.12400549899770905,0.12400549899770905
3,3.0,0.6191589000000001,0.12278380709956091,0.12544735858104242,0.12829979895141277,0.12315417746993128,0.12545165080326462,0.12929559289566628,0.12278380709956091,0.12278380709956091
4,4.0,1.015801321,0.12130786861881922,0.12602935499289333,0.13060784136696738,0.12204490565585625,0.12501373025585627,0.13238056187196925,0.12130786861881922,0.12130786861881922
5,5.0,1.50262148669,0.11965911338979654,0.1266353579532949,0.1334881675336282,0.12075581709350025,0.12436583625416693,0.13577748099602027,0.11965911338979654,0.11965911338979654
6,6.0,2.0757334209441005,0.11783865070695126,0.12700606502694628,0.13672040238027455,0.11928512441065497,0.12350278515098168,0.13996967091028883,0.11783865070695126,0.11783865070695126
7,7.0,2.7307768275633495,0.11588084584148402,0.12716028863077591,0.14054174649515527,0.1179424626229655,0.12245371306647182,0.14425925166017955,0.11588084584148402,0.11588084584148402
8,8.0,3.4630081252450404,0.11383157405013822,0.1270574289444592,0.14514444277475502,0.1164910182486197,0.12118781204132555,0.14873327149259996,0.11379534216608024,0.11375911028202226
9,9.0,4.2673862119061114,0.11165747224837547,0.12672716242781976,0.1503449390353352,0.11487181397361942,0.12007497220945594,0.15322499995646957,0.1115853707991001,0.11151326934982474
10,10.0,5.138652627782014,0.10967012783261847,0.12616986550338932,0.15538900017374177,0.11274101130397361,0.11878534892418711,0.1584619395281954,0.1092598112977041,0.10952289543619043
11,11.0,6.071405875792507,0.10752142393410963,0.125337226879604,0.1605343338083128,0.11077987948964466,0.11715896934816426,0.16455588786496272,0.10677689076876049,0.10733538790644166
12,12.0,7.060169740244025,0.10526532460645031,0.12492454582207581,0.16585011378384057,0.10867468099686238,0.11501302972347982,0.17106708291377803,0.10419351558665452,0.10501170656685876
13,13.0,8.099455520847952,0.10297109719679896,0.12435113231693329,0.17105043947577592,0.10649723811476357,0.11275752276282411,0.17813909320335353,0.10158153177949032,0.10265194515006051
14,14.0,9.183818168183006,0.10057354426829289,0.12327243045042012,0.17661935069843876,0.10438092072135424,0.11066773790897257,0.1854419441903092,0.09887796752868695,0.1001661042335255
15,15.0,10.307906369102724,0.09812205250541653,0.12240742727324498,0.18183794237487813,0.1022156693937954,0.10850083192834972,0.19310202029694626,0.09615934764968277,0.09765470857768643
16,16.0,11.466506686239443,0.09551410382481779,0.12184773889841684,0.18692778081181413,0.09994997629047013,0.10616425706517116,0.20103646554629626,0.09327928977252327,0.09528038779049067
17,17.0,12.654581904800096,0.09290680962801151,0.120798220503746,0.1924365464074732,0.09766136021589812,0.1034688111582529,0.2093681086595396,0.09043436749402475,0.09292577593305415
18,18.0,13.867303782456686,0.09015890038546404,0.12034976560189611,0.1979182893527443,0.09550151089188363,0.10059770288672258,0.21746799218753665,0.08752038864329563,0.09048545005045726
19,19.0,15.100080434523047,0.0873788761824751,0.12000666976281507,0.20298222235382932,0.0935170947427445,0.09767434305718428,0.22581356923486076,0.08460507760803931,0.08802214705805189
20,20.0,16.348578617037543,0.08482313970890287,0.11974574504037436,0.2076432501899595,0.091549368727176,0.09477064277902711,0.2339272452449854,0.08175517307235398,0.08578543523722101
21,21.0,17.608741195130214,0.08221434514905461,0.12020100145139309,0.21213348144222524,0.08947427029154682,0.09176061328847558,0.24186769459243052,0.0788823086629555,0.08346628512191888
22,22.0,18.876800103462312,0.07965693964425777,0.12075033650684863,0.21671388918375353,0.0875884303970215,0.08878199034333663,0.24922460963183346,0.07627349010165557,0.08101031419129313
23,23.0,20.14928511992658,0.07709494857821043,0.121520537450343,0.22106658391375736,0.086176797743304,0.08578814442759823,0.2561253917630404,0.07367857647739723,0.07854901964634955
24,24.0,21.423028783545156,0.07456240340525638,0.12268287373148333,0.22514533726336408,0.08489832195076263,0.08257001553656222,0.2631019327828653,0.071137958595339,0.07590115673436724
25,25.0,22.695167792966423,0.07230223456998708,0.12394494500269923,0.2287612255303766,0.0836673702341724,0.07947331713834166,0.2697468060124589,0.06873190593989073,0.0733721955720736
26,26.0,23.963141223515898,0.07010537274665656,0.12542320557777964,0.2319641502872536,0.08239940889935793,0.07670745033231754,0.275923959129307,0.0665805976407295,0.07089585538659829
27,27.0,25.224685898775267,0.0682011332868408,0.1266964811592481,0.23539540231420883,0.08118909857122125,0.0740728232750749,0.28130886231790403,0.06457707254648715,0.06855912652901502
28,28.0,26.477829247520948,0.06638476491909284,0.12890257726270254,0.23858862523931834,0.07959686974304538,0.07190915789494975,0.28560284760351023,0.06268812931181983,0.06632702802556113
29,29.0,27.720879968916847,0.06464213509906266,0.13159016732231035,0.24200081193007406,0.07793471726734749,0.06979773682967955,0.28903704821337356,0.06084617705912164,0.06415120627903068
30,30.0,28.95241681848399,0.0630042069504733,0.13432739316349673,0.24508434761809023,0.07628863525068619,0.0678023842928917,0.29230821301881993,0.05910702822249368,0.06207779148304814
31,31.0,30.17127581490958,0.06148822054995281,0.13705090624990948,0.24779921886362846,0.07470555582098229,0.0659598459784998,0.2953665064681778,0.05749496320312408,0.060134782865725135
32,32.0,31.376536153543515,0.06032511117882745,0.13958969908982924,0.2505624957955519,0.0732599313408414,0.0642449459560727,0.2977326619860798,0.05598484731588922,0.058300307336908164
33,33.0,32.567505096778625,0.05922404742198748,0.14251405243730986,0.253174746349225,0.07183425236249144,0.06224450226876597,0.29986191229655623,0.054576005257014816,0.056570481606649035
34,34.0,33.74370209472243,0.05843795097933491,0.14515741698685414,0.25532090095703613,0.07081004320490006,0.06034535024718823,0.30165900226328934,0.05328981467151958,0.05497952068987742
35,35.0,34.90484237192463,0.057776748983772636,0.1475611979548627,0.2571345106361074,0.06989312886892717,0.058504828032831954,0.30342658835491443,0.05214669700176866,0.05355630016681483
36,36.0,36.05082019768737,0.05716255811246422,0.1501659348160779,0.25898875722535075,0.06855980217710371,0.0567621305260583,0.3050704609337321,0.051073023660003755,0.052217332549208996
37,37.0,37.18169203889697,0.05640050281355854,0.15286705841420573,0.2609688987308109,0.067143581263884,0.05515609267172515,0.3063685597608809,0.05009871987005826,0.050996586474876246
38,38.0,38.29765977559663,0.05579193923885165,0.15556844808220102,0.262516341417438,0.06570695780191899,0.05362495580673947,0.30780642940268926,0.04916055820573917,0.049824370044422195
39,39.0,39.399054140870355,0.05494200715369183,0.1581796263225615,0.26436985120849793,0.06436708688431392,0.052258560505442204,0.30860332072453234,0.04834514201112865,0.048934405189831456
40,40.0,40.48631852820801,0.05415442477007546,0.16069857551665875,0.266162766439865,0.06308847234647247,0.05101390361436647,0.3091266280782704,0.04761670249794192,0.048138526736349364
41,41.0,41.55999329152982,0.053382147648255336,0.16315497801375436,0.26786320066811364,0.06183343732943067,0.05018236231392101,0.30895973878472904,0.047227352586134544,0.04739678265566121
42,42.0,42.62070064560415,0.05278352622015495,0.16547955856215524,0.2693963896076783,0.06064799058534405,0.04945882131583555,0.3083850243319947,0.0468697979402319,0.046978891436605094
43,43.0,43.669130257815,0.052421161667924494,0.1677817223153523,0.270824838086337,0.05954600724957776,0.048853277432156686,0.3074787985270704,0.046582361987750634,0.046511832733830555
44,44.0,44.70602560622662,0.051936822475852726,0.1704644960320806,0.2720812850168433,0.0580191077272229,0.048235202793254495,0.30669794697078867,0.046405074296216015,0.0461600646877411
45,45.0,45.73217116373481,0.05180723010567916,0.17306993688180025,0.27353250390031,0.056572160194342205,0.04771752043438995,0.30513512886568295,0.046285458865904794,0.04588006075189059
46,46.0,46.748380453854836,0.05167323613206657,0.17550195547026917,0.2752378354526259,0.05516651328995741,0.04707535833107234,0.30355615210658643,0.04617014696097986,0.04561880225644217
47,47.0,47.755485010424316,0.05165886405390013,0.1773691702003148,0.2767903252358007,0.05393722591098452,0.04671645525989767,0.3018434657392771,0.04618305353457085,0.045501440065254035
48,48.0,48.7543242612326,0.05183516840314032,0.17921294493226186,0.27821031210137603,0.05275662011575503,0.046396190969118276,0.30000054107427604,0.04619481147819386,0.04539341092587839
49,49.0,49.745736344347726,0.051980627189769375,0.18109774008699736,0.27962410352784833,0.051644020634063446,0.04630865400338614,0.29774077941803545,0.046294379294948534,0.04530969584495115
50,50.0,50.730549855707864,0.05224874932339426,0.18272518537357132,0.28087888434933955,0.05069215460004615,0.046251668393789074,0.2955819379214378,0.046388265480174065,0.04523315455824757
51,51.0,51.70957651737491,0.052502499790083895,0.18445363442863588,0.28170992114444243,0.0498151334425263,0.04624355825157414,0.29360603988698536,0.04649074891258827,0.045178464143163496
52,52.0,52.68360474770151,0.05271239569170662,0.18617779893710784,0.282701548718034,0.04900050281250827,0.04626019665656179,0.29143424987495775,0.04658285388687404,0.04513045342224947
53,53.0,53.65339410751842,0.05291447634918989,0.18782341734676958,0.2835629581892164,0.04826551609508084,0.04631794636176406,0.2892971840000623,0.046677912785561194,0.045140588872355523
54,54.0,54.61967059027847,0.05309625148803303,0.18914560786828036,0.28462282900815644,0.04760370213362186,0.04640890400293454,0.2871871228040324,0.04677316470319959,0.04516241799174153
55,55.0,55.58312271885972,0.05315621946792322,0.1900097261376807,0.2850023673482903,0.04717897909500477,0.04667942180457203,0.2858629826654491,0.04675234725377441,0.045357956227305325
56,56.0,56.544398407394254,0.05317743784291428,0.19068051020274954,0.2858177185567549,0.04686203842481608,0.047012688380532006,0.2840777248692896,0.046769983942843416,0.04560189778009999
57,57.0,57.504102543001395,0.05295448533495188,0.19104294857127319,0.28657157687943835,0.04665530274903981,0.047431981828041696,0.28242011411799867,0.04709768990157019,0.04582590061768611
58,58.0,58.462795239617805,0.0525969720727834,0.1913553873806765,0.287427496806547,0.046491291696053316,0.04784446067627114,0.28084503599012484,0.047402394674578616,0.046036960702965146
59,59.0,59.42099071417639,0.05236795250122014,0.19173795965122714,0.2880796474894604,0.046195499873475,0.04795688476270122,0.2794657723228608,0.04772332404341933,0.04647295935563592
60,60.0,60.379156734137354,0.05211569839032876,0.1919479565323129,0.28865449565441376,0.046301648644942725,0.0480472657559957,0.27804122355689187,0.04801315823741071,0.04687855322770357
61,61.0,61.337714584760846,0.051833857430761486,0.19222672876863917,0.2892041934416889,0.04642729076761181,0.04810834489273637,0.27668627057359835,0.048265621223491734,0.04724769290147214
62,62.0,62.29703950447439,0.051378873735621326,0.19292662817798145,0.28986613540771106,0.04651268926910638,0.0481019464733579,0.27558382179586427,0.048103403420168514,0.04752650172018909
63,63.0,63.257461537171835,0.05087715542257001,0.19338693646441224,0.2907569344705837,0.04658506349155821,0.048477766344844665,0.27429412026322264,0.04788116760776608,0.047740855935042424
64,64.0,64.21926675122782,0.0503528210118383,0.19375965636445974,0.2915140072161793,0.04665621501686033,0.04879521565388669,0.27323916729229925,0.04777333456826104,0.04790958287621525
65,65.0,65.18269877636592,0.04982537652144,0.19424556000139281,0.2922670784437463,0.04680079970684045,0.048954681187697954,0.2721131577364202,0.04775430176585381,0.048039044636608436
66,66.0,66.14796061122655,0.04927507585083542,0.19452849133220793,0.29291387774741634,0.047046256270830006,0.04903913779657892,0.2713020743401563,0.047784530506702866,0.04811055615527217
67,67.0,67.11521665648885,0.04877790803669099,0.19495882601783657,0.2934159614046132,0.04702729922660216,0.04897126336616447,0.2707513970297661,0.04775060975736224,0.048346735160964265
68,68.0,68.08459493066005,0.048451830613646815,0.1953756251574751,0.29366692225649244,0.04709717292289652,0.04898040697138796,0.27005318517368787,0.0479166731193137,0.04845818378509956
69,69.0,69.05618942810752,0.04811291968951628,0.19589021689008776,0.2937171599217161,0.04712912634817495,0.04893215329533322,0.269483820180748,0.04801721592194745,0.04871738775247618
70,70.0,70.03006258152917,0.04778438812163012,0.1963679005518017,0.2940583960089974,0.047205561947224514,0.048858799000231656,0.26869477469874004,0.048086470000687345,0.04894370967068722
71,71.0,71.00624779379335,0.047444004469629875,0.19713379255790248,0.29437590322861285,0.04736820132776043,0.04863952314753883,0.2678099596259546,0.048110213935217826,0.049118401707383116
72,72.0,71.98475200689319,0.04705347417717156,0.1978093802184037,0.2947815296713489,0.04746108403482684,0.04867626212883554,0.2669662523909898,0.04804983221772182,0.049202185160701795
73,73.0,72.96555827861411,0.046727659480745455,0.19864350828311256,0.2954680260506587,0.04767664481970045,0.048643628635875485,0.2653938426654973,0.048022272179564354,0.049424417884845646
74,74.0,73.94862834037681,0.04663507306444967,0.19961194948941366,0.29642170214937436,0.04797312962847959,0.0484067091232796,0.2629747143702266,0.04830731445584036,0.04966940771893599
75,75.0,74.93390511255946,0.046390348022076804,0.20072096822019933,0.29763396747854687,0.04820538999557945,0.048083589504396326,0.260478175601394,0.048505182592349816,0.04998237858545725
76,76.0,75.92131515639825,0.046150370328342794,0.2019597431462326,0.2989017233052196,0.04834721334895125,0.047639048855461295,0.25806387743269815,0.048678447485211336,0.05025957609788286
77,77.0,76.91077104428919,0.045766269260004086,0.2035291750942826,0.3003366081797425,0.048453898457490346,0.04715615956214216,0.25532445373105567,0.04882746417264849,0.05060597154263404
78,78.0,77.90217363294813,0.04552546648011885,0.20500346774952705,0.3018925215066193,0.04852457036301511,0.046656371569857885,0.25241648013726137,0.04900424311621793,0.05097687907738248
79,79.0,78.89541422641172,0.04533631076390783,0.20631932877509931,0.3033368353980544,0.0486177077719625,0.046253334614752506,0.2497188928562285,0.0492702994867979,0.05114729033319703
80,80.0,79.89037661826481,0.04517798622880303,0.20748957489539308,0.30468379747000846,0.048709937037235675,0.04615155175003703,0.24698878523826084,0.049500639275958574,0.051297728104303296
81,81.0,80.88693900474995,0.045119148275154196,0.20843479670408216,0.30594077797123165,0.048724497748620685,0.04607307241036215,0.244560492901552,0.0497081745784891,0.051439039410508106
82,82.0,81.88497576253909,0.04506330333280298,0.20909878182794978,0.30715822927217473,0.04890241062137401,0.04595563629996318,0.2425093159580181,0.049772781499982245,0.05153954118773507
83,83.0,82.88435908692391,0.0450381060602149,0.20971741930676968,0.3085516210387657,0.04920166638594687,0.045866587711792334,0.2401470683566977,0.0498373621049593,0.05164016903485361
84,84.0,83.88496048800103,0.04510432611325088,0.2103995067526368,0.3099049806891117,0.04943450950763405,0.04583247777242632,0.23780607277463534,0.049921803252667596,0.051596323137637415
85,85.0,84.88665214409042,0.04536993308636276,0.21092057066032888,0.3111796530357252,0.04964697944993408,0.045810814572529016,0.23555854578320282,0.04999181344232691,0.05152168996959047
86,86.0,85.88930811312994,0.04564274011145516,0.21154745518060078,0.312511970187517,0.04983737678760792,0.045798726762513196,0.23329762716855823,0.049935131676295985,0.05142897212545189
87,87.0,86.89280540413424,0.04569122358657089,0.21212138729044872,0.3139056675156242,0.05008191432848067,0.04593937506228988,0.23120168375401184,0.04977473811679401,0.05128401034577986
88,88.0,87.89702491199675,0.04575813074871786,0.21268201707008466,0.3150400545890238,0.05008077727485859,0.04610204347811722,0.22953796723676848,0.04938121371324896,0.051417795889180544
89,89.0,88.90185221995306,0.045811414465289815,0.21329741254506088,0.3163186439395574,0.05008964548229783,0.04625587282514846,0.2277497273536352,0.048824088203915116,0.05165319518509538
90,90.0,89.90717827491419,0.04586985988667859,0.21365765761653996,0.3178398274390154,0.0500916277618326,0.04640621506236128,0.2259349821026175,0.048271435420605587,0.05192839471034916
91,91.0,90.91289994163006,0.04600298968053205,0.2138350087685588,0.320086829159285,0.05016059531652831,0.04634396310810306,0.2237930754988661,0.04752033799350758,0.052257200474619146
92,92.0,91.91892044225806,0.04613158127604371,0.21409715978979835,0.32202882933027477,0.05016968295822863,0.04635586728698497,0.22186144182283515,0.0467730110132363,0.052582426522598105
93,93.0,92.92514968840067,0.04622023326078181,0.21441485801804913,0.32380322405142914,0.050175585879688345,0.04639616973654031,0.21996300658722562,0.04618631739687303,0.05284060506941261
94,94.0,93.93150451304501,0.04629410061452402,0.21474166610672318,0.32584563593652943,0.05015343774023872,0.04642298142569176,0.21786763528671726,0.045607001903999425,0.05306754098557616
95,95.0,94.93790881009448,0.04627896791026929,0.21483109097324166,0.3279684601658145,0.05022562510982829,0.04645010768670539,0.21581789195632628,0.045157574467131,0.05327028173068362
96,96.0,95.94429358933806,0.046506578748727066,0.2148946387165266,0.3298263741006196,0.050285912709372604,0.04647422702282587,0.21374370342282062,0.04473003122554311,0.0535385340535645
97,97.0,96.9505969547639,0.046761657381121764,0.21481868516196745,0.3317448544252044,0.05021173481158201,0.04664732627162942,0.21167572654669733,0.0443640230909568,0.053775992310840806
98,98.0,97.9567640140995,0.047087649671033155,0.21482512767667125,0.3339251469529009,0.05016291511420815,0.04671131493916179,0.2093149460952643,0.0440141722034913,0.05395872734726919
99,99.0,98.96274672736057,0.04738050583876859,0.21471655877766763,0.3362442654459315,0.05015734466521662,0.04682382243254266,0.20687177181815436,0.04374659860638596,0.054059132415332646
100,100.0,99.96850370202192,0.04763038291251303,0.21468242073914834,0.33880671871558193,0.05018041293963687,0.04679802490482314,0.20442460903968637,0.04338136602317485,0.05409606472543544
101,101.0,100.97399994219691,0.04784376200824778,0.2145725838529938,0.3414142642844843,0.05017678852912161,0.046748958062002285,0.20202768987274208,0.043124512163089046,0.05409144122731914
102,102.0,101.97920655893245,0.04807577357907764,0.2143922749983568,0.3436474968007764,0.05021788545590339,0.046864336142483996,0.19977862377787176,0.0429255020551255,0.05409810719040453
103,103.0,102.98410044840509,0.04836917682075722,0.21414414607727233,0.3459465914239745,0.050262955700061576,0.046986528860450794,0.19716031102848736,0.04282683196445188,0.0543034581245443
104,104.0,103.98866394444643,0.048648162583029536,0.21390810512323152,0.34818058017154635,0.050304374990808594,0.04710819728931859,0.1947931391890903,0.04276252580365192,0.054294914849323125
105,105.0,104.99288445143917,0.04889969501068815,0.21370046066055534,0.3504041155370572,0.0503661740820438,0.04721665180291562,0.19233968255607084,0.04271264686582578,0.05436057348484322
106,106.0,105.99675406321822,0.04919315797861139,0.21319712173374925,0.35218126997652904,0.05048472817299747,0.04745888218981135,0.19017097533334001,0.04274566289409764,0.05456820172086381
107,107.0,107.0002691731872,0.04938086453653196,0.2126918631944765,0.3538381857318396,0.05067778584003017,0.04768831003898492,0.18821063553461231,0.042791281986741564,0.05472107313678287
108,108.0,108.0034300804274,0.04944848002040155,0.21201988544062583,0.35573817398410407,0.05086102849547869,0.04804857756959388,0.18613040349628593,0.04288685244725423,0.054866598546255724
109,109.0,109.00624059613932,0.049498683502059784,0.2113705096241982,0.3574776013319879,0.05098881639632543,0.04854167183865335,0.18421242891075584,0.042989181653604706,0.054921106742414696
110,110.0,110.00870765431864,0.049564946613983564,0.21109545089730133,0.3593481350049382,0.05099635038652106,0.049089599913956915,0.18227599397747699,0.043032847545066824,0.05459667566075502
111,111.0,111.01084093013685,0.04992869651773672,0.21104921991789433,0.36105072392659565,0.05126997192255528,0.05022561799563346,0.17884497977428954,0.04335103032760313,0.05427975961769179
112,112.0,112.01265246907188,0.05023054373133452,0.2110174859733579,0.362619613383263,0.05149821527916361,0.05150481555686457,0.17555074068450832,0.04363095726107603,0.053947628130431996
113,113.0,113.01415632942268,0.050484943164359274,0.21111389394799665,0.36405257978937955,0.05168867068496387,0.05269740649717619,0.17243459674031347,0.04394459052457987,0.05358331865123102
114,114.0,114.01536824044418,0.050708845412743744,0.21090036082514135,0.3653386083513809,0.05185206619078066,0.05400606286495783,0.1693806429753478,0.04461109241704835,0.05320232096259922
115,115.0,115.01630527795908,0.05092677302967427,0.2107084018483944,0.36669701904083496,0.052076114499138335,0.055114691678554505,0.16634776003864984,0.04528674644759112,0.05284249341716234
116,116.0,116.0169855589429,0.05123857294469016,0.2109031820808185,0.3669972112588621,0.05244907202789685,0.056389203006480815,0.16353421246946992,0.04597490432667742,0.052513641885103934
117,117.0,117.01742795623892,0.051835688689785935,0.20936820332654738,0.36763377093905886,0.05298431923368265,0.057902751917731754,0.16117887306006495,0.04672049767691155,0.052375895156216656
118,118.0,118.01765183424293,0.052572332765225216,0.20783912802757482,0.36689537825494445,0.053657273498184985,0.059499016721238966,0.15914240344519795,0.047979261457845285,0.052415205829788064
119,119.0,119.01767680610413,0.053226086855518606,0.20677966681231683,0.36668963039571156,0.05413961093448709,0.06095877543976195,0.15687097435392303,0.04887407914967554,0.052461176058605126
120,120.0,120.01752251271817,0.053837504084975354,0.20624819562868268,0.3663256618177399,0.054569016259984754,0.06223604414486171,0.1546296980231959,0.04966984564693776,0.05248403439362164
121,121.0,121.01720842354362,0.05455403147968676,0.20584911159524466,0.36584541908529605,0.05491926558728155,0.06326542280720883,0.15240571065889108,0.05054910700874125,0.05261193177764954
122,122.0,122.01675365905109,0.05523075701199816,0.20547863164373598,0.36497854924468376,0.05536559176617385,0.06435870511984292,0.15036173914719483,0.051385047148599275,0.05284097891777096
123,123.0,123.0161768344173,0.05581043835936253,0.20468481802205943,0.3638545261776562,0.05597635784026609,0.06559052588939962,0.14886548286843257,0.05211439990134116,0.05310345094148218
124,124.0,124.01549592390272,0.05632572794599243,0.20401777878932031,0.3626648888502517,0.05655986896451343,0.0667966061472041,0.1475252252034878,0.052767569353492534,0.053342334745737456
125,125.0,125.01472814520056,0.05681947022578988,0.20332957383024225,0.3609998753337116,0.05719982729934434,0.0681939299216924,0.1464101713197687,0.05341494199052684,0.05363221007892381
126,126.0,126.01388986291661,0.057036763476052285,0.2025661237964059,0.3598066103149431,0.057817634297097915,0.06950336338367537,0.14524137417969282,0.05402853127005678,0.05399959928207568
127,127.0,127.0129965102319,0.05708155499968984,0.2020241866023152,0.35968903610537406,0.05844565734026598,0.07015446434616593,0.1435643432629396,0.054633073724199066,0.05440768361905017
128,128.0,128.01206252771334,0.0570376132393699,0.2016317353778583,0.359917260083353,0.058979999194438915,0.07076693300485534,0.14181702117115247,0.05509559028800591,0.05475384764096599
129,129.0,129.0111013181695,0.05696022846190158,0.20173861447470595,0.3598573497728033,0.0594679588663116,0.07126815943054292,0.14002122008239934,0.05550346357105098,0.05518300534028415
130,130.0,130.01012521639834,0.05684477451405115,0.20216341453176837,0.35955514128444205,0.06007391402465211,0.07165444968671433,0.13828725654524335,0.05584816510152246,0.05557288431160603
131,131.0,131.0091454726403,0.0566964782704044,0.20272652568388216,0.3591825669731766,0.06062676797779715,0.07208030467804656,0.13661687925674915,0.056132350693819236,0.05593812646612464
132,132.0,132.0081722485317,0.05645453621083269,0.20333139714531717,0.359198469196119,0.061146204814757354,0.07236823899095916,0.13487871436338045,0.056352448708790345,0.05626999056984367
133,133.0,133.00721462434865,0.056164185365134595,0.203827239710819,0.35955669714736255,0.06156041849448453,0.07265566961290172,0.13319405447454935,0.056492716684529036,0.0565490185102191
134,134.0,134.0062806163404,0.05585384904821656,0.20416952399700017,0.3600114110492276,0.06192378329309386,0.07267945950691623,0.13192163864767653,0.05658362725353261,0.05685670720433633
135,135.0,135.00537720296956,0.05553527024373515,0.20485244891597176,0.36067653304383124,0.06191090370161516,0.0725991299481236,0.13070369012762142,0.05664049571557442,0.05708152830352718
136,136.0,136.00451035890612,0.055210578107272944,0.20622523188655645,0.3607960699180423,0.06195999225440114,0.0722996900443384,0.1296588682418085,0.05646327412224246,0.05738629542533777
137,137.0,137.00368509565993,0.05488026745181684,0.20775743751217743,0.3607781728429495,0.061966592215516064,0.07200936168376182,0.12870503121542676,0.05624486138667242,0.05765827569167915
138,138.0,138.0029055077818,0.05461695094884927,0.20950486120322823,0.36049374166204373,0.06186698112368129,0.07182647108541157,0.12774926408651194,0.05597989358498368,0.05796183630529035
139,139.0,139.00217482361367,0.05434766352029487,0.21115495237839174,0.36011171001133035,0.06172621788130712,0.07159959954807613,0.1271421149156955,0.055686028041181806,0.05823171370372254
140,140.0,140.0014954596262,0.054094776816139514,0.21279244680822232,0.35983208149069235,0.061581193092261136,0.07119465642939567,0.126626021004335,0.05538970474025024,0.05848911961870383
141,141.0,141.00086907744122,0.05387445993789446,0.2141567729713566,0.3596299528649723,0.06131453372896262,0.07088846144794606,0.12628250381234754,0.0551055407897338,0.058747774446786694
142,142.0,142.0002966427003,0.05401791333902433,0.21562696440626047,0.3593103225030288,0.06097791297613764,0.07063803140006132,0.12546879258066315,0.05492250497747703,0.05903755781734734
143,143.0,142.99977848500652,0.05412913776961984,0.21732506816544628,0.35892573396733685,0.06058908169670579,0.07031453902680512,0.12475934919194971,0.054696299313545825,0.05926079086859064
144,144.0,143.99931435823203,0.05425516672151395,0.2190373780384435,0.35835637594392467,0.060198898572319894,0.06997490771095173,0.12415653307117734,0.05447341361819283,0.05954732632347621
145,145.0,144.99890350055264,0.05450725383817942,0.22083492185386228,0.3576527775548553,0.05981314694424323,0.06967201468545785,0.12346953024439564,0.054263473175377455,0.05978688170362891
146,146.0,145.9985446936357,0.05462719083188093,0.22261357464230197,0.3569263159954021,0.05943908302349317,0.06943737174184707,0.12281919905359166,0.054062679317356754,0.060074585394126384
147,147.0,146.99823632047406,0.054494399647784596,0.22407099330232902,0.35640167811681195,0.05924246085227116,0.06919152050401091,0.12222798732019587,0.053950777689431705,0.060420182567164846
148,148.0,147.99797642142389,0.05455219503038865,0.22555422971397876,0.3550438038080303,0.05951781958510724,0.06896849985436607,0.12170417832969246,0.05382560596910328,0.06083366770933333
149,149.0,148.99776274806447,0.05461989795740454,0.22721992280885153,0.3533583645888822,0.05969476580663097,0.06886739230487049,0.12135723617053727,0.05372863821769485,0.0611537821451282
150,150.0,149.99759281456036,0.05466820841226494,0.22895764150074036,0.3518064390897242,0.059853709833092635,0.06875186862522234,0.12092231437908109,0.053614949542944344,0.061424868616930105
151,151.0,150.99746394626104,0.0546742456749039,0.23048029020264862,0.35065554646351593,0.059883527807724705,0.06859297371286129,0.12030457814480351,0.053456884074631617,0.061951953918910396
152,152.0,151.99737332532905,0.054668259737082225,0.2318869106393688,0.349492998504823,0.05990537994277663,0.06851386491894987,0.11978871092368494,0.053302015187082594,0.062441860146231896
153,153.0,152.99731803323698,0.05486095689435314,0.2328636285772585,0.34836982076307993,0.05982542248805773,0.06833766495405574,0.11928875906865058,0.05324261863822963,0.06321112861631473
154,154.0,153.99729509002177,0.05503581011321542,0.23439298543689555,0.34702930416920363,0.05973285677177529,0.06812553455488564,0.1187879743488002,0.053178511157040545,0.06371702344818371
155,155.0,154.99730149022784,0.05557341645510458,0.236209329286639,0.3451059622905059,0.05960872146878855,0.06793481799190794,0.11829718845926773,0.05311936749885493,0.06415119654893138
156,156.0,155.99733423551103,0.05643429440363597,0.23789494152687227,0.34282434326740396,0.059453996932531124,0.06776525967859363,0.11811085579616279,0.05303515200302012,0.06448115639178015
157,157.0,156.99739036391077,0.057362038341988664,0.23946553183942368,0.34062429716549864,0.05929570974733686,0.06760213823865245,0.117930714641557,0.052952283885016965,0.06476728614052575
158,158.0,157.99746697583146,0.05789228442675966,0.24098185481788045,0.33854524022101234,0.05911666378329744,0.06788428185166151,0.11772203029064027,0.05283196448801383,0.06502568012073445
159,159.0,158.99756125680176,0.05835794082832319,0.2423348143466765,0.33677949309448707,0.05890523195168443,0.06813843561779863,0.11751386014819673,0.052673646409986015,0.06529657760284743
160,160.0,159.997670497107,0.05841321135010595,0.24382135476368896,0.33525483742398704,0.05869495425909151,0.06853162804384154,0.11727289451876613,0.052517073680741475,0.06549404595977738
161,161.0,160.99779210841066,0.058429910498617676,0.24525022269986077,0.3338533523940253,0.05851271213861186,0.06894159488377864,0.11694829333760932,0.05238775019304338,0.06567616385445303
162,162.0,161.99792363749984,0.05843818066712829,0.24614155084489614,0.3328171592938769,0.058355350779039625,0.06954013236343616,0.11669847431294722,0.05228613356205859,0.06572301817661709
163,163.0,162.9980627773051,0.05847983158685704,0.24728610419193003,0.33135654237695816,0.05824188464625381,0.06985409651631266,0.11651133911259551,0.05216079936560716,0.06610940220348566
164,164.0,163.9982073753568,0.058983384311710754,0.24826369698330236,0.3296792532574679,0.058139195058647355,0.07010387475443126,0.11619741146349485,0.05204984352584757,0.06658334064509794
165,165.0,164.99835543984977,0.05949463185165356,0.24915764617560096,0.327946366816823,0.05807714258282304,0.07036111567894349,0.11592190708488098,0.051974576859668456,0.06706661294960657
166,166.0,165.99850514349492,0.060433038855293095,0.24979696736536905,0.3265237306385997,0.0577255902312803,0.07061485408232572,0.11540539263049199,0.05194806195644639,0.06755236424019381
167,167.0,166.99865482534062,0.06151620742000153,0.2507086939355883,0.3253514951891429,0.05730576688184798,0.07076986787688173,0.11484845196350989,0.051914886778247245,0.06758462995478047
168,168.0,167.99880299074837,0.06278009083138407,0.2514424182696,0.32361828797639014,0.056961720441233446,0.07112203766106819,0.11447960039193897,0.051951489332761835,0.06764435509562344
169,169.0,168.99894830970783,0.06445099747178973,0.24968310489359785,0.32189329532099004,0.05724007209517211,0.07181027969802037,0.1144832754331239,0.05234866713868479,0.06809030794862132
170,170.0,169.99908961367427,0.06604994606403516,0.24794433712872102,0.32056563908558344,0.05746209209090265,0.07245494819149347,0.11428035511106183,0.05274296853218308,0.06849971379601942
171,171.0,170.99922589110733,0.0675602645110606,0.24616288593586283,0.31950696744877016,0.057667182320374,0.07305742836687124,0.11414179486961219,0.05304898942200347,0.06885448712544559
172,172.0,171.99935628188598,0.06906303270678198,0.24407168457075396,0.31889288336681026,0.057887464525706395,0.0735858030853278,0.11404869321682898,0.05332673806933519,0.06912370045845558
173,173.0,172.99948007076793,0.07047621525385322,0.24217207774733124,0.3183263197791746,0.05812037544410448,0.07409166285959616,0.11383544172943956,0.05360790931872876,0.06936999786777213
174,174.0,173.99959668005403,0.0719374872978363,0.24045787760992618,0.3181174917098901,0.05835934174337496,0.07459607010075302,0.11346584740041327,0.053886454714871454,0.06917942942293485
175,175.0,174.99970566161096,0.07264886049475491,0.23859143233583646,0.31845187663891206,0.05861486915291847,0.07523630236930708,0.11295796459068137,0.054538566551348804,0.06896012786624095
176,176.0,175.9998066883961,0.07335073782986293,0.2361660319261226,0.31852358175056494,0.058925765941969716,0.07606952108615495,0.11253805932132334,0.0556334656688714,0.06879283647513021
177,177.0,176.99989954561875,0.07370073323352921,0.2338651826017335,0.3187464390643413,0.05948486507536163,0.07674417018141101,0.11230448603226123,0.05662442076269339,0.0685297030486688
178,178.0,177.99998412166295,0.07392451793123639,0.23191189407520826,0.3187656991447168,0.05999410936000954,0.07739972923393125,0.11195090000514922,0.057627604050263244,0.06842554619948531
179,179.0,179.00006039888612,0.0739961204108174,0.23025298585990828,0.3182078049539122,0.06099610915228813,0.07798009105991087,0.11131940806968105,0.05876258809537023,0.06848489239811187
180,180.0,180.0001284443981,0.07399047312231544,0.22855300310633334,0.31817830820694015,0.06204458954311472,0.07851797093165348,0.11040843096319032,0.05978461180030354,0.068522612326149
181,181.0,181.00018840091488,0.07434613723348098,0.226454656449874,0.31762365532131626,0.06335116652375453,0.07932978017492384,0.10960163491758294,0.06080621219759122,0.06848675718147614
182,182.0,182.00024047777083,0.07478246426670987,0.22498969867218607,0.3172294798370486,0.06437394265794864,0.08015341327539634,0.10880370731409271,0.061402100591012455,0.0682651933856052
183,183.0,183.0002849421635,0.07518597912778192,0.22351027579764185,0.3170944234688929,0.06504571687377707,0.0808375446754411,0.10847785748261737,0.06183433760478944,0.0680138649690582
184,184.0,184.00032211069524,0.07550272244580346,0.22216781381635747,0.3171313169990323,0.06562333004488004,0.08143666420099041,0.10811444706001241,0.06235623462404832,0.06766747080887545
185,185.0,185.00035234126688,0.07568061628951589,0.22091462314037708,0.3171160345989658,0.06614310736537866,0.0820989038780838,0.10776667979367047,0.06297108885912751,0.06730894607488067
186,186.0,186.00037602536867,0.07620071765563755,0.21896309421491786,0.31753439917336035,0.06664227216362323,0.0826652845257151,0.10750306778549573,0.06355876027062053,0.06693240421062953
187,187.0,187.0003935808066,0.07689837107538575,0.21746179645363675,0.31713703939962207,0.06690952697354927,0.08326292538731918,0.10731426048450553,0.06410451396251013,0.06691156626347122
188,188.0,188.00040544489266,0.07753486755243065,0.21641412411559302,0.31658114141496574,0.06712101229225555,0.08415562640241159,0.10671811811105142,0.06458639042673026,0.06688871968456164
189,189.0,189.0004120681212,0.0782507461853273,0.21574264798889164,0.3160255213845934,0.06719875636250991,0.08491942834218053,0.10636298255102812,0.06492452476823858,0.0665753924172304
190,190.0,190.00041390834568,0.07849535574746645,0.21540347410946123,0.3153989067327845,0.06715158829876869,0.08561911634443231,0.10641977259787692,0.0652805178218987,0.06623126834731119
191,191.0,191.00041142546425,0.07855020780194102,0.21543120945560623,0.31444641720556593,0.06705670639190782,0.08631122727004928,0.10677007414550783,0.06557070690716545,0.06586345082225643
192,192.0,192.00040507661635,0.07855806470992487,0.21554234310128956,0.31347411757145066,0.06667160290345979,0.08701044733459158,0.10748372990265043,0.06545850896375535,0.06580118551287774
193,193.0,193.00039531188708,0.07853679312205221,0.2159343611104399,0.31283538119275234,0.06627588752177475,0.08763884046163314,0.10760402306610851,0.06541980614535052,0.06575490737988862
194,194.0,194.00038257051185,0.07847791941968801,0.21646552875222624,0.3120155963040464,0.06585883117554243,0.08829875126956935,0.10765778581461906,0.06550816077260366,0.06571742649170488
195,195.0,195.00036727756904,0.07831879126952865,0.216906014801618,0.31144266487727734,0.06536214976003915,0.08879785947872766,0.10770625956168753,0.06549364965065754,0.06597261060046418
196,196.0,196.0003498411448,0.07800634585429157,0.2171456365244027,0.31125201845836536,0.06476614602098235,0.08938891229951364,0.10787613752674681,0.06547450361832155,0.06609029969737613
197,197.0,197.00033064995154,0.07763378166458157,0.21733728998156945,0.3109494296457545,0.06419167379436701,0.0901633774467084,0.10795483541608117,0.0654245460681438,0.06634506598279417
198,198.0,198.0003100713781,0.0773262046087739,0.21843718630541842,0.31057263593336776,0.06337206349374624,0.09051312793713169,0.10808029976342472,0.06509563120164526,0.06660285075649205
199,199.0,199.00028844994821,0.07679427201982801,0.2197163611687533,0.3103191116837848,0.06255753647212209,0.09079267208951589,0.10822859363116233,0.06475735186679435,0.06683410106803932
200,200.0,200.00026610616183,0.07652319458849399,0.2206134188606517,0.30997464667929053,0.06180543737564414,0.0909476474775114,0.10852741164749637,0.06439987231203784,0.06720837105887406
201,201.0,201.00024333569246,0.07613249611558838,0.22196907424541307,0.3103910573465351,0.06101395413681346,0.09096270398935608,0.1079747147939557,0.06394123071180426,0.06761476866053394
202,202.0,202.0002204089131,0.07566815541403667,0.22292284722004924,0.3109796792729011,0.06047693244514533,0.09080046304665738,0.10738136865331904,0.06339654829055043,0.06837400565734075
203,203.0,203.00019757072255,0.07487013734840373,0.22413757440814652,0.31127614102388595,0.060121302114367545,0.09070102558633006,0.10687035791550048,0.06272554036133066,0.06929792124203502
204,204.0,204.00017504064385,0.07369525242361455,0.22553803375765438,0.3114913739640369,0.060150134004122065,0.09032700216877265,0.10646054436416567,0.061967802123814655,0.07036985719381902
205,205.0,205.0001530131666,0.072869372701422,0.22705438267280006,0.31146628842555896,0.060158852390796595,0.08984721188505433,0.10598092599887884,0.061161676724188575,0.07146128920130057
206,206.0,206.00013165830538,0.07221638180334485,0.22852399932283676,0.30999975059051277,0.060535815500283675,0.0895266822135519,0.10555041481547975,0.06093668539282449,0.07271027036116579
207,207.0,207.00011112234722,0.07156328791982829,0.22988563816735821,0.3085635089384282,0.06089188011218482,0.0892366924019502,0.1052902074409987,0.06069625696187467,0.0738725280573768
208,208.0,208.00009152876143,0.07097123073979045,0.23120089323703072,0.3071234994151545,0.060778209642214386,0.08904236961770046,0.10540308447285038,0.06049000619580071,0.07499070667945833
209,209.0,209.0000729792466,0.07044542573041133,0.2322123231012283,0.3055674952288028,0.060701880224988305,0.08889319805097816,0.10556436224416546,0.060331213509424594,0.07628410191000098
210,210.0,210.00005555489076,0.06993928318865672,0.2336379680437026,0.30336779079915904,0.06054692269019612,0.08868318271726115,0.1059739540601255,0.06027806213918083,0.07757283636171798
211,211.0,211.00003931742162,0.06959018039236148,0.23487167928050634,0.30051315452350835,0.060536387602646145,0.0894714445365796,0.1068429100130697,0.05999692490971491,0.07817731874161345
212,212.0,212.0000243105252,0.06939916999232357,0.2362448116777242,0.2977586204455964,0.06069547484152328,0.09045242895166572,0.10749135097003008,0.05967356832115501,0.0782845747999817
