,Unnamed: 0,Generation,Intertwine_two,Add_vertex,Delete_vertex,Invert_path_vertices,Insert_inside_vertex,Delete_inside_vertex,Replace_inside_vertex,Donate_between_routes,Trim_one_terminal_cb,Grow_one_terminal_cb
0,0.0,0.0,0.10000000000000002,0.10000000000000002,0.10000000000000002,0.10000000000000002,0.10000000000000002,0.10000000000000002,0.10000000000000002,0.10000000000000002,0.10000000000000002,0.10000000000000002
1,1.0,1.0,0.10902270475677782,0.09890547435401595,0.07796441376030591,0.10632283024138989,0.09861586237608795,0.10481119931405555,0.10832859617454176,0.08793048216721647,0.1033753434109109,0.1047230934446973
2,2.0,2.0,0.10640564237937353,0.09623111887161681,0.08359675902281735,0.10442866538885998,0.09175935782928238,0.10994348913110177,0.10767856641860563,0.08690036098273565,0.10784921292525158,0.10520682705035489
3,3.0,3.0,0.09956859885545363,0.10374029239581124,0.08143835391027635,0.10659765093228024,0.0934603385497524,0.11146874694037048,0.10407672217207262,0.09047955944920147,0.10842786970323699,0.10074186709154413
4,4.0,4.0,0.10390872377669289,0.10118399273502417,0.08328160269752109,0.10795420208203828,0.08642618422582177,0.10797240976178506,0.110492704918738,0.0856656440518629,0.10739768967498062,0.10571684607553482
5,5.0,5.0,0.09834438391885654,0.09829925550119492,0.08938217883345032,0.10483272741791685,0.08734206010689315,0.11105057007859553,0.10610849829515781,0.0833715869540825,0.11576058586107651,0.10550815303277539
6,6.0,6.0,0.09990419706341111,0.08902125995397792,0.07855232989336489,0.10581208714107955,0.08703381189332844,0.11260854570154841,0.1032511686507803,0.0933526482603929,0.12422289558168717,0.10624105586042887
7,7.0,7.0,0.09799781279361378,0.08919378190265502,0.0733200822047972,0.11276582009624406,0.08401003355723077,0.12177427698096954,0.10182297334694201,0.08742374922649328,0.12578261391523854,0.10590885597581537
8,8.0,8.0,0.09526843454652671,0.10074824418168322,0.0836030066909084,0.09777782496108306,0.08518253797196676,0.12364999929506593,0.10620349400229152,0.07562539734381571,0.12736252719385213,0.1045785338128061
9,9.0,9.0,0.09716093090620628,0.08972968693756145,0.07794997581434951,0.10407956010465702,0.08030984650968839,0.12249896383153655,0.1024226042459189,0.08424381299496768,0.12562255591258092,0.1159820627425329
10,10.0,10.0,0.09185117361921372,0.09105077625406817,0.08669506279712624,0.09963835088071268,0.07917687969162719,0.13112085322266648,0.10066384129488434,0.08512939807574305,0.1239420652979718,0.11073159886598591
11,11.0,11.0,0.09871604467606154,0.08788529154557354,0.08765114188237243,0.10430096249637581,0.08254054649443436,0.12864138100251774,0.0944931602142807,0.08055002429741046,0.13096325896752842,0.1042581884234445
12,12.0,12.0,0.09373090719416094,0.09326677904025395,0.08250770202148586,0.0901217723931628,0.0786641785317077,0.12672330324069536,0.10686060839228166,0.08203793768724252,0.13518489023988772,0.11090192125912104
13,13.0,13.0,0.09624888763762299,0.0911332407836228,0.0991975949669641,0.09534974345224982,0.07520238899182143,0.12682278706934422,0.09226307144085591,0.0838701497702601,0.13027303024655035,0.10963910564070785
14,14.0,14.0,0.1024645150198757,0.08223155648015948,0.07951308831741102,0.09959198806094421,0.07559076790264065,0.13666098821178957,0.09632209819595408,0.08604336880332927,0.1333855083605172,0.10819612064737838
15,15.0,15.0,0.10291457241831828,0.09371407312600301,0.08323420933160561,0.09063894221393134,0.08037189513026648,0.14061746808938186,0.09421352273771844,0.07744716372959928,0.12964469833555353,0.10720345488762169
16,16.0,16.0,0.09142940375341516,0.08036985724449061,0.08478842673283941,0.10708141265397142,0.07245796128388643,0.13252073756758603,0.10484937478928383,0.07539052212677175,0.14437912160499453,0.10673318224276034
17,17.0,17.0,0.09011340088611212,0.08841015665356981,0.08660386108161941,0.09849339979564709,0.07897483100023044,0.13492240155630694,0.10112965806060452,0.07373875150172347,0.1361198064202945,0.11149373304389118
18,18.0,18.0,0.10098811308313049,0.08112346335336773,0.0837687332029561,0.09053010254447037,0.07694759681709855,0.13374294642387338,0.10759311354646435,0.08646649857872216,0.13319813332661878,0.10564129912329753
19,19.0,19.0,0.08628567047398931,0.0897205120304588,0.09388749476707929,0.09884434568069266,0.07427715418520556,0.13396721548428964,0.09459834150858494,0.08565851917634229,0.13702931212624167,0.10573143456711527
20,20.0,20.0,0.08957892272011306,0.08870551384890626,0.08494929449659017,0.09492066261777493,0.07851119441665907,0.12811435263283782,0.09938128622076756,0.08792654061737475,0.1308996807520994,0.11701255167687655
21,21.0,21.0,0.09561026818048819,0.09705863717998692,0.09087519009210937,0.09062042110037385,0.07025919840640389,0.132909414986601,0.09669503527402265,0.08903133318576825,0.13731439873035003,0.0996261028638954
22,22.0,22.0,0.08874375094303512,0.09216903358066512,0.08917554323995419,0.09019537965538926,0.07470332790596276,0.1295313616549604,0.09807973979376972,0.08860483000657235,0.14215344649642983,0.10664358672326073
23,23.0,23.0,0.0952605224060997,0.08861533573354113,0.09370554287894357,0.10151991805252276,0.07234038656136382,0.1294121528230843,0.09907987959779274,0.08207408599452846,0.13609634898084294,0.10189582697128005
24,24.0,24.0,0.0896565106951567,0.08886257200198679,0.08012560549232878,0.1000493612561176,0.06957250916274944,0.1379248041801005,0.10005538400761901,0.0795083466780473,0.15014126823953444,0.10410363828635902
25,25.0,25.0,0.08727425066103144,0.09046754130876809,0.09398299794316181,0.09676076410265315,0.06862364598689435,0.13207848649946569,0.1000151652926943,0.08693889900809895,0.13760470568951205,0.10625354350771972
26,26.0,26.0,0.08112366669099415,0.08835932483136802,0.08949332238425309,0.1021990245044501,0.06862289978590363,0.13419677106344502,0.09415091406867884,0.07439544171782354,0.14473557853437832,0.12272305641870478
27,27.0,27.0,0.08883916497089164,0.0896480011767681,0.0805171814036224,0.10126067131176993,0.05762877493357961,0.14505210411106345,0.1059739497766504,0.07759627757948565,0.14028999654501498,0.11319387819115345
28,28.0,28.0,0.09440781115667561,0.09082600195817432,0.08656649795560258,0.10031146326757204,0.07642678698870993,0.13497440622759022,0.09277131059192455,0.07987751164365726,0.14153753099946903,0.1023006792106241
29,29.0,29.0,0.09477145113295628,0.08763281901856253,0.08211761060639182,0.09988631971076493,0.06979327501507648,0.1436344879262284,0.09972539509780397,0.07356925840175467,0.14157687195321644,0.107292511137244
30,30.0,30.0,0.08062218313573105,0.08543661385503457,0.07779287096841019,0.1028041863049616,0.07540535528499079,0.1362201603847594,0.10771181631419272,0.08829188099543031,0.14171014763389253,0.10400478512259641
31,31.0,31.0,0.09371261703140775,0.08612383696994433,0.0849303886781091,0.09171717780358815,0.06940619325069149,0.1413303110257533,0.08824286775220955,0.09551514096203875,0.1386798839933203,0.11034158253293684
32,32.0,32.0,0.08020950100792762,0.08185013397607235,0.08198500678022416,0.09468853630372956,0.08055148875446261,0.13569563221830147,0.10400006567682436,0.08824058099618312,0.1385926415442642,0.11418641274201005
33,33.0,33.0,0.09132872437997233,0.0837063735094557,0.09006946135805807,0.09030769140875797,0.07394109842808111,0.13853960118967296,0.09886653205238559,0.08903668210055124,0.13808487842261075,0.10611895715045379
34,34.0,34.0,0.08726587611807828,0.09361715809270761,0.08953530490167734,0.10038181506508681,0.06635227578852122,0.14445655228390814,0.08702468884570506,0.08944420353054282,0.1322681126884508,0.10965401268532149
35,35.0,35.0,0.08839724716621752,0.094640422480608,0.08734427572546352,0.089968293213466,0.0766844955323966,0.1397180891328147,0.08747447864239569,0.08529479057791094,0.1408900963199067,0.10958781120881986
36,36.0,36.0,0.08365984499799663,0.09022427074211944,0.0902956347260361,0.09627790716559624,0.06806632578988273,0.14194478640592426,0.10117623682840585,0.07707911924806918,0.1496797681640302,0.10159610593193898
37,37.0,37.0,0.0940341038882904,0.08835960261296794,0.09179377368736781,0.09490988064782144,0.07667234770472085,0.13739538329371148,0.09643225157008317,0.07229743553191745,0.14358434417359228,0.10452087688952671
38,38.0,38.0,0.08711428082851223,0.09183196319464204,0.08442784276024479,0.10098159876753403,0.07687933467544465,0.131424669936726,0.09055264010497852,0.08112268845352916,0.14172356535002184,0.11394141592836637
39,39.0,39.0,0.09779525117707046,0.0929964973166745,0.08849097163156021,0.0885961627142442,0.079155561446998,0.13131963585883197,0.09696329178472353,0.07675242351090658,0.1386980338121802,0.10923217074680994
40,40.0,40.0,0.08740499580544565,0.09089347309712467,0.08074082797722232,0.09853345844163303,0.06795356883591071,0.14406309771828066,0.10366627891195139,0.08195521685963043,0.14369474361318044,0.10109433873962015
41,41.0,41.0,0.09204004099106183,0.08440262374047126,0.0841118049263845,0.09852031858024216,0.06845615280232469,0.13659424561503158,0.09382010908208345,0.08116837943519348,0.14047541963508095,0.12041090519212565
42,42.0,42.0,0.08905477517932667,0.08897944188709032,0.10155825628370188,0.09500216691391652,0.06143445043330179,0.1343106732234874,0.09418899679784068,0.07819544756911159,0.14655082366340758,0.11072496804881518
43,43.0,43.0,0.09485779962383992,0.09644236034643212,0.09119911968269681,0.08391171276097453,0.07231770835205438,0.1384361168301889,0.09412246240910083,0.0829262614098681,0.13849011437806524,0.10729634420677885
44,44.0,44.0,0.08928808000717942,0.08914858022935128,0.07677856869440372,0.09006922355516339,0.07102491339950605,0.13537649238543994,0.09202231778462247,0.08426136763045156,0.14982824296864908,0.12220221334523251
45,45.0,45.0,0.08994776087629346,0.09510103010176404,0.09649763930565997,0.09967699558483557,0.0688111565459238,0.13602693945441,0.09266612453687001,0.08536351331681849,0.12827355115151345,0.10763528912591067
46,46.0,46.0,0.08943601460136577,0.09044980521251428,0.07737585681259215,0.09951655954640624,0.0782566595207012,0.14180935522423604,0.08876683953299397,0.08134564302798628,0.13913913407132136,0.11390413244988222
47,47.0,47.0,0.08752040238792885,0.08804672945900584,0.08024633201875697,0.09863932734564562,0.0716050127931327,0.13953115979933142,0.09575855403086234,0.08189719786828091,0.1458585956741641,0.11089668862289086
48,48.0,48.0,0.09655117690862601,0.09284704733087357,0.08990455328420441,0.0936775460037092,0.07287726256966828,0.13746345267670051,0.0920369054469647,0.0843225276869786,0.13350599083809508,0.10681353725417916
49,49.0,49.0,0.0865922046925102,0.08729610734202063,0.08461461347120455,0.08898807279202867,0.07765662913509812,0.14323750708575378,0.09440350440435248,0.08396601120610944,0.13573644841009558,0.11750890146082611
50,50.0,50.0,0.09168513431992756,0.09372980676018913,0.0791332737990602,0.09360128265404574,0.0770658965973951,0.13577181632716442,0.10188670918383272,0.07893866673820613,0.14275718406473722,0.10543022955544128
51,51.0,51.0,0.09229734187069846,0.08234447021474514,0.0887515495206957,0.09760980056350396,0.07735675640512396,0.13793856558303166,0.08718163826011102,0.0862318271794014,0.14488848028315598,0.10539957011953213
52,52.0,52.0,0.09740880175490393,0.0985296743663446,0.0780021043060963,0.09503278834034128,0.06354615511428119,0.13786860694847344,0.09438974842455457,0.07768273804838766,0.14398646320357467,0.11355291949304192
53,53.0,53.0,0.08208838903911628,0.09060068654041922,0.08377485473731605,0.10159603710556667,0.06936300139279641,0.13486892994795832,0.09341141220647123,0.08396707611983191,0.14584294899730424,0.11448666391321927
54,54.0,54.0,0.09016678490919251,0.10385611708476179,0.07787092167694407,0.09262614129828131,0.07015453249264808,0.14220787584567493,0.0934440753022379,0.07947674957266504,0.13204987206493665,0.11814692975265721
55,55.0,55.0,0.08794911264371649,0.09938239800108459,0.09122209066264814,0.09510404616843585,0.06608504667469522,0.1428315611216096,0.09560335482338303,0.07210501352502297,0.14519141319634427,0.10452596318305937
56,56.0,56.0,0.09307859149694585,0.09379887418737062,0.07886702403933307,0.09237855150940236,0.06835135275635373,0.13193855520704542,0.09373238634787964,0.08983095787947544,0.14250242138617547,0.11552128519001795
57,57.0,57.0,0.09468034031967912,0.09398852166283346,0.08828714641884759,0.10087716708863612,0.07189607364705311,0.1356500987670534,0.08737334946781188,0.08770036029309593,0.14277843551704072,0.09676850681794827
58,58.0,58.0,0.07990880117887128,0.09313717114956933,0.08114699812370126,0.09553265678256283,0.07202952251883377,0.13555235332801552,0.10551025435194661,0.08028486770372029,0.13971886132173741,0.11717851354104121
59,59.0,59.0,0.09002151900573334,0.09487216189975554,0.08166555588269211,0.09462865730360756,0.07139600250704595,0.13043128420760947,0.10086472256554242,0.08251109724639301,0.1446161380024134,0.10899286137920676
60,60.0,60.0,0.08885359195231536,0.09668237780476704,0.09360259871160352,0.09992385482818408,0.07055111243049568,0.13387171991483135,0.08349730180772211,0.08104901431976756,0.14703620853327928,0.10493221969703351
61,61.0,61.0,0.09585521027773415,0.09343714900649223,0.0896713680529953,0.09446646236240996,0.06815736983504714,0.13857539818435086,0.09418147249637579,0.07461991649051977,0.14383918585395478,0.1071964674401195
62,62.0,62.0,0.09261503526360586,0.09205078490568952,0.08585955680291593,0.10184517564543702,0.06647564503451786,0.13514599522794096,0.1002272169321891,0.0789471907531645,0.14354598225011714,0.10328741718442158
63,63.0,63.0,0.10244209584868738,0.10036594851344224,0.07348432070342982,0.09362897284515351,0.06313660909488243,0.1417762017099808,0.0917310106965527,0.08278909090936347,0.1470306513391872,0.1036150983393199
64,64.0,64.0,0.09710035057019119,0.0896405586302211,0.08772537341605843,0.09591412702684103,0.07171030891141877,0.13580356773500862,0.09735482092218775,0.07404407573420364,0.1392719295385239,0.111434887515345
65,65.0,65.0,0.08842514117242511,0.09882827937516456,0.08684750146412239,0.09669603167099025,0.07273132743244506,0.13770045314291995,0.09523754117986385,0.07643946449190969,0.1334485932930397,0.11364566677711903
66,66.0,66.0,0.09321148786148825,0.08982014077227883,0.08279416313363562,0.10047033539238255,0.06642132249736381,0.13546666223617965,0.09555858036320124,0.08668155507392813,0.1327771314374505,0.11679862123209098
67,67.0,67.0,0.09467118011508255,0.09578151585430095,0.08270775517493474,0.10005734336339331,0.06466759750986437,0.13498085558470413,0.10554401740090202,0.0733417675048879,0.13958872267048641,0.10865924482144321
68,68.0,68.0,0.0955182284679279,0.0997634682047651,0.07417458955817445,0.0960999617999241,0.06780399243515083,0.13534578623357035,0.09680961804342972,0.0716111717477504,0.15355153487903284,0.10932164863027394
69,69.0,69.0,0.08464442105520498,0.094442654930406,0.0817232172041367,0.09369027144329015,0.06842253645997246,0.14314982287447975,0.10636353053948781,0.07858609711021218,0.13719903400506656,0.11177841437774298
70,70.0,70.0,0.08947251796051926,0.08931686296120055,0.08754784003370569,0.0889310562388318,0.0747519331933625,0.1445867534170135,0.09810960093760195,0.07956316322888368,0.13772314983559047,0.10999712219329012
71,71.0,71.0,0.08721365036013158,0.09098351868973012,0.09664013924460511,0.08800137997535523,0.07025407118766094,0.13757860482806866,0.10103715105257786,0.08153871716562093,0.13005418859264448,0.11669857890360458
72,72.0,72.0,0.08772330375211286,0.0949325817404671,0.08348468917861418,0.09518747474533217,0.06496991500464572,0.14060167556032416,0.1092608841565477,0.07398063015360398,0.1377027312531071,0.11215611445524457
73,73.0,73.0,0.08658380650720451,0.09007550906732259,0.08178228821246927,0.10537776248728944,0.0657623644738303,0.13925058485730013,0.09505662669767206,0.08106906745694989,0.13802772117543718,0.11701426906452413
74,74.0,74.0,0.09728018918670642,0.09229866398600682,0.08286687502030661,0.09703690086861409,0.08173716762202846,0.13730908035668338,0.09661865277395353,0.0806072202398231,0.1277132015864059,0.1065320483594713
75,75.0,75.0,0.09232917461706583,0.08818854201199315,0.08458431306702527,0.09929526837537522,0.07307801437913933,0.13240612607965402,0.09545062443748527,0.08039477548498139,0.13855599646416472,0.11571716508311522
76,76.0,76.0,0.09899889459023903,0.09701101530624234,0.08053127159845942,0.09871097468246431,0.0680582846899251,0.13073188746268488,0.09483915053512604,0.07771531631619696,0.13814169906804846,0.11526150575061303
77,77.0,77.0,0.09227564026920512,0.09044859391253227,0.09796150362996911,0.10494898337908401,0.06255852604622536,0.1467361731899537,0.0848644317831795,0.07264659243685313,0.1387794838561118,0.10878007149688543
78,78.0,78.0,0.09170129836953503,0.09884987311688018,0.08422123828629455,0.09965110804510487,0.0694955504942448,0.1333860032646185,0.09454232941764679,0.06959054652499863,0.14658487110879798,0.11197718137187822
79,79.0,79.0,0.09380891389544364,0.10067744448207856,0.0866265698725193,0.0905763689408968,0.06388299328923241,0.13752965565533387,0.09547743484882917,0.0808713555757995,0.1355374831498674,0.11501178028999888
80,80.0,80.0,0.09530304252084562,0.09183059062460106,0.08411013164412647,0.09905396687808884,0.06587991616960323,0.14579005580702334,0.09421182824044813,0.08225404114596781,0.13052130623805622,0.11104512073123884
81,81.0,81.0,0.10011386799515902,0.09468182207091012,0.07493839223816395,0.09095028503773696,0.07005903223909739,0.1396239540053124,0.09305444961105615,0.08273912263163263,0.14397668385098686,0.10986239031994412
82,82.0,82.0,0.08868689690387697,0.08600546755617752,0.07975137913658946,0.1017283664109229,0.07688268717658722,0.13986950854485686,0.09891341323593471,0.07824475505234885,0.13996193909722798,0.10995558688547706
83,83.0,83.0,0.10738013527130144,0.09431836520105281,0.09443638020480509,0.09849777524635123,0.06766370230335486,0.13164910243031708,0.08621258375463633,0.07326779522431592,0.13530541826945527,0.11126874209440954
84,84.0,84.0,0.0908828126581374,0.09302771240190384,0.09200448933425562,0.08577278640384144,0.07680982061662638,0.14043291244444095,0.09488047142397607,0.07422404865558137,0.1443013751622515,0.10766357089898496
85,85.0,85.0,0.0912214850157296,0.092942790455117,0.0865112363780077,0.09640993677304624,0.05375830881946732,0.14490751617560582,0.09723323898288795,0.07484793415609917,0.14690951051497042,0.11525804272906844
86,86.0,86.0,0.08949757267121645,0.09394414259855796,0.08051610437444601,0.10260756533007802,0.06471176434337608,0.13290575619013875,0.10196523378404956,0.0748113270448662,0.15025848857792096,0.10878204508534947
87,87.0,87.0,0.09590524364967071,0.10144322066454985,0.07248456450857517,0.09986313548122065,0.06789646939123875,0.13541724366191596,0.09811311335609547,0.08166540756045686,0.13793956212340874,0.10927203960286738
88,88.0,88.0,0.09724258721473264,0.09858399093952272,0.08511458174413991,0.09714705607752519,0.06465048401077783,0.14218345850128125,0.09070607111662317,0.08079781175698256,0.14410296184250176,0.09947099679591252
89,89.0,89.0,0.08968534851636172,0.09328832423101366,0.08868294173793327,0.0930683331542053,0.07183937451777431,0.15180332615193742,0.09652293618440431,0.08213825167077488,0.13018659728868942,0.1027845665469052
90,90.0,90.0,0.09277686399915024,0.10556266799928529,0.08898882691712716,0.09053088421531857,0.06945160208016436,0.14430309077454334,0.10376563917426825,0.06957294192879826,0.1281959075887029,0.10685157532264114
91,91.0,91.0,0.09600022601288546,0.10102624415671388,0.0861755350589128,0.0968052314709562,0.05842893013371612,0.1335067393243481,0.08918695393461354,0.0819823972853311,0.1437772269595496,0.11311051566297274
92,92.0,92.0,0.09254811413892008,0.09137325199831117,0.09342897109622111,0.09362904191571984,0.061887897985914486,0.13950169054033273,0.09062724663174626,0.0867819181493695,0.14392722317713733,0.10629464436632692
93,93.0,93.0,0.0858605664497307,0.09882438061822207,0.08911299180629297,0.10003781587560541,0.07023142425425948,0.1388289859906717,0.08873275076682119,0.07386159700792333,0.1434727935378038,0.11103669369266889
94,94.0,94.0,0.08683233213172246,0.09225481088029969,0.08528988107655827,0.09519420972111041,0.06502428716166458,0.14073945750595396,0.0989389391900702,0.07415287585050243,0.1396760481020062,0.12189715838011136
95,95.0,95.0,0.09011369694541525,0.08889391963506624,0.08454132651113663,0.09736615619008741,0.06880563004447098,0.14587786151848198,0.09884312819805706,0.07059116022315545,0.14460649421971122,0.11036062651441733
96,96.0,96.0,0.09009376120693174,0.10178874954901895,0.09757272161878346,0.09119675626875445,0.06875214346815377,0.13717150365157732,0.0945030560934796,0.06853893597279842,0.13490695431926272,0.11547541785123919
97,97.0,97.0,0.10569796764301179,0.09011127242930436,0.0776100417499898,0.09552347302464184,0.060588391192143445,0.14046810789464384,0.10233793592777682,0.07479279779138158,0.1376340753876824,0.11523593695942362
98,98.0,98.0,0.08579426329361253,0.10017378166469652,0.08798469088803237,0.09604363145869296,0.059253088755850905,0.1423518523973714,0.10177200116486103,0.07259940503751186,0.14848443700119224,0.10554284833817773
99,99.0,99.0,0.09403432779114407,0.09299374583137819,0.0830374027397832,0.09953793395081303,0.072986260090151,0.13746600826577288,0.09585883548755805,0.07960119910129962,0.14451426683356045,0.09997001990853906
100,100.0,100.0,0.08612868624299794,0.09932333765245006,0.07916073966646647,0.08997887946103272,0.06747908435258058,0.14124656188387713,0.10474883488976083,0.07741369373025589,0.1395018473476184,0.11501833477295946
101,101.0,101.0,0.09178932741937731,0.1042252900824772,0.0869210078130965,0.09159468040997802,0.06958920441171058,0.1420821129846606,0.09053927292052692,0.07434816343443643,0.14155519648515807,0.10735574403857784
102,102.0,102.0,0.09748390778345409,0.08722823845252668,0.08858201490688575,0.1002041908029216,0.07306690528696716,0.13826130121022057,0.08714586148696277,0.07229108317906,0.1466446448952337,0.10909185199576721
103,103.0,103.0,0.08682133038659466,0.10206439536254916,0.08426291954888032,0.0849436172104731,0.05935467708041864,0.14949884138236785,0.09666715519803704,0.07605765716120397,0.14968701408999663,0.11064239257947821
104,104.0,104.0,0.09674554691933997,0.0931919805838735,0.08229655382224371,0.09907769687517695,0.06976220684801325,0.13872090676797863,0.08747244798822293,0.0773418166103911,0.1436321971402201,0.11175864644453945
105,105.0,105.0,0.09724893995115332,0.09282073178459035,0.08516228108762412,0.09236246146093348,0.07558610968468718,0.13077683968030973,0.09907357479936821,0.07630059432552797,0.13870114166056363,0.11196732556524162
106,106.0,106.0,0.08624419256232349,0.0902518978383157,0.0853751516817224,0.10822976356342653,0.06308664814309686,0.1393999727532251,0.09749123734624518,0.08522279317824347,0.13850605484961237,0.1061922880837886
107,107.0,107.0,0.09384486623346887,0.08282626453698769,0.08944581697414801,0.08719984694138093,0.06835825752025461,0.1372805239341707,0.10459455061194453,0.07537140806412317,0.1554501728709646,0.10562829231255651
108,108.0,108.0,0.09594226075406118,0.08713763923405661,0.07914387502066038,0.09260778641749733,0.06954365321399757,0.1487134204422299,0.0861688310643628,0.06905057696101682,0.15487167185298048,0.11682028503913658
109,109.0,109.0,0.09536937080412435,0.09811123183328954,0.07650004507538624,0.09485928819440896,0.06837487388780997,0.14605487667414624,0.09833180724932382,0.06321488514697374,0.1486987246569033,0.11048489647763338
110,110.0,110.0,0.09038642580254606,0.09118945503735718,0.08104118895266871,0.09592394468685174,0.06894264478093369,0.13869331486958272,0.09784272013641851,0.08134487489290756,0.14104871546570388,0.11358671537502948
111,111.0,111.0,0.09600696107418556,0.0872046573911771,0.09248759142042726,0.09232119258690046,0.06933610216559553,0.1409385590917374,0.08280156375701753,0.07602514639067427,0.14978192163853618,0.11309630448374822
112,112.0,112.0,0.09515806949579658,0.09617821090767703,0.08683972074468883,0.08821034633025175,0.0659957236799837,0.13974713148267284,0.09254975623813384,0.07293508749917878,0.14670211626743085,0.11568383735418533
113,113.0,113.0,0.07902281429751487,0.09820326550015154,0.09598290821613678,0.0799007489390072,0.07036006387984202,0.15471949621138278,0.09895271589192625,0.0646116676797274,0.14884333106479358,0.10940298831951707
114,114.0,114.0,0.09644726305914057,0.0790189752121187,0.08682252785708287,0.07912404754082962,0.07274395334648384,0.14408979644977638,0.09410345403001864,0.07682551108199509,0.14627304272648556,0.12455142869606824
115,115.0,115.0,0.08454052215722649,0.09241830079465999,0.09499597715846937,0.10358038073925728,0.06549189159398192,0.14372989543543283,0.09669643722956614,0.06684348666306401,0.14182984881501176,0.10987325941332982
116,116.0,116.0,0.0936405809916607,0.09735331728070563,0.08896483980105498,0.09163379376874464,0.06650865604847292,0.14373755872261088,0.08991472204531119,0.07982417881196842,0.13957754671456266,0.10884480581490755
117,117.0,117.0,0.0895354213659926,0.08181109460028992,0.09396358896587556,0.09154313865684136,0.06662736919702397,0.13986829627454406,0.09752327797097643,0.06484909147280742,0.15755398278284502,0.11672473871280324
118,118.0,118.0,0.0953442586093872,0.08442090401587153,0.09643927754166684,0.08118282787652328,0.06680124627234897,0.1493035663775569,0.0917857954693599,0.07585802297102573,0.14568646634006654,0.11317763452619263
119,119.0,119.0,0.08981574570718212,0.09469532100403281,0.0871876573709485,0.10597741581822226,0.06877392095200077,0.1498918591646337,0.07586586679003939,0.06914625293481329,0.1546325708021936,0.10401338945593311
120,120.0,120.0,0.0833049051023903,0.09449368423744083,0.08753216263702629,0.09345894152401638,0.06455634853565198,0.14923536937881404,0.10235076642523919,0.0802845840336497,0.14066959925160102,0.10411363887416977
121,121.0,121.0,0.09329573565991747,0.10224590846670138,0.09272725002630013,0.09713487939452116,0.05872004593591568,0.13178906548863678,0.08918927019925829,0.07748860887618184,0.1477576380800753,0.10965159787249154
122,122.0,122.0,0.08984231156882977,0.08720934631404038,0.08385077449816719,0.09319018618068653,0.05352811516029467,0.1422366850949008,0.09991171502617013,0.08350690663360984,0.15355718700748236,0.11316677251581793
123,123.0,123.0,0.08455539206357744,0.0907738098040836,0.08853730076930576,0.08976371391859614,0.057772858018797925,0.13688121682091098,0.10149369179753584,0.0728038273833603,0.1557863278924227,0.12163186153140877
124,124.0,124.0,0.09737776582441393,0.10178715463795167,0.07316172842967342,0.09291012601594041,0.06659258280045148,0.15362982595521057,0.08718803220349039,0.07438559135095266,0.1471305097929147,0.10583668298900026
125,125.0,125.0,0.09524417599565052,0.09706274587175048,0.07798019848726959,0.08404164463561975,0.06813060696732195,0.14686855569465135,0.09179146321166333,0.0746249374533464,0.14961877974257587,0.11463689194015023
126,126.0,126.0,0.08375932601132757,0.09637763539924854,0.08902288956329549,0.09772121058787249,0.06285539596553623,0.15043869996203793,0.08914165557636901,0.07439821092377749,0.1488881772631102,0.10739679874742465
127,127.0,127.0,0.08924557699371825,0.09495684368066423,0.0860239386493321,0.09181158250635156,0.06099490733824072,0.13428659862455888,0.09588458836832679,0.07331529241107226,0.1573316806675849,0.11614899076014992
128,128.0,128.0,0.09115394899370731,0.09895215951148267,0.08552389057424045,0.09183141887016108,0.052354889579516284,0.14547616420700688,0.09704275858378342,0.07325026689851122,0.14284022655795878,0.12157427622363146
129,129.0,129.0,0.08635473707430938,0.08780144771690297,0.08849211391370652,0.10104079053075168,0.061037618799228366,0.14683468207032863,0.09199654895986727,0.07703424972704839,0.14205407584878244,0.11735373535907397
130,130.0,130.0,0.09395900391648662,0.09815656892019711,0.10460896404384006,0.09222260623241318,0.05786801151494579,0.14715718768000374,0.08205751239326683,0.05931953236199987,0.14856278937355832,0.11608782356328802
131,131.0,131.0,0.10161686602961026,0.0946862255801362,0.085889460295769,0.08855859245111479,0.06396319427711301,0.15173029777419603,0.0847935422310628,0.06503516976812551,0.15861704181394048,0.1051096097789315
132,132.0,132.0,0.09192320819466555,0.09049798950503138,0.0920578014015307,0.0950103211994424,0.05041845143198961,0.1443829555717399,0.09943153376455824,0.0662757799274867,0.15214019246164967,0.11786176654190547
133,133.0,133.0,0.09736325197734222,0.08875605875584927,0.0882756990681936,0.08889181720269324,0.06241072866624573,0.15315922524887807,0.09478323597443435,0.07813131120415716,0.1375430074773108,0.11068566442489516
134,134.0,134.0,0.09245849810752357,0.10277662001433636,0.0982126031991629,0.08739117788603379,0.06871556976692575,0.13968395674503514,0.09449119988624387,0.0688987072568052,0.14078590006217961,0.10658576707575329
135,135.0,135.0,0.09679070294562345,0.09938743090433338,0.09471704903398973,0.08583624075582187,0.05187421606526158,0.15820512679664575,0.09913719503426925,0.06035587690020132,0.13713282107548808,0.11656334048836517
136,136.0,136.0,0.08469247320080049,0.092558836147711,0.08034936501922373,0.09870605572462195,0.06949929319175144,0.15209667347691186,0.08791304495588047,0.06850365366701408,0.15326921746132843,0.11241138715475611
137,137.0,137.0,0.11323173708029555,0.08519680405430714,0.09726529930037303,0.08278839835465557,0.05747800299721327,0.14312470961474247,0.09211841957624782,0.06839988652057039,0.15013969564871799,0.11025704685287638
138,138.0,138.0,0.09460365375508809,0.09601734448338292,0.09406083818029562,0.07268388847691346,0.05936061567097621,0.14356125536985404,0.09946720012627842,0.06822998789049703,0.15773166587074086,0.11428355017597303
139,139.0,139.0,0.10993938861456451,0.09834137731004786,0.099941174463774,0.09060972219884736,0.060231518471925746,0.13018720041984283,0.09524685315781081,0.0646633034199954,0.142116451054157,0.1087230108890341
140,140.0,140.0,0.08849036831617965,0.09462448228072003,0.09699197743502429,0.08614624329446408,0.057523101021060875,0.14496817431279221,0.09578916406903476,0.0696703519540381,0.15125755999758855,0.114538577319097
141,141.0,141.0,0.08408549905955506,0.09468044525278031,0.0868492453253257,0.08857139874797262,0.07071586637522174,0.14969446425928407,0.07908354666242383,0.08012257170146021,0.15360469368109975,0.11259226893487624
142,142.0,142.0,0.09843425064636332,0.09261276822817835,0.08297250261005325,0.0893667413474117,0.05943448092180642,0.14483812631270737,0.09850379651603533,0.05992736978980793,0.15410715532418492,0.11980280830345089
143,143.0,143.0,0.10273091353966624,0.10176178688509226,0.08537414810760799,0.0878344817653306,0.06270156064111525,0.13724468364351972,0.09304710771781427,0.07162622207290772,0.15109728553214602,0.10658181009479954
144,144.0,144.0,0.07716212025241241,0.08874415203975275,0.08446352731397008,0.08913489541532574,0.062307864470627784,0.14606015388233226,0.09962296168349598,0.07614903177825047,0.15250313897934537,0.12385215418448665
145,145.0,145.0,0.09547847909941042,0.09397014106912785,0.08616430711893633,0.09684209377560422,0.05948049047719943,0.13227036534087958,0.09116469064977308,0.06852177644525975,0.15490038181223525,0.12120727421157373
146,146.0,146.0,0.09813650263158047,0.07731124012784768,0.09125166040094915,0.08264967092010299,0.06315800240877745,0.15226570168082249,0.09955989225490568,0.07539472324612312,0.14978474765765465,0.11048785867123587
147,147.0,147.0,0.09428259400707545,0.09763410606451699,0.0831088826643971,0.09572021623822008,0.056360264301483144,0.15098925776128208,0.08773568847031585,0.06134996363836557,0.15135384922619427,0.12146517762814908
148,148.0,148.0,0.08565491998915423,0.09538453524339793,0.0952884762067904,0.09538276521747165,0.05609856604462273,0.14938760657270164,0.09657652346382892,0.06517048059216693,0.14828707383179895,0.11276905283806622
149,149.0,149.0,0.09074323596278921,0.09138156293249153,0.09190169058865866,0.09236526477435543,0.04617055467577787,0.15585254257957148,0.09329105687081488,0.0676451584916554,0.16244524491647655,0.10820368820740851
150,150.0,150.0,0.08636226871616419,0.10833075343507062,0.0949267243559774,0.09491709428175764,0.04932147189492353,0.150284539592883,0.10069739755449322,0.05860853885881149,0.1391981157078351,0.11735309560208333
151,151.0,151.0,0.09552385715816672,0.09375207180800728,0.08513202245928486,0.0819503456853258,0.06084623989180987,0.143248800468039,0.093404169180328,0.08063302096770575,0.1494214462976407,0.11608802608369159
152,152.0,152.0,0.08043018405920632,0.09081591102695347,0.09453930860620853,0.09137700405474525,0.06869782257012177,0.14391390699068693,0.0969233355371566,0.06098540206992441,0.15305225032431716,0.11926487476067907
153,153.0,153.0,0.08939265344059574,0.09284341487770478,0.09251854654012336,0.07943155816498934,0.07156947966770569,0.14759947138130333,0.10234782046472216,0.07787568266106491,0.13966225818459535,0.106759114617195
154,154.0,154.0,0.0911159100548927,0.08497001994814689,0.08681329164989288,0.08776960117589737,0.06417763541936052,0.13710750627900584,0.0996283526668478,0.07289177141552258,0.151822625739177,0.12370328565125592
155,155.0,155.0,0.09411088070092054,0.10461760606483121,0.08871971511880314,0.09510300777562562,0.06271268473374936,0.14234890626280927,0.09944483465799724,0.060430554551593504,0.1422716345056886,0.11024017562798108
156,156.0,156.0,0.08883710633136284,0.08919705133372621,0.09601526675627339,0.08638708550016383,0.05878525963036496,0.14897603713888397,0.09030483150534913,0.07415726075191714,0.14643660633870534,0.12090349471325271
157,157.0,157.0,0.09155626900032107,0.10172215502952635,0.09499832070749356,0.07953632055499953,0.05721754779606904,0.15174360265818743,0.09308654520500892,0.072581482508134,0.13670008520207563,0.12085767133818406
158,158.0,158.0,0.09334138551628937,0.08970731541723116,0.09661512695440673,0.08994014843430881,0.06441461400631061,0.14652998072360252,0.08240438911159695,0.05805297215684595,0.15945238309080215,0.1195416845886054
159,159.0,159.0,0.07864400078846685,0.08902383609589573,0.09012734464096576,0.07653571192578792,0.07237646895325388,0.1523118798814668,0.09132064232082401,0.06899581770041978,0.15650944416737528,0.12415485352554359
160,160.0,160.0,0.08753184129682702,0.10449207268142664,0.0935826052535637,0.0883492676905951,0.061784679299737154,0.15375237322859153,0.09348312500011935,0.07200993426932913,0.1403697476005655,0.10464435367924448
161,161.0,161.0,0.08184394950773281,0.09332439879479393,0.08572656472506816,0.08926610289783801,0.062291361192398545,0.14936890366834724,0.09749583114488486,0.06619335018778424,0.15112664629939052,0.12336289158176128
162,162.0,162.0,0.08777143240324611,0.08208605004258859,0.08410194503884495,0.0884412794595847,0.05531243076475576,0.15006591910279965,0.09835293210847293,0.06771311413404726,0.1693327906263309,0.11682210631932868
163,163.0,163.0,0.0904075814372086,0.09311408305122601,0.09069534418517437,0.0914002550045662,0.05827764252516312,0.14512171381988617,0.099818777128154,0.06514379545168628,0.14920076320424935,0.11682004419268548
164,164.0,164.0,0.0816078347717081,0.09180599589992977,0.0748578693703707,0.08397051698611707,0.06161074807725001,0.15241014837346395,0.09917824906961051,0.07104971663361981,0.15809963543424102,0.12540928538368862
165,165.0,165.0,0.08974422863572869,0.10176618411043925,0.09207374103847252,0.0897166591952375,0.06673406706922828,0.13639539730722278,0.09430249484298894,0.05995665805737923,0.1552434320524924,0.11406713769080998
166,166.0,166.0,0.08780509811801432,0.09180483048826368,0.09472424938407278,0.08980810656794135,0.06450440387660186,0.15047819128217332,0.08807863803801882,0.06086210632281651,0.1553178878339069,0.11661648808819
167,167.0,167.0,0.09155813819854722,0.09266488632288927,0.09312812122381925,0.08931462151523559,0.06129455730132577,0.1525330165085344,0.09786361062069363,0.06269641769251336,0.14334922041843456,0.11559741019800655
168,168.0,168.0,0.08682059763383218,0.08440095971675535,0.09635152716473919,0.098913626588109,0.06454514709859727,0.14279818523304322,0.09171404735216968,0.07938362590958432,0.14139871854126432,0.11367356476190507
169,169.0,169.0,0.10002363156202901,0.10150411843854526,0.0818657178312038,0.09173371175263098,0.05376241028912647,0.1415680084608462,0.09355412345927551,0.06957014278576515,0.15579112420173857,0.11062701121883858
170,170.0,170.0,0.09280433078265952,0.09802713866816401,0.0903900063649044,0.09424591662696795,0.07286930452966026,0.15560728323468842,0.08373619800496249,0.060385396137518935,0.14635251601783145,0.10558190963264213
171,171.0,171.0,0.10062093430548542,0.09516110708282643,0.08625639092067658,0.08894183241004942,0.06288771011999661,0.1426232437299589,0.08638433902768865,0.05885442838339937,0.16033764915666998,0.11793236486324812
172,172.0,172.0,0.08964316317121271,0.09552260822998096,0.09150162865187254,0.0924555431072411,0.06034015567949432,0.14689106151616924,0.0870678966331829,0.07951875725296166,0.14285392708186548,0.11420525867601865
173,173.0,173.0,0.0889966797479507,0.0982950998048547,0.08647923237927706,0.0944226100754062,0.05336001918460605,0.14683724238426313,0.0971077601687061,0.06593596531661113,0.1571549547357037,0.11141043620262077
174,174.0,174.0,0.10069623252102274,0.08329764177568354,0.09032828068452572,0.08681803508393564,0.05787922501333058,0.14426957337555388,0.08956152632694453,0.0772489692330046,0.15596598430980296,0.11393453167619536
175,175.0,175.0,0.0992591349732351,0.09935322045186971,0.08939124045547013,0.0875035720936824,0.054706097223686675,0.15420175407613038,0.09018217553369602,0.06027726688084327,0.13798517238292993,0.12714036592845596
176,176.0,176.0,0.09093698261034015,0.1016361419949325,0.08704287300618177,0.08952555228246285,0.059891595446048426,0.14398311568164318,0.09582383583940633,0.06978547700051027,0.14809800765797498,0.11327641848049912
177,177.0,177.0,0.09908417373298103,0.09763237009835947,0.09189651927834404,0.08914449702899026,0.060167878960706654,0.14804946165152671,0.09620326765310755,0.06879377091442243,0.1438266760625755,0.10520138461898595
178,178.0,178.0,0.09285089957488259,0.09611953908103393,0.07835042614373029,0.11060373547725844,0.06046757268105215,0.13884887354965667,0.08863456005337451,0.0664824661259913,0.14941840341947848,0.1182235238935411
179,179.0,179.0,0.08681894368700291,0.09052931572088377,0.0890322572436678,0.0977198061643611,0.06046829988262179,0.14820551840627075,0.09724991007060017,0.06645084723433035,0.1519256466171402,0.11159945497312074
180,180.0,180.0,0.07760884615003502,0.10651180073022222,0.09102256530687389,0.09376648434954613,0.061870586359322396,0.14358468313674652,0.10504419683648872,0.06508828693934986,0.14131589603586453,0.11418665415555022
181,181.0,181.0,0.09010138107542996,0.09032755864913958,0.08584091086855514,0.08010659310653667,0.061300493596631145,0.14331042694436116,0.09656983677747219,0.07703580427297074,0.15217914199173205,0.12322785271717099
182,182.0,182.0,0.09358789414243855,0.10084737497816573,0.08963191906680743,0.0777892075919328,0.05217154894707624,0.14683350821470878,0.09619014010892056,0.06658226431275269,0.15089077081336516,0.12547537182383153
183,183.0,183.0,0.09045454510348715,0.09548089170747473,0.10307095652688074,0.08084015748667145,0.06473602807888106,0.14819219756650934,0.1027834969372869,0.06511369161100443,0.1471999332203085,0.10212810176149534
184,184.0,184.0,0.08112137321427003,0.09787748605027584,0.0880286584037569,0.09913203654506278,0.060913232539817785,0.14644214430401234,0.10139081041460266,0.06788887032177747,0.15093390349138364,0.1062714847150402
185,185.0,185.0,0.09561902616656304,0.0980110413542961,0.0905677007057616,0.09507487173361448,0.06491582876923968,0.14744641239680745,0.09296116563641747,0.06984335367418178,0.1461440844948835,0.09941651506823443
186,186.0,186.0,0.0918856783898241,0.10700949319882931,0.1007103590604919,0.07956538964041052,0.052543824042355816,0.14876256547632857,0.09282107476932583,0.06301893680167431,0.14687510546598065,0.11680757315477852
