,Unnamed: 0,Generation,Intertwine_two,Add_vertex,Delete_vertex,Invert_path_vertices,Insert_inside_vertex,Delete_inside_vertex,Replace_inside_vertex,Donate_between_routes,Trim_one_terminal_cb,Grow_one_terminal_cb
0,0.0,0.0,0.10000000000000002,0.10000000000000002,0.10000000000000002,0.10000000000000002,0.10000000000000002,0.10000000000000002,0.10000000000000002,0.10000000000000002,0.10000000000000002,0.10000000000000002
1,1.0,0.10900000000000001,0.10098347481848881,0.09988069670458777,0.09759812109987337,0.10068918849631152,0.0998491289989936,0.10052442072523209,0.10090781698302508,0.09868442255622663,0.10036791243178932,0.10051481718547202
2,2.0,0.31601,0.10168728821677119,0.0994961359669711,0.09580332754261485,0.10117637807518967,0.09901536197717821,0.1015524961455338,0.10173405708406918,0.09728985133449239,0.10117649488162496,0.10106860877555485
3,3.0,0.6191589000000001,0.10168419946445933,0.099868298484582,0.0938501071446301,0.10186427012365873,0.09836250968811239,0.1027141997345879,0.10217693384370094,0.0962887621780606,0.10202881194471185,0.1011619073934963
4,4.0,1.015801321,0.10209427607341255,0.0999863347234654,0.09215241613282477,0.1026663618903429,0.0970225054841765,0.10349764471893586,0.10323611908531978,0.09484829837024951,0.10275686987624966,0.10173917364502316
5,5.0,1.50262148669,0.1019250555127196,0.09981607019519312,0.09114584370143985,0.10312897541586347,0.09580212607615779,0.10455530888695855,0.10382353099875288,0.09323064869025764,0.1042948198312306,0.10227762069142651
6,6.0,2.0757334209441005,0.10189293160661278,0.09871986441808638,0.089139306970505,0.10366030108116878,0.09458835912789185,0.10572795681239064,0.10408931842936898,0.09267427949153424,0.10663986342307297,0.10286781863936836
7,7.0,2.7307768275633495,0.10165349431870489,0.09765354536891695,0.08670432937303546,0.10485538533605912,0.0931180455684971,0.10776871896211322,0.10417732608875377,0.09158744099698181,0.10908220481067238,0.10339950917626528
8,8.0,3.4630081252450404,0.10112850611962818,0.09776470681790467,0.0854072995122416,0.10451126599954619,0.09182093368640275,0.10993303270846175,0.10467104152031691,0.08938781424591198,0.11160530747841887,0.10377009191116708
9,9.0,4.2673862119061114,0.10078666566069608,0.09679273177121922,0.08365662662165792,0.1047643977006573,0.09009987988914564,0.11190298119968853,0.1047526209579062,0.08813236756604337,0.11385967494841792,0.10525205368456778
10,10.0,5.138652627782014,0.09991177617141304,0.0959794327125164,0.08289846321033718,0.10454124693330288,0.08833973445601355,0.1146440836072241,0.10462686598951325,0.0870521385165284,0.11583818541959778,0.10616807298355335
11,11.0,6.071405875792507,0.0997302567112211,0.09488162852424992,0.08234969004454104,0.10475764344372429,0.08700034169883152,0.11702789624814566,0.10385698816295293,0.08560276758972381,0.11840200300939906,0.10639078456721056
12,12.0,7.060169740244025,0.09905823332850669,0.09436179013449136,0.08139446472761415,0.10352991448330878,0.08536265346905106,0.11909765469633657,0.10430720465736203,0.08439659766165974,0.12125721452703743,0.10723427231463203
13,13.0,8.099455520847952,0.09865193706706647,0.09366963164710318,0.0822148836098665,0.10281367410394207,0.08347557035888659,0.12104664216801683,0.10327817984453683,0.08347067933495969,0.12347499565070673,0.10790380621491494
14,14.0,9.183818168183006,0.09888380267570111,0.09213115666947268,0.08115463705250928,0.10251864291686455,0.08173330163714983,0.12384231245578689,0.10264780910446716,0.08285866944858955,0.12585022681936422,0.10837944122009452
15,15.0,10.307906369102724,0.0991732945867583,0.09179578485229645,0.08055611176495626,0.10132854371523428,0.08058194717300424,0.12688225046009918,0.10180636078349577,0.08148008703703083,0.12768920668407113,0.10870641294305333
16,16.0,11.466506686239443,0.09832273321853505,0.09017871151142366,0.08019964172194842,0.10179480546275801,0.07875223425020782,0.1289458737880935,0.10203671411932028,0.07999336947327092,0.13083728580576626,0.1089386306486758
17,17.0,12.654581904800096,0.09735669440575262,0.08942928690287676,0.08010624996822828,0.10140850582160908,0.07769423686166223,0.1310790498199554,0.10190018705539404,0.07844411812991717,0.13298004385481416,0.10960162717978995
18,18.0,13.867303782456686,0.09750229775875388,0.08801594412267126,0.07980366071314773,0.10023535535919775,0.07655212173504368,0.1329193962527513,0.10241595295649851,0.07827551296231672,0.1346477564152445,0.10963200172437434
19,19.0,15.100080434523047,0.09619795466878465,0.08753471568050238,0.08058285726488564,0.09991389172850251,0.07526112860871824,0.1346063704500204,0.10163243666960425,0.07812488022740238,0.13651731936870787,0.10962844533287129
20,20.0,16.348578617037543,0.09525424827047678,0.0870219682278947,0.08052336050942277,0.09922151069410692,0.07451279907393557,0.13553296939276016,0.10133522553100749,0.07829144929957213,0.13759208281698598,0.11071438618383711
21,21.0,17.608741195130214,0.09495129380253356,0.08741264330986598,0.0811066623289298,0.09812533513064746,0.0730540868450329,0.136772228509003,0.10077957101849352,0.07864819163454227,0.13913391769761252,0.11001606972333863
22,22.0,18.876800103462312,0.0939985728014189,0.08737175046240914,0.0815593545589024,0.09702122383873275,0.07215770990459008,0.13751112824523348,0.10037710705176095,0.07903044083360808,0.14098727867711175,0.1099854336262321
23,23.0,20.14928511992658,0.09374025282813833,0.08702754994616815,0.0824959394165872,0.09709171907388943,0.07114013270374538,0.13808441945875058,0.10009192978952403,0.07881713460329257,0.14206125548529552,0.10944966669460846
24,24.0,21.423028783545156,0.09296256637687114,0.08675837096626957,0.0820929680844656,0.09705239109567626,0.0699595280216999,0.1393649240202609,0.0999227001925761,0.07840115457827283,0.14437267747348556,0.10911271919042177
25,25.0,22.695167792966423,0.09199136201050098,0.08669764882539614,0.08309635950471811,0.09671810590154237,0.06879822730168396,0.13991834515915513,0.09976769852198093,0.07878089970975799,0.14525698691551484,0.1089743661497492
26,26.0,23.963141223515898,0.09045504857026941,0.08646987617570376,0.08365931061143891,0.09696150184901267,0.06775123622042264,0.140549854053961,0.09904424656375087,0.07794990459205049,0.14668942988556777,0.1104695914778221
27,27.0,25.224685898775267,0.089750602483258,0.08641264291207727,0.08332669262715271,0.0971390981090223,0.06571824839770986,0.14214021453414294,0.09952651004719025,0.07748654794353771,0.1475145318461672,0.1109849110997414
28,28.0,26.477829247520948,0.08966435124840247,0.08651128663560095,0.08360417298425785,0.09724522967063866,0.06568746582814008,0.14259288807372858,0.0987047576611077,0.07729874766265284,0.14830963170314057,0.11038146853232997
29,29.0,27.720879968916847,0.08967052373374328,0.08632389484603684,0.08343863982044485,0.09732889605638201,0.06510380352976965,0.14379011761075808,0.09860125449352952,0.07652468972547624,0.14896143466275463,0.11025674552110461
30,30.0,28.95241681848399,0.08831216144481963,0.08594871096080159,0.08284397571707444,0.09772155669951452,0.06518661020308075,0.14412463514309243,0.09931798517039078,0.07727074552814765,0.1494875392673795,0.10978607986569841
31,31.0,30.17127581490958,0.08832177899126512,0.08567464680452318,0.08297201874752433,0.0970170767242509,0.06476340745644991,0.1448576712387094,0.09810008623480562,0.07877473310188558,0.14958023313114982,0.10993834756943585
32,32.0,31.376536153543515,0.08703403156111947,0.08500511066613961,0.08281230298444658,0.09662718160732116,0.06554348239280168,0.14491866224188993,0.09848112480041449,0.0795682700002657,0.14954592987225918,0.11046390387334189
33,33.0,32.567505096778625,0.08691873590566095,0.08455660232803205,0.0834687312934178,0.09581880505955132,0.06573459086649673,0.14516572074165368,0.09836589555578269,0.08044878642920379,0.1493547477438123,0.11016738407638837
34,34.0,33.74370209472243,0.086452784874302,0.0851355209938747,0.0840721084265002,0.0960435673956834,0.06522977130448214,0.14591350730534478,0.09708301127991206,0.0813678823149607,0.14848830856158213,0.11021353754335765
35,35.0,34.90484237192463,0.08615469696333061,0.08584369060291144,0.08445067689340474,0.09524788378973424,0.06581988071789693,0.14609809934734305,0.09587281118695548,0.08186089052903456,0.14840850970198924,0.11024286026739946
36,36.0,36.05082019768737,0.08543510312866315,0.08612739539597263,0.08511546040199669,0.09510993403383033,0.06559780836386385,0.14642310181030715,0.09606982359644997,0.08151736978920562,0.14914047377894715,0.10946352970076322
37,37.0,37.18169203889697,0.08580714198518515,0.086237231650274,0.08591538119910301,0.09486065633305699,0.06628323061097809,0.14621588056170973,0.0958238003714823,0.08068565024633302,0.14919509199301634,0.10897593504886112
38,38.0,38.29765977559663,0.08553226426910818,0.0867045440469396,0.08595750074866905,0.0952439704574799,0.0670247005013907,0.14534410512959353,0.09502050283448694,0.08073574580276471,0.1490020630251273,0.10943460318443986
39,39.0,39.399054140870355,0.08636879152508876,0.0872928528076189,0.08638642465052578,0.09440778584723207,0.06801819242165794,0.1444098094809709,0.09489392159187054,0.08034767473579861,0.14845299882349194,0.10942154811574434
40,40.0,40.48631852820801,0.08619690511482864,0.08766906471536584,0.08601848726657338,0.09459083303941804,0.06790350957904312,0.14471238784693402,0.0954709908881671,0.0804827375981526,0.14836096237200705,0.10859412157951005
41,41.0,41.55999329152982,0.08651779277106231,0.08739081458049035,0.08597166472303894,0.09479368778026846,0.06785105400989985,0.14423133026468937,0.09508768915208504,0.08054033522444226,0.14790953498027243,0.10970609651375085
42,42.0,42.62070064560415,0.08656328756269908,0.08756818936536412,0.08765557097162313,0.09466170818840101,0.06710772474869288,0.14349365035501818,0.0947669305604869,0.08030116034360228,0.148036449577092,0.10984532832702028
43,43.0,43.669130257815,0.0872094501957898,0.08848823104290193,0.08827419978836919,0.09343728572768127,0.06747032146232795,0.14315045302566895,0.09446581505154814,0.08053792720717703,0.14732974552655856,0.10963657097197707
44,44.0,44.70602560622662,0.08731050809818587,0.0886664318340132,0.08741815982355461,0.09285580086278532,0.06771585287824194,0.14248846962282496,0.09398136310463094,0.08090841134847958,0.1477391284286519,0.11091587399863156
45,45.0,45.73217116373481,0.08748720401634369,0.089426879017208,0.08851323500505559,0.09326537591426996,0.06774854607241895,0.1418866094947885,0.09359014657443011,0.08138559120710828,0.1459729950042223,0.11072341769415445
46,46.0,46.748380453854836,0.08761966128379245,0.0897029005040039,0.08766646846210575,0.09368206605346886,0.06873314634939105,0.14186458025613452,0.09283888297648617,0.08145304527208799,0.1452930387756894,0.11114621006683975
47,47.0,47.755485010424316,0.08756547513632838,0.08971848131385446,0.08708851997757225,0.0940277088936012,0.06904935705762219,0.1416163821485365,0.09282119675368854,0.08156783539215817,0.14529148528325034,0.11125355804338781
48,48.0,48.7543242612326,0.08841933432819643,0.09019581831135827,0.08746576658844867,0.0938887255000471,0.06948672823003887,0.14116538091594313,0.09246248786755265,0.08191697310685234,0.14406049776035745,0.11093828739120493
49,49.0,49.745736344347726,0.0882732288050704,0.09009683990042154,0.08730068242389503,0.09329258132971698,0.07039220428515318,0.141299865965122,0.09237205394156324,0.08221960094779143,0.1430701096777313,0.11168283272353477
50,50.0,50.730549855707864,0.08863421655587309,0.09062312194681132,0.08657711201905541,0.09317432747724468,0.0712207037294852,0.1406937098447304,0.0930592983907487,0.08200669566042947,0.14280749735615555,0.11120331701946605
51,51.0,51.70957651737491,0.08905083546431317,0.08998930898215152,0.08681328784466336,0.09347302035273344,0.07205389113883601,0.140315625326789,0.09229558541057427,0.082513716656701,0.14278377275566506,0.11071095606757304
52,52.0,52.68360474770151,0.08996940353439363,0.09096094934144358,0.08597028418301089,0.09352551052046477,0.07147572833083032,0.13994458279974836,0.092277915273357,0.08215230774547101,0.14269326598254042,0.11103005228873991
53,53.0,53.65339410751842,0.08933846750809238,0.0911182141324629,0.0857091741318765,0.09424414932614428,0.07145777069931124,0.1392899170668475,0.09218529685956511,0.0824107778355376,0.14281039043831154,0.11143584200185085
54,54.0,54.61967059027847,0.0895059638867391,0.09258012022289412,0.08486443858587274,0.09406745354832152,0.07149981424786409,0.1393904026258195,0.09211746775019815,0.0822099312447238,0.1415668203408587,0.11219758754670817
55,55.0,55.58312271885972,0.0894415516111981,0.09356122376453316,0.0853693583239505,0.0941418047127961,0.0711172520422142,0.1395713828886863,0.09228561557940279,0.08126466389150658,0.1416665918835327,0.11158055530217947
56,56.0,56.544398407394254,0.08988160405885931,0.09394407631300242,0.08464680674927594,0.09394579370947626,0.07094925461161997,0.13867756631613928,0.09228302917057642,0.0820949212053915,0.14152273530405052,0.11205421256160829
57,57.0,57.504102543001395,0.0904697960184086,0.09430615633291473,0.08488072474292084,0.09460357294241103,0.07112654999460243,0.1381768956457568,0.09165929128639894,0.08270645339599081,0.14143066265642434,0.11063989698417136
58,58.0,58.462795239617805,0.08956412031093489,0.09454371695280857,0.08441130032444591,0.09472385916290726,0.07130715596298921,0.13769124952972173,0.09286875826086682,0.08256522217756368,0.14105531758263662,0.11126929973512519
59,59.0,59.42099071417639,0.08966373076557412,0.09491695512769925,0.0840080311017101,0.09474980478965489,0.07141357299891699,0.13672067215123251,0.09361914032015828,0.08263793349050809,0.14119387012168627,0.11107628913285933
60,60.0,60.379156734137354,0.08964016535180921,0.09543344314332258,0.08481536833194883,0.09530146413132495,0.07142468361867825,0.13612830220187816,0.09263019792019242,0.08255589701705436,0.14159479713872483,0.11047568114506623
61,61.0,61.337714584760846,0.09031125257796774,0.09558624882417055,0.08523672107709943,0.09529844219921918,0.07118657320503671,0.13604297125154075,0.0927172378679638,0.08182408558104837,0.1416903433000726,0.11010612411588071
62,62.0,62.29703950447439,0.09064665315709525,0.09556364652867667,0.08527910389248597,0.0960252739902586,0.07077380931900651,0.13564855736992418,0.0934147906108235,0.08152614102400217,0.14176850291044069,0.10935352119728632
63,63.0,63.257461537171835,0.09195090355788327,0.09633969220727759,0.08408552934548956,0.09591600133871751,0.0700254365847709,0.1359515799032534,0.09326109171904724,0.08161639143557209,0.14220508826207573,0.10864828564591256
64,64.0,64.21926675122782,0.0926954663136509,0.09600585689275794,0.08432940543803505,0.09602330108556364,0.07014038283071358,0.13568528300381977,0.09366984292878718,0.08083484228320696,0.14187039852925204,0.10874522069421277
65,65.0,65.18269877636592,0.09254210069663057,0.09656052420155922,0.08449506640591262,0.09619696958155285,0.07036163556497169,0.13563648718243254,0.09386284082325472,0.08030307925635892,0.14096085945525502,0.10908043683207169
66,66.0,66.14796061122655,0.09284153671497654,0.09618158847092786,0.08426235179453584,0.09673569222097675,0.06995345945097059,0.13538983151211487,0.09408238985017535,0.08081006544275303,0.14000000544147662,0.10974307910109238
67,67.0,67.11521665648885,0.09326069786831245,0.09637306934457537,0.08402958596181766,0.0972165898252734,0.06937540708008359,0.13512002905092205,0.09529328958330426,0.07999108914991546,0.1397441672123394,0.10959607492345622
68,68.0,68.08459493066005,0.09373675256406701,0.09693768183100179,0.08295356184282643,0.09728206704817464,0.06912172134311176,0.13491230816607294,0.095612166685549,0.07901445769419761,0.140908639581552,0.10952064324344661
69,69.0,69.05618942810752,0.09309563580801243,0.0969420096050873,0.08265221317748404,0.09708820646063986,0.06894208129323964,0.13551009781447468,0.0968665218407539,0.07875894906083326,0.14044784357942153,0.10969644136005313
70,70.0,70.03006258152917,0.09291692827056665,0.09640833185809689,0.08295417170189932,0.09640383106123923,0.06940814947336107,0.13626819880288965,0.09726501860723705,0.0786249693831663,0.14005305066481294,0.10969735017673062
71,71.0,71.00624779379335,0.09249576062372622,0.09602377276968951,0.08418110097828106,0.09562019782720693,0.06943126247210023,0.1363328603797099,0.09792486653187313,0.07871132500539692,0.1389075419090784,0.1103713115029374
72,72.0,71.98475200689319,0.09211485397813202,0.09602217335439699,0.08409438270308879,0.09555734921505704,0.06893187663981953,0.13670582031655726,0.09937222581964963,0.07806151028580502,0.13855290476179924,0.11058690292569417
73,73.0,72.96555827861411,0.0916141727703462,0.09552413069717997,0.0838399992235565,0.09651611549362063,0.06852205472133364,0.13694533374185516,0.09935331001612992,0.0781447119671849,0.13825772858639407,0.11128244278239874
74,74.0,73.94862834037681,0.09218289428865774,0.09524372158125449,0.08369893566265033,0.096633535452397,0.06972309840704112,0.13698979788571605,0.09944952156740573,0.07820265231361176,0.13695831799551672,0.11091752484574882
75,75.0,74.93390511255946,0.09225061514715456,0.09455089060356772,0.08373540165608317,0.09696908382013401,0.07005826309203882,0.1365427130121976,0.09939100044197263,0.07825759982917387,0.1367806767874119,0.1114637556102655
76,76.0,75.92131515639825,0.09297932151181812,0.0947459665671588,0.08337140601742557,0.09723590982735866,0.06988813585248632,0.1359315468950086,0.09923778027880203,0.0780604784328594,0.13659712315727346,0.1119523314598088
77,77.0,76.91077104428919,0.09302302753869615,0.09428794328241061,0.08475843180159504,0.09811460475207386,0.0691667469608935,0.13692992936794215,0.09805842395931709,0.07737274516707537,0.13651114912806292,0.11177699804193306
78,78.0,77.90217363294813,0.09299745490022447,0.09467745675287324,0.08476475919126385,0.09844398643718973,0.06914511719411522,0.13659151903926897,0.09783285311346598,0.07640091910938208,0.13723699457432256,0.11190893968789367
79,79.0,78.89541422641172,0.09317223951288392,0.09525250017644951,0.08500555179153856,0.09784502725945236,0.0685678990165148,0.13666925982478811,0.09769044465836003,0.07658625283669437,0.13687899544540794,0.11233182947791014
80,80.0,79.89037661826481,0.09348532527064322,0.09493960331497668,0.08498683148975632,0.09808103721002238,0.06820124588743871,0.13757387050522976,0.09741358628983128,0.07693417277568332,0.13604176341524823,0.11234256384116986
81,81.0,80.88693900474995,0.09426636217255996,0.0949120291573783,0.08404404227909976,0.09749280727818087,0.06826595638104128,0.13785357179047408,0.09701665831472236,0.07734900755304269,0.13657858777762566,0.11222097729587482
82,82.0,81.88497576253909,0.0938850733333828,0.09401727489320182,0.08358577417894204,0.09797578325443766,0.06902449207761313,0.1381475622232968,0.09720569741257552,0.07732682324552365,0.13673423618912306,0.11209728319190326
83,83.0,82.88435908692391,0.09535925545057075,0.09396316774656027,0.08460348904519814,0.09812492834817646,0.0688638576681943,0.13760733246459889,0.09612282681074713,0.07681834070402146,0.1364409447057745,0.11209585705615785
84,84.0,83.88496048800103,0.0951564958929308,0.0937889580092129,0.08537457224936974,0.09699038851727214,0.06962189697739612,0.13793992438284033,0.09591592960547443,0.07642082630499898,0.13706522279567723,0.11172578526482704
85,85.0,84.88665214409042,0.09496514269446614,0.09361606459484849,0.08558552100834825,0.09692084168524444,0.06807086041235416,0.1387116473629901,0.09595464429480523,0.07610348411943636,0.13796024813552732,0.11211154569197923
86,86.0,85.88930811312994,0.09458309700460926,0.0935538629948673,0.08518511884476933,0.0974729033430007,0.06762714754027839,0.13826798073470434,0.09647547294219992,0.07580165994167334,0.13919016137148188,0.1118425952824152
87,87.0,86.89280540413424,0.09482916773824956,0.09425169215752033,0.083974912766258,0.09774666246996636,0.06751712262822746,0.13806620727097924,0.09661390429047823,0.07620552290427762,0.13917587391045413,0.11161893386358872
88,88.0,87.89702491199675,0.09519512651414624,0.09466573071647563,0.08403382553657744,0.09774260247397845,0.06709729513696562,0.13853474300147253,0.09601278037063765,0.07653683883683583,0.13976699204956805,0.11041406536334217
89,89.0,88.90185221995306,0.09478924014962203,0.09454798135091497,0.0844544905913199,0.09732512072129282,0.06741387133426775,0.13995489907898023,0.0960003882570191,0.07701167689671892,0.1389507216173187,0.10955161000254525
90,90.0,89.90717827491419,0.09468205505349649,0.09565684472753853,0.08490596216997363,0.0966530743743162,0.06750426769991374,0.1406015002817273,0.09671873113302265,0.0762337659241566,0.13792936801500932,0.10911443062084522
91,91.0,90.91289994163006,0.09488887275781355,0.09630023761496007,0.08507178605241211,0.09661444548601103,0.06650283057815282,0.1401408221241083,0.09597784027787283,0.0767079833445502,0.13847094710575247,0.10932423465836631
92,92.0,91.91892044225806,0.09474091103685309,0.0959612520632167,0.08595740864040256,0.0962639683908622,0.06586669494934344,0.14025936607585207,0.09538715891451867,0.0776674752487161,0.13902643070771806,0.10886933397251677
93,93.0,92.92514968840067,0.09391706275009042,0.09635539792798972,0.08639758666515934,0.09656306713646538,0.06608873754061523,0.14029120842210016,0.09461849697817969,0.07733013027732732,0.13952993091024793,0.10890838139182449
94,94.0,93.93150451304501,0.09319221089719958,0.09607786205939552,0.08643858986587831,0.09638264287945016,0.06580928903063679,0.1404962914609374,0.09488846261568594,0.07702096235464129,0.1396428351752206,0.11005085366095413
95,95.0,94.93790881009448,0.09280438192331233,0.09545376014134642,0.08638915020209002,0.09642557136345074,0.0659280696412471,0.14119713825759386,0.09516235535598408,0.07635785879644777,0.14023782575473437,0.11004388856379296
96,96.0,95.94429358933806,0.0924264354231865,0.09611595300143472,0.08762931577853571,0.09585667285518434,0.06605839913719691,0.1410040718205031,0.09501165934021541,0.07549817618330498,0.13984704997090167,0.11055226648953635
97,97.0,96.9505969547639,0.09362337747451871,0.09560090682901856,0.08684863086885994,0.09573073670746902,0.06538625789926028,0.1411216467697388,0.09565443487698595,0.07528025561122972,0.1397186629157778,0.11103509004714086
98,98.0,97.9567640140995,0.09283100078746269,0.0960887198533861,0.08709109347276729,0.09566733738110209,0.06459982187441687,0.14140930328557272,0.09624317439429578,0.07485991324277654,0.14066730485223639,0.11054233085598317
99,99.0,98.96274672736057,0.09287150084392692,0.09585059861009815,0.08682351697561165,0.09596347117735975,0.06521187925430216,0.1411890352277814,0.09623701165984998,0.0751591794354948,0.14120223689977549,0.10949156991579932
100,100.0,99.96850370202192,0.09212901500940229,0.09624068014545899,0.08615717067848162,0.09530983077274816,0.06528975713080037,0.14133161906795955,0.09711668337734611,0.07525418866849491,0.14121555409330433,0.1099555010560033
101,101.0,100.97399994219691,0.09196683858830403,0.09711277534535637,0.08626352151560744,0.0948298249903751,0.06559275249777956,0.14154264906235742,0.09656375324129338,0.07505473899923068,0.1414157374137774,0.10965740834591828
102,102.0,101.97920655893245,0.09238856273403401,0.09626908100964017,0.08653191284137449,0.09522641937972973,0.06625318293472579,0.1413558895190945,0.09566653017228184,0.07466246051570728,0.1421062418339245,0.10953971905948728
103,103.0,102.98410044840509,0.09175281017599923,0.0969029633729267,0.0863620565194194,0.09410707468513596,0.06554448473084497,0.14228061406428388,0.0957259520944257,0.07466235350538415,0.14307731676214633,0.10958437408943329
104,104.0,103.98866394444643,0.09212373972914842,0.09663783034191324,0.08599155788729076,0.09442143785172533,0.06588551124760743,0.14210725496669624,0.09486937313440988,0.07480462617757025,0.1434118994758468,0.10974676918779128
105,105.0,104.99288445143917,0.09255413370206596,0.09632762723649241,0.08590773180426257,0.09407940375046593,0.06681359235236509,0.1411229615881133,0.09518459550004829,0.07485392125837963,0.14322212134685527,0.10993391146095116
106,106.0,105.99675406321822,0.09188796160129961,0.09575649209246719,0.08584612088178063,0.09534113384668647,0.06648664436581117,0.14099594963560214,0.09534895167680377,0.0758049734470511,0.14298660255280488,0.10954516989969267
107,107.0,107.0002691731872,0.09199203638733468,0.09444486119017016,0.08619302788878887,0.09450258556824778,0.06668555215340129,0.1406537342276129,0.09622862641914805,0.07576996010275533,0.1444242419632628,0.10910537409927776
108,108.0,108.0034300804274,0.09231397144528682,0.0935793448812779,0.08550757789060111,0.09421565867899594,0.06699983578527521,0.14145529790829411,0.09526142097442769,0.07510237946219217,0.14577052663995357,0.10979398633369515
109,109.0,109.00624059613932,0.0925827068955378,0.09383332240672596,0.08456265286900531,0.09416649593374544,0.06719125129563022,0.14198343206943817,0.09551630779357481,0.07385746967926926,0.14645589958149782,0.1098504614755749
110,110.0,110.00870765431864,0.09235414093969173,0.09341250359430162,0.08408570865936114,0.09423564303487092,0.06743213857018389,0.14176331108005855,0.09572495221407418,0.07444362400390907,0.14633016256052175,0.11021781534302685
111,111.0,111.01084093013685,0.09269080795522275,0.09261305641293224,0.08477065392039032,0.09395448323240851,0.06770338791785586,0.14175902664972762,0.09442979423380696,0.07450820255475156,0.14703750538797836,0.11053308173492551
112,112.0,112.01265246907188,0.09294208064255141,0.09273682531113225,0.08489948696274312,0.0932740218780724,0.06762980162467687,0.14162782322594342,0.09412268899491019,0.07427248679971948,0.14739357755808433,0.11110120700216625
113,113.0,113.01415632942268,0.09157686042985148,0.09308513663472517,0.08594915778582489,0.09178001016456726,0.06798366720135467,0.1429881696999759,0.09447086091771457,0.07321462664524007,0.14792124937800943,0.11103026114273627
114,114.0,114.01536824044418,0.09196506665326076,0.09153136908580976,0.08607816099499621,0.09023893687033926,0.06856429913381375,0.14326682481555858,0.09434410801178988,0.07339790725678025,0.14814834599897908,0.11246498117867222
115,115.0,115.01630527795908,0.0911686001281965,0.09134778691130312,0.08701905248200992,0.09118645533208174,0.06840345823990342,0.14348985403449083,0.0944869221765947,0.07259893340352544,0.14788966053397945,0.1124092767579147
116,116.0,116.0169855589429,0.09129550535937238,0.09168676974168526,0.0873425103313454,0.09096850250467045,0.06833126221437402,0.14369374707425706,0.09395937855702324,0.07312037168308194,0.1473710152882452,0.11223093724594486
117,117.0,117.01742795623892,0.09102265486118674,0.09049429749637783,0.0881497206069265,0.0907699323614507,0.06825993104459366,0.14349076268172353,0.09420499832685836,0.07215919547205556,0.14862394348817579,0.1128245636606512
118,118.0,118.01765183424293,0.0913431008022072,0.08959522138819842,0.08918191739611811,0.08956292021747501,0.06819679508084812,0.14421537907467283,0.09388549066598947,0.07232192899196115,0.14865412761678215,0.11304311876574735
119,119.0,119.01767680610413,0.0911186624369769,0.08976175141592982,0.0892583060907742,0.09087226715865729,0.06832328469335734,0.1449772449800637,0.09198494395130914,0.07183257309604558,0.14954622716597343,0.1123247390109124
120,120.0,120.01752251271817,0.0902525546804925,0.0899408004601099,0.08934079995537421,0.09094988346289641,0.06801987446556719,0.14564642145817924,0.09276175110000412,0.0724791226979929,0.14900368304154854,0.11160510867783481
121,121.0,121.01720842354362,0.09040266425962823,0.09092269586057135,0.08991646679925812,0.0914124225043733,0.06712853974128326,0.14453993937867185,0.09224061806448386,0.07285947443735528,0.14914085637451407,0.11143632257986051
122,122.0,122.01675365905109,0.09022135118574451,0.09041597763178186,0.08957502723821076,0.0914914628892205,0.06572306047381196,0.14446135872884125,0.09281332933655455,0.07384991212291249,0.14983043508397936,0.11161808530894259
123,123.0,123.0161768344173,0.08952568707255477,0.09028431126169821,0.08967914173298157,0.0912369392422886,0.06476065396580294,0.14383284258025533,0.09355795101545092,0.07376756805999599,0.1507112375302272,0.11264366753874429
124,124.0,124.01549592390272,0.09013212379667788,0.0912720409974336,0.0882238691346753,0.09130777691654739,0.06470658262729012,0.14487252270236453,0.09287690197487394,0.07384199739336401,0.1506891288255214,0.11207705563125162
125,125.0,125.01472814520056,0.09053701428578971,0.09179370801938051,0.08724534939490924,0.09050070617634216,0.06483058084104726,0.14521968081873535,0.09266741224145811,0.0739383543432105,0.15088247179592623,0.1123847220832007
126,126.0,126.01388986291661,0.08980000234465667,0.09224738767040624,0.087376299227646,0.09107770848997551,0.06444765839451284,0.14590562629896692,0.09220513122755648,0.0740092687762168,0.1509707833008105,0.11196013426925182
127,127.0,127.0129965102319,0.08962490993254271,0.0925549226617594,0.08721072488906924,0.0910724827850724,0.06390105670561255,0.1449530978340581,0.09243273683772893,0.07396868933612755,0.1518737879352768,0.11240759108275207
128,128.0,128.01206252771334,0.0896543706322508,0.09325525494724812,0.08699983531444362,0.09107715428425335,0.06251605191605612,0.14510811378178998,0.09278791742373577,0.07391913131954056,0.15129192562265695,0.11339024475802444
129,129.0,129.0111013181695,0.08921595985366286,0.09282745187037235,0.08709209758382513,0.09200983844543435,0.06203620890406115,0.14538716042533303,0.09264550740035078,0.0742462387432557,0.15060511747973446,0.11393441929396989
130,130.0,130.01012521639834,0.08955320460935792,0.09342768117997886,0.08880081880258067,0.09205774528151657,0.06127740356378909,0.14568502818193924,0.09151694513823942,0.07279704379793242,0.1505523510872723,0.11433177835739322
131,131.0,131.0091454726403,0.09066656909386711,0.09366814210202082,0.08862479897706613,0.09173610866536969,0.061169903113272535,0.1464251417672847,0.09068024775866908,0.07192955697339469,0.15149039096095743,0.11360914058809754
132,132.0,132.0081722485317,0.09080873431578834,0.09347591415912924,0.08905586185786625,0.09206003342352771,0.0597466113349337,0.14640956133391908,0.09133215221512923,0.07120393597519416,0.1517582084205748,0.11414898696393716
133,133.0,133.00721462434865,0.09149183213257389,0.09309893668906766,0.0890956276126893,0.09176921818395417,0.05957159485882491,0.14725289985398207,0.0915350302624253,0.07168714864400366,0.1505433454762073,0.11395436628627148
134,134.0,134.0062806163404,0.0916748589791467,0.09411828431252875,0.09011690791968201,0.09132864652685943,0.06007295547846922,0.14672344092560344,0.09172089895329277,0.07126322127679856,0.14964425470477447,0.1133365309228444
135,135.0,135.00537720296956,0.09228064001615599,0.09478336161966151,0.09076746173225295,0.09073726363604472,0.058926470808867246,0.14802865005341806,0.09238048329920556,0.07000375847045363,0.1483811815653898,0.11371072879855032
136,136.0,136.00451035890612,0.09166112060427672,0.09474511241326548,0.08995568763510756,0.09144299030238924,0.05958661977143839,0.14869425770391012,0.09191926132003882,0.06958854080572195,0.14874557177362863,0.11366083767022288
137,137.0,137.00368509565993,0.09388779304750013,0.09395262215551313,0.0908206211496328,0.09055900921932501,0.059077751552501744,0.14843013236086605,0.09188463683718391,0.06919361932143199,0.14880580723665954,0.11338800711938556
138,138.0,138.0029055077818,0.09422242935420841,0.09423387678543152,0.09134306198220518,0.0886752691481463,0.05879203393728216,0.1481830199001763,0.09259069068500819,0.06881326279455507,0.1496325550597102,0.11351380035327653
139,139.0,139.00217482361367,0.0960609877602023,0.09473724391200408,0.09242847012184907,0.08861257264956653,0.05862766418101644,0.1465769955452512,0.092872869545616,0.06810844072427512,0.14889609772690773,0.11307865783331149
140,140.0,140.0014954596262,0.09570957230430194,0.09485462615696705,0.09318554478807285,0.0881297694058992,0.058224928198199896,0.14644577306385945,0.09320480144740735,0.06794035434138462,0.14907960055500116,0.11322502973890645
141,141.0,141.00086907744122,0.09488061942844793,0.09496356503587727,0.0928907031031739,0.08791792677083511,0.0591747240773097,0.14678552583774537,0.09185882204457477,0.06885159854765192,0.14950124606306223,0.11317526909132176
142,142.0,142.0002966427003,0.09546148579517122,0.09485201112660531,0.0921772567374591,0.08781333737899272,0.05901681324614611,0.14663475892380043,0.09246171281356508,0.06776490787366535,0.1499720076608061,0.11384570844378855
143,143.0,142.99977848500652,0.09644365946306441,0.09564412204496767,0.09168327201679721,0.08758151500781065,0.059205578146786376,0.1457217581082203,0.09251906646285894,0.06787839611454884,0.15013605759620546,0.11318657503874013
144,144.0,143.99931435823203,0.09483360897620889,0.09511643503536107,0.09108453244974582,0.0875054459063215,0.05937105676525715,0.14569683365343242,0.09323355055634114,0.06847029476146185,0.15043390016214425,0.11425434173372587
145,145.0,144.99890350055264,0.09503948453550076,0.09510039279969656,0.09064953476853845,0.08822399804609916,0.05926661819959172,0.14429905599226706,0.09309465324837438,0.06831706538055236,0.15096237514295016,0.11504682188642934
146,146.0,145.9985446936357,0.09549496483771955,0.09340876217616481,0.09072191990715707,0.08753763364364399,0.05954251340642671,0.14492030282469864,0.09378986620573154,0.06886850072846724,0.15096581927691027,0.11474971699308013
147,147.0,146.99823632047406,0.09554592162520457,0.09375760598816998,0.08997808616319655,0.08817808058601062,0.05914720017187228,0.14542523457049425,0.09329083774938575,0.06802557880599143,0.1511140184381358,0.11553743590153873
148,148.0,147.99797642142389,0.09471638205596766,0.09388537333762621,0.09045790311288342,0.08879615908858784,0.05873737907638336,0.14577514825476012,0.09367024414523516,0.06758224461946707,0.1509431184516798,0.11543604785740927
149,149.0,148.99776274806447,0.09438801342034983,0.09361505834010389,0.0905993655367275,0.08911654575788457,0.05734935082324123,0.14677268875446584,0.09371222603538416,0.067406594001271,0.15217856512613834,0.11486159220443355
150,150.0,149.99759281456036,0.09361793714905567,0.0950443589385156,0.09104220834543834,0.08969256390115654,0.05630342915585326,0.14720447344378318,0.0944864321132404,0.06634723212651399,0.15106842101019027,0.11519294381625264
151,151.0,150.99746394626104,0.09376847066476227,0.09500572525934534,0.09050014184371424,0.08896655067426415,0.056444756882283426,0.14692030641317538,0.09451600440030702,0.06751886771744507,0.15097292131179404,0.11538625483290896
152,152.0,151.99737332532905,0.0924121373839362,0.09466480233547335,0.09089932941301064,0.08918564255711356,0.05740112493399702,0.1466943516784418,0.09488341774215006,0.06673971939200753,0.15123453723576352,0.11588493732810623
153,153.0,152.99731803323698,0.09196786483608438,0.09452223317597849,0.09109292181070085,0.08821019427767875,0.0586619888666589,0.1468317444093657,0.09577693742051539,0.06766997078500696,0.15014916948424945,0.1151169749337611
154,154.0,153.99729509002177,0.09171459309049254,0.0935897932564946,0.0907108857268932,0.08807830876615133,0.05918665688923054,0.1459138786266868,0.09637486718169883,0.06811086303291279,0.15028350615034838,0.11603664727909088
155,155.0,154.99730149022784,0.0917801587537067,0.09462915820754403,0.09051871965758736,0.08868986538984694,0.059562272826285206,0.14552387569717934,0.09692718702073036,0.06730935345346123,0.14946470122237687,0.11559470777128188
156,156.0,155.99733423551103,0.0913350976331158,0.09412241566895091,0.09105733531357128,0.0884328055474846,0.05953908877837061,0.1458038364538864,0.09653545103696659,0.06789187746296851,0.1490723433033373,0.11620974880134792
157,157.0,156.99739036391077,0.09118147897846228,0.09486960411044486,0.09148997411350585,0.08749591799436886,0.05935391366033781,0.14636427969370308,0.096398753826229,0.06832122508003624,0.1477192116928924,0.11680564085001954
158,158.0,157.99746697583146,0.09122548174108953,0.09440911525575071,0.09207611312407815,0.08761350601010191,0.059885599016489766,0.14640110964572442,0.09517438864101178,0.06729738947454936,0.14866643176745645,0.11725086532374779
159,159.0,158.99756125680176,0.08981650479242381,0.09387930935600725,0.09200025014055241,0.08640215799765165,0.06120559148161906,0.14701373522910885,0.09483638529994484,0.06737777781079152,0.14933249545545488,0.1181357924364456
160,160.0,159.997670497107,0.08932548454942112,0.0949007529721901,0.09225877046164319,0.0863946359022085,0.06144611450960011,0.14776212903539088,0.09471327313112292,0.06776771936919668,0.14838975260509168,0.1170413674641347
161,161.0,160.99779210841066,0.08829684071928331,0.09479919803518376,0.09171907304569454,0.0864990958549178,0.06171663907195056,0.14805723894695227,0.09499144131234971,0.06757943051260816,0.14853677385960204,0.11780426864145765
162,162.0,161.99792363749984,0.08789928064959512,0.09356921572425363,0.09101095831951217,0.08653829753896006,0.061267965356506165,0.14840565605801675,0.09535254667013797,0.06754808613305656,0.1505156061457533,0.1178923874042081
163,163.0,162.9980627773051,0.08780381300780853,0.0934502032884636,0.0909639048477743,0.08688850642830248,0.06110112484272944,0.14824141356013126,0.09585412984849886,0.06726459460323393,0.15047152430588706,0.1179607852671704
164,164.0,163.9982073753568,0.08686395514794452,0.09320892217875058,0.08933512363510383,0.0865058381126284,0.06125604411236341,0.14879124176998962,0.09628114837596587,0.06757883635307144,0.15130903026199025,0.11886986005219194
165,165.0,164.99835543984977,0.08677916125670662,0.0939737587382716,0.08944603516786329,0.08671069763816865,0.06191135039388068,0.14772080111827277,0.09620686063496046,0.06678705687310663,0.15184507133603073,0.11861920684273841
166,166.0,165.99850514349492,0.0865385843766113,0.09374390053334462,0.0898371834406129,0.08693427556399595,0.06232638689473706,0.1480524298911122,0.09549857232963888,0.06609669617952474,0.15236893748797325,0.11860303330244895
167,167.0,166.99865482534062,0.08671003432999283,0.09360364303192212,0.0900784747294968,0.0871148855020094,0.06240071525779884,0.1485806359232144,0.09576541077020073,0.06560645679370364,0.15167303978663363,0.11846670387502752
168,168.0,167.99880299074837,0.08643906627025025,0.09264163105293814,0.09064847394852753,0.0882593323136411,0.06278160818471686,0.14812206203041045,0.09541159103835893,0.06680486177715986,0.15076844347402896,0.11812292990996787
169,169.0,168.99894830970783,0.08751931372293742,0.09340372943066971,0.08976992284446375,0.0886778859033065,0.06206377352713479,0.14753308908169352,0.09524018545355001,0.06702786559121278,0.15129985010940453,0.1174643843356269
170,170.0,169.99908961367427,0.08789464953080985,0.09382292388366877,0.08975261365404383,0.08933636287993231,0.06324539812698424,0.148347290099024,0.09408726726184792,0.0663355171309813,0.15087916800377515,0.1162988094289325
171,171.0,170.99922589110733,0.08906320892269612,0.09395563788067911,0.08933004776535172,0.08944767927467405,0.06340693988990913,0.14785426699550513,0.0932109442990198,0.0654998055314264,0.15185380090273315,0.11637766853800524
172,172.0,171.99935628188598,0.08913271251579438,0.09412328528472534,0.08944352567020168,0.08989417663101454,0.06329237973479217,0.14778501774830374,0.09242234334031062,0.06674764420730295,0.15106743678685425,0.1160914780807002
173,173.0,172.99948007076793,0.08913572191381079,0.09456541033530688,0.0890639971871238,0.09051834461329974,0.06246173970514512,0.14770837195031053,0.09266304436395338,0.06664013095241336,0.15170767675089716,0.11553556222773904
174,174.0,173.99959668005403,0.09030699522767417,0.09350087397260862,0.08908147873480009,0.09035868095283044,0.06207506705612982,0.14737391253558524,0.09216949905910324,0.06766762775829407,0.1522194684557938,0.11524639624718029
175,175.0,174.99970566161096,0.09132132382830595,0.09404631679182957,0.08901597612430047,0.0902481309006938,0.061367790472623675,0.1480350737407898,0.09176129347809167,0.06699101806311768,0.15091946495605352,0.11629361164419363
