,Unnamed: 0,Generation,Intertwine_two,Add_vertex,Delete_vertex,Invert_path_vertices,Insert_inside_vertex,Delete_inside_vertex,Replace_inside_vertex,Donate_between_routes,Trim_one_terminal_cb,Grow_one_terminal_cb
0,0.0,0.0,0.10000000000000002,0.10000000000000002,0.10000000000000002,0.10000000000000002,0.10000000000000002,0.10000000000000002,0.10000000000000002,0.10000000000000002,0.10000000000000002,0.10000000000000002
1,1.0,1.0,0.10843954438273887,0.0932061275590911,0.07961481965522618,0.1075976995304293,0.10495934485126698,0.09702593713526883,0.10816621421712744,0.09695015537351451,0.09982767275404122,0.10421248454129513
2,2.0,2.0,0.10368517627788747,0.09637494517886303,0.07985786511837403,0.10370931294966453,0.10610006624841317,0.10892431096836275,0.10996540338533718,0.09099492459517115,0.10923703476508706,0.09115096051283919
3,3.0,3.0,0.10271642572948411,0.09300933192441992,0.07679517994493003,0.1083186946355021,0.10132207279369938,0.1017766629350372,0.10831955736313723,0.09665092235132267,0.10675784186354516,0.10433331045892165
4,4.0,4.0,0.10358774778728926,0.09533994771862309,0.07704224019612116,0.10938532493565771,0.09303906653029119,0.10543448929235036,0.10877006894818822,0.10088546901879733,0.102914032029222,0.10360161354345923
5,5.0,5.0,0.10491533466429785,0.0860336030404435,0.07664442511341432,0.1067722375629212,0.09920400341118187,0.10859158166122065,0.10609690896834686,0.09343718993950392,0.11687731021092282,0.10142740542774649
6,6.0,6.0,0.10153117496344692,0.08831051125317736,0.07668717321520577,0.10508864600311377,0.09584198037808779,0.11230248082937366,0.10638506499749152,0.09740191919915173,0.11695450572544144,0.09949654343550952
7,7.0,7.0,0.10621586883498957,0.09548666628765581,0.07282541052168302,0.1090291443845659,0.09781073364316764,0.11250647548057129,0.10470028201809342,0.08708964360468345,0.10949872742899196,0.10483704779559744
8,8.0,8.0,0.10538851895191537,0.08545964473147258,0.07848094018266702,0.10649951569897283,0.09072289464093417,0.11326579978268694,0.10651195318826619,0.09323564206680808,0.11660319824665519,0.1038318925096211
9,9.0,9.0,0.1076055240547152,0.09119993109269964,0.07283251527661176,0.10134593123571825,0.09474303998314514,0.12150260104809377,0.10286439773409253,0.09241317242252534,0.11316837468711412,0.1023245124652838
10,10.0,10.0,0.10070991162426857,0.08850032556898574,0.06626328138070611,0.1024102690366866,0.09490953025785027,0.11583264630175301,0.11131479425197217,0.1037636922609331,0.11315311815672432,0.1031424311601196
11,11.0,11.0,0.10471285736670774,0.0800566663437929,0.07251539629629787,0.10729268602765984,0.09898424337228479,0.11588725352359183,0.11009201015054566,0.08945332047989407,0.11743135584998313,0.10357421058924163
12,12.0,12.0,0.10406263998011318,0.09615734372360416,0.06834324073813622,0.0956216353385702,0.09354395782704825,0.11614961754178332,0.10716527358401581,0.09411953877377584,0.12707679146490022,0.09775996102805223
13,13.0,13.0,0.10906161669296614,0.09184753203048433,0.06712183028515456,0.10183213041939565,0.0937116552162909,0.1125786260548574,0.10653483066491587,0.09229305513030563,0.11938335026948446,0.10563537323614455
14,14.0,14.0,0.10345425458680849,0.08580316174703204,0.06875105284408178,0.10495828321164873,0.09340334938319131,0.12049423716224972,0.10837604319533371,0.08822484874901772,0.12219260701928988,0.10434216210134613
15,15.0,15.0,0.1050369835765671,0.0862870176135435,0.0715874663079346,0.10226707283768477,0.09402886707091196,0.11526958681727636,0.10521559456883327,0.0995134998975069,0.11324388446643865,0.10755002684330243
16,16.0,16.0,0.0977845808606002,0.09011447131785863,0.07437993187554269,0.09634279404281437,0.08894770357055612,0.12238509296902152,0.10678915978101863,0.10106377292844264,0.12336072515812764,0.09883176749601696
17,17.0,17.0,0.10204642844818083,0.08790543445425002,0.06618611071925498,0.09740655667182926,0.09396062068267436,0.12298436097297738,0.09949721472190634,0.0969452973991964,0.13218050001269108,0.10088747591703898
18,18.0,18.0,0.10171731884822202,0.08794840898263265,0.06881459223956435,0.09393125471124078,0.09810974718471552,0.11869177227657353,0.10927501220000993,0.09389084894002711,0.11881154606296107,0.1088094985540525
19,19.0,19.0,0.10667287100232084,0.08507424486043177,0.07638173772748216,0.09595493913357198,0.09417971192481078,0.11350469517443498,0.10156685953880969,0.09162923235126863,0.12395489737980028,0.11108081090706848
20,20.0,20.0,0.10580566727508023,0.0858778639783576,0.06941642911853388,0.09662909323906707,0.08910420064022635,0.12252366650871833,0.10456574943982859,0.09315059002794333,0.13007755936338683,0.10284918040885724
21,21.0,21.0,0.10774167668132324,0.09705143284788835,0.06664293243716954,0.0983338445756412,0.09295064845055012,0.11948235249990184,0.09570757662164994,0.094431246278086,0.12112469547183946,0.10653359413594987
22,22.0,22.0,0.10425730385267525,0.09223618889883707,0.07378953528110108,0.09554732100256882,0.09244939860024479,0.11571759463454771,0.11089651124525646,0.09444486838545998,0.1307976007198296,0.08986367737947873
23,23.0,23.0,0.10875769983648109,0.0838559946377774,0.06442336761033722,0.10939108409778424,0.08264429352794406,0.12885441450233817,0.10685424773649155,0.08391256264062955,0.12609052652764313,0.10521580888257306
24,24.0,24.0,0.10341716935016136,0.07811895243758031,0.06377272398216018,0.09760202997493482,0.08829380413028258,0.12400390754105324,0.10997021434214334,0.09901805130469903,0.1271950826064751,0.10860806433050949
25,25.0,25.0,0.09389866537966929,0.07922147569551066,0.06094146441812518,0.1071155588256647,0.0933026736673309,0.12385408213292196,0.10777172520404003,0.09668140830691106,0.1285650617342527,0.10864788463557298
26,26.0,26.0,0.10618417625696086,0.08780521147367035,0.0591181973201757,0.09497974509208533,0.09532056127996894,0.12457628562998198,0.10505223392769888,0.09366668861590266,0.12723632996945677,0.10606057043409807
27,27.0,27.0,0.10307597974073508,0.07724026083082444,0.07112858190859438,0.10380667335826006,0.09098712323431461,0.12598151104874797,0.10248414390290284,0.09483798685323074,0.1260480858369141,0.10440965328547536
28,28.0,28.0,0.10045926388109656,0.08605779150343032,0.07008113655469156,0.09547807659372665,0.0848279846410888,0.12361807559028774,0.10592108683490709,0.0878506974997929,0.13911729378175028,0.1065885931192275
29,29.0,29.0,0.10056611635225463,0.08728213283534039,0.06121105592197436,0.09172562617447604,0.09064752520540224,0.13436348449976682,0.10105740827744232,0.09862009972393275,0.12932297077565502,0.10520358023375498
30,30.0,30.0,0.09751826624619193,0.0952630536386116,0.06959943483001287,0.10361064927605186,0.08109334039358712,0.12267799789431014,0.10329880009639844,0.09687661672467449,0.131409816212382,0.09865202468777905
31,31.0,31.0,0.10778501250404178,0.08704336392203724,0.06954606528547262,0.0949638685232632,0.08043744938451966,0.12138449741528556,0.09999806310759478,0.09657202427304212,0.14082460860844853,0.10144504697629397
32,32.0,32.0,0.10725075091395413,0.07643795389470157,0.06944988470751648,0.08978426371507009,0.08183263339865572,0.12681206140736087,0.10628121063730889,0.09839901406624575,0.13411065530953817,0.10964157194964792
33,33.0,33.0,0.10556975048856947,0.09096168144426404,0.0656990559665293,0.09774445341210865,0.08839988373083715,0.13063582033212087,0.09545062234273882,0.09228183511727962,0.13783617750545382,0.09542071966009773
34,34.0,34.0,0.10482623955487991,0.08187796857378003,0.07269773143497518,0.09288149088863332,0.09721211076168598,0.12433702360251435,0.1017085117270982,0.09241389852937676,0.13521320369526005,0.0968318212317958
35,35.0,35.0,0.09089549388479243,0.08445646113795308,0.07057770001513548,0.10186158744086152,0.08948088642499538,0.12663677503231602,0.10556046389549686,0.09900688725789318,0.13233113177090255,0.09919261313965307
36,36.0,36.0,0.10112033040173388,0.08803894617458828,0.07463965803671034,0.09714504356227632,0.0837553531428902,0.12096262299936986,0.10273520563469787,0.09057445995675735,0.13505639842873102,0.10597198166224439
37,37.0,37.0,0.1028210773171155,0.08370510100428671,0.07034235450875602,0.09649468732224945,0.0841740935662836,0.13347982323539437,0.09538057506788408,0.08950238379790812,0.13716380138082077,0.10693610279930092
38,38.0,38.0,0.09463822067457414,0.09226379091233707,0.06655724507027687,0.09853301262026268,0.08440942688787603,0.1252542222613729,0.09929593496875522,0.09520288080934347,0.13243494746476422,0.11141031833043695
39,39.0,39.0,0.09351367910401741,0.09033872181673813,0.07846310506177177,0.09119972446708087,0.09804107737844933,0.12421437859366721,0.1010936520228535,0.09525813280787726,0.1298296801688839,0.09804784857866011
40,40.0,40.0,0.0956600702238566,0.08773863631342102,0.06384054013539726,0.09959036789445729,0.08176266499179988,0.1317937113923139,0.09996450049899949,0.09206224234699108,0.13777712421260063,0.10981014199016244
41,41.0,41.0,0.09764261229257896,0.08198117143032053,0.06824511689279465,0.10381982698069807,0.08929169363540791,0.1329786716096489,0.10581243455588327,0.09178176237272069,0.1345795289489217,0.09386718128102474
42,42.0,42.0,0.10670944743577775,0.08520399369480347,0.06981263176774069,0.08817444686250078,0.08442668459769873,0.12349042810423687,0.10106236993360718,0.09988673805666617,0.1391321427366653,0.10210111681030257
43,43.0,43.0,0.10498128239517916,0.0916918329307026,0.0710324559361444,0.09778948693474325,0.07999706708880747,0.12654751304123768,0.1025031078886118,0.09435916454271502,0.12557625478962894,0.10552183445222921
44,44.0,44.0,0.10604747274300108,0.08847292577703057,0.06911042217142718,0.0922217927805941,0.07938029900134631,0.12980505246375162,0.1064166036663774,0.09370634931468001,0.13246650017990755,0.1023725819018837
45,45.0,45.0,0.09671653819742634,0.08495781694356899,0.0671970743214807,0.09239820158001318,0.08679183869782396,0.132526831022366,0.10645312456202802,0.10075626433979348,0.12883010580693247,0.10337220452856641
46,46.0,46.0,0.09014636174990323,0.08546149629583485,0.07121293921101278,0.09850006739273096,0.08101669825666985,0.14857297296174682,0.10054840491314232,0.08699178267686374,0.1318622935123305,0.10568698302976438
47,47.0,47.0,0.08978553629847555,0.09068204842509009,0.07973359083854684,0.09886926591848846,0.08163510551855838,0.12355489146389106,0.09525972571071514,0.09299416474219332,0.13199388922026284,0.1154917818637778
48,48.0,48.0,0.09156087834266285,0.08561826001753418,0.06877846505292701,0.09447558721075608,0.08832007433991426,0.13392763504734922,0.10867252871953326,0.09690608052950533,0.1312654647645002,0.10047502597531713
49,49.0,49.0,0.09664684153957412,0.07892217636248587,0.06808936361643637,0.0948017914169683,0.08802186059733783,0.13899229760281204,0.10003720862432208,0.09047272134478586,0.14329296617672055,0.10072277271855652
50,50.0,50.0,0.09584721723446338,0.08638892427826567,0.06883264619621154,0.08939776519773443,0.07906185426647129,0.1351526857140328,0.09807376664882175,0.09420231351430239,0.14398245366356832,0.1090603732861279
51,51.0,51.0,0.10783646742751236,0.0819523456128424,0.06627737512564734,0.09562723865649297,0.08577871892093245,0.1333447738007416,0.10385100276004562,0.08906199281276893,0.13520035152908877,0.10106973335392708
52,52.0,52.0,0.10281462987714793,0.08015848531742868,0.06106647080934623,0.10535063610707782,0.08120585206045985,0.13125487839975752,0.09913823734301211,0.09549711575080475,0.1355573644708527,0.10795632986411192
53,53.0,53.0,0.09625053426325064,0.0890412185068678,0.06846767387618038,0.09505254609332736,0.07926472864809347,0.12844324335669866,0.10489396501259089,0.09538480975392206,0.13657686643268555,0.10662441405638265
54,54.0,54.0,0.09068421479817745,0.09226853299503779,0.07357144763518976,0.09107650702090372,0.08868040142025564,0.1250572204619574,0.09837672059502187,0.09303119003703793,0.13767970695889226,0.10957405807752563
55,55.0,55.0,0.09124837228469525,0.09368464311130974,0.07135233505635394,0.10037191910169352,0.08267948713300413,0.13418406901392144,0.0977826893301045,0.09697788387763182,0.12824196276073735,0.10347663833054783
56,56.0,56.0,0.09589493351695148,0.09418716493106641,0.07153302172639106,0.08573375166999736,0.09096978835119693,0.13005920369610321,0.10310959674758133,0.09418673650664841,0.1360492663713734,0.09827653648268993
57,57.0,57.0,0.09055037571935325,0.08166698826198626,0.06290159443971081,0.09484582983791694,0.08570174877025952,0.13455540179564346,0.10662178966210205,0.09825423347915409,0.1342312734071736,0.11067076462669952
58,58.0,58.0,0.09733395130271232,0.0866778575470531,0.06449874157188737,0.09896950569729512,0.07722437070693301,0.12911213651784867,0.1081761739434403,0.09078034215526014,0.1392390563047438,0.1079878642528257
59,59.0,59.0,0.09239437177955565,0.0872806557363491,0.06893989593231642,0.10233578365237375,0.08551381324953226,0.13077148244995768,0.1054323104093231,0.08862044479791363,0.13885407040604897,0.099857171586629
60,60.0,60.0,0.09717832804074653,0.08595064440362325,0.06573750229938322,0.09197272082713963,0.08651156784473055,0.13337228220902594,0.09908041189857542,0.08978573324676271,0.13801729126636567,0.11239351796364667
61,61.0,61.0,0.10185406498874883,0.08656951528632421,0.06242445594631303,0.09483128241711349,0.0748802243388418,0.13352737088878114,0.10881160068793108,0.09315846557830677,0.13764822043110425,0.1062947994365349
62,62.0,62.0,0.09154381274437952,0.08851819040471322,0.06868233801201953,0.1032544484130139,0.0741770878579914,0.13627430817132402,0.11206349849819067,0.08592342443699603,0.14081416276339573,0.09874872869797552
63,63.0,63.0,0.0936122584006216,0.10338457302142642,0.07546698765232199,0.0953911810321805,0.07482486121888807,0.13204167431840325,0.0906097037901972,0.09494471170050738,0.1347279300930993,0.10499611877235385
64,64.0,64.0,0.09985026251888339,0.09285443786196793,0.06839386668162703,0.10106820903075782,0.07256850700772438,0.1311321535478333,0.10605352165542281,0.08855245290738915,0.13840735556321745,0.10111923322517624
65,65.0,65.0,0.09727381870564825,0.08454209540858426,0.06240040211393989,0.10220040109675588,0.09239323553288877,0.13547317607640957,0.09809681714565363,0.0908365701483888,0.13377324360890933,0.10301024016282109
66,66.0,66.0,0.09924797945942167,0.08478196657419503,0.06649690487182629,0.09237863939884262,0.09354661789498964,0.14228015129885016,0.09777869824931763,0.1004837134576334,0.12445226410584384,0.09855306468907923
67,67.0,67.0,0.08920965467362231,0.09821553681974107,0.06210789860179731,0.0983108616660179,0.0834260210264522,0.12632111733390947,0.10510612749307333,0.09417936500120203,0.1333365753037025,0.10978684208048142
68,68.0,68.0,0.09745135685390274,0.07777706875131218,0.07824949425407618,0.09875105832059723,0.08229398104551865,0.13524902169036673,0.10167207863899672,0.08277554543163454,0.13766681092831604,0.10811358408527853
69,69.0,69.0,0.10721642139974474,0.08711535636045706,0.05763686576478331,0.08929068015663888,0.08368408203049495,0.13266197246663664,0.1049759383687749,0.09136674801641931,0.14206876233396987,0.10398317310208001
70,70.0,70.0,0.0948518740312451,0.08622822358258261,0.070949071081191,0.09789949835244016,0.08197292697307018,0.13309108750252216,0.10635526759980614,0.0909647815337887,0.13470574393782417,0.1029815254055293
71,71.0,71.0,0.1000698519761111,0.09219544308811974,0.05758760136187191,0.10081820694114123,0.07707216676597833,0.1424427623886164,0.10859787651745718,0.08875863980216757,0.1326037097117801,0.09985374144675599
72,72.0,72.0,0.0933059851083274,0.0871497897873245,0.06655175776201508,0.10366898459420397,0.08024700313886904,0.13410544297832366,0.09940542554084707,0.0974281831212481,0.13790530212160543,0.10023212584723531
73,73.0,73.0,0.10809418873395567,0.09406082976511256,0.06326279545121037,0.10297566683085387,0.07922157745589883,0.13592094177262967,0.10005038979839434,0.08701134896206582,0.1325012216472245,0.09690103958265393
74,74.0,74.0,0.09167499907892887,0.09201460184135017,0.06622873574264412,0.09395315630980189,0.08254581225158145,0.13416064236322248,0.10054685481548922,0.09091919348276208,0.1517777308015364,0.09617827331268289
75,75.0,75.0,0.09801461961387313,0.09667671434200845,0.06398736158083533,0.10092008601695099,0.07886953619226075,0.13144254396077948,0.10413426087155,0.09217399599090866,0.13332582997419481,0.10045505145663794
76,76.0,76.0,0.09336775993758747,0.0865257959159144,0.08217764386007773,0.09495527498490453,0.08832278026163962,0.1327710075934139,0.0947010033983434,0.09233885637652398,0.1372233415531848,0.09761653611840966
77,77.0,77.0,0.0924578878233056,0.08400628194424807,0.06928544535530767,0.08896418407305975,0.08966275419379485,0.13804975285949692,0.09907611431763384,0.09012660404207196,0.1407310372798618,0.10763993811121901
78,78.0,78.0,0.09853135522452897,0.08993967759657559,0.06261349065737239,0.10054272212823098,0.07923462725457754,0.13956058938346377,0.10485438675507655,0.08704675475702447,0.13668190607634484,0.10099449016680442
79,79.0,79.0,0.09304395631327515,0.09223123718177459,0.06873112289870721,0.08835022945396295,0.0901755616734807,0.13436748076858057,0.1024690507779304,0.09283882917288787,0.13875577579834325,0.09903675596105678
80,80.0,80.0,0.09588997840884614,0.09427954216909776,0.06707857646926343,0.09939060426551677,0.07590209787234668,0.14482395105252485,0.0963286139103248,0.08822054519559033,0.1388280967818269,0.09925799387466185
81,81.0,81.0,0.1026250544999994,0.08867186178873178,0.06528726444387403,0.09214421931670977,0.08129707040872355,0.1310477096105917,0.09736529216679037,0.09717097615429302,0.13915550671820395,0.10523504489208198
82,82.0,82.0,0.1007682573944294,0.08774583553761087,0.07026076103610143,0.09391469178683683,0.0886978045168938,0.13708212620905935,0.10150459270153858,0.08935858268417458,0.1300171878322937,0.10065016030106103
83,83.0,83.0,0.09959728623450874,0.09306616007917197,0.060076760826071815,0.09148943464965761,0.07614317877741712,0.12961321201855486,0.10938679334839921,0.09460323552264142,0.139979357192542,0.10604458135103483
84,84.0,84.0,0.09650876646797582,0.0860203494558539,0.05980080513456611,0.09613745153259094,0.09165818741779114,0.1321303525095657,0.09926801230028458,0.09351589155377285,0.13044208329837773,0.1145181003292208
85,85.0,85.0,0.090339099810859,0.08105802181668269,0.07094749289684603,0.09198986405538061,0.07440696019799817,0.13578219731121552,0.1086630051243885,0.0935389485781849,0.14226905701076226,0.1110053531976819
86,86.0,86.0,0.10604806693798112,0.09555321268443481,0.05904016090040447,0.10695915003208387,0.07743767433842477,0.13072650594840468,0.10419174451634963,0.09030281256057553,0.13213994231082465,0.09760072977051598
87,87.0,87.0,0.09611016343461995,0.08361373842972092,0.06738600730893529,0.09695401256501728,0.08425278129425731,0.13656646396213118,0.09668292837152333,0.09486633938947583,0.13383862381276446,0.10972894143155394
88,88.0,88.0,0.08900324347467777,0.09782552783588502,0.06476879567080526,0.10138963234633096,0.08022319747965108,0.13948781546359995,0.09918615519996248,0.09080950516312235,0.14053385461136475,0.09677227275459988
89,89.0,89.0,0.09458685469212787,0.08249075763023096,0.06524351848696616,0.09773871022746285,0.07986665889240109,0.13361599468145086,0.11211854402276407,0.09219011837185342,0.12995926078306336,0.11218958221167889
90,90.0,90.0,0.09382574724344478,0.08769640660919972,0.06765298257719309,0.0927206672050314,0.07288395843874103,0.1411117769930959,0.1043800319536432,0.09512399604887022,0.1465438935765604,0.09806053935421984
91,91.0,91.0,0.09308598360202638,0.08561057121120816,0.06717012540775306,0.11533705288516591,0.08843128274454509,0.13207424932615774,0.09557276433748192,0.0845404368475561,0.13639957453506013,0.10177795910304507
92,92.0,92.0,0.09903756900890193,0.08480012700998868,0.07836475605270576,0.10077665740077876,0.07462430455232644,0.12690802257389153,0.10252821126436731,0.086703266083846,0.13563223564461274,0.11062485040858035
93,93.0,93.0,0.0913177611929537,0.0910644290183282,0.06388891210656993,0.09120148040181078,0.08427297889760507,0.12907625933847527,0.10996748805413084,0.09658716903816393,0.13787096898833745,0.10475255296362437
94,94.0,94.0,0.1057680856701912,0.09993753222464623,0.0695819990169115,0.10077701014688323,0.08338416078896271,0.12008627523164399,0.09442735933966892,0.09232640834190682,0.13770387940011602,0.09600728983906885
95,95.0,95.0,0.09697601135410076,0.09243330762807386,0.07136326397062245,0.08933114715022818,0.08219252345383593,0.13826690328023047,0.10623696277739092,0.088599437004718,0.13224510702373732,0.10235533635706166
96,96.0,96.0,0.09858930657779012,0.08328641140336776,0.06877867337578696,0.10008434839089056,0.0816589088431711,0.13180899810369714,0.10216137392794486,0.09080898591174033,0.13435878382429736,0.10846420964131327
97,97.0,97.0,0.09324793393207306,0.0858825314812846,0.06575116881277447,0.09256987572994917,0.07956463024374406,0.13413132649571033,0.09747879586270627,0.09998939518903922,0.14863225973644195,0.10275208251627636
98,98.0,98.0,0.10301920427053479,0.08033128825796568,0.07465242220747471,0.099296712086833,0.08652466335269315,0.1378900495203202,0.0962105887481758,0.08646589375617804,0.13702591796876376,0.09858325983106046
99,99.0,99.0,0.10167285857075152,0.08169145980519096,0.06434620731572674,0.0916405808243097,0.08372601181744108,0.14466961455340427,0.0990956098127613,0.0941494054473396,0.13618405130961847,0.10282420054345576
100,100.0,100.0,0.10120051847377734,0.07300828308576561,0.06711487247877758,0.09932899916679891,0.09347031026879872,0.12876244578575297,0.1039743145125519,0.0923743159545963,0.13220999953023668,0.10855594074294353
101,101.0,101.0,0.09323630972921804,0.09267809613291586,0.074366768022691,0.08818536048311293,0.08342342756487407,0.13396150687193448,0.09869418741241535,0.09476442366480456,0.14320107895414663,0.0974888411638866
102,102.0,102.0,0.09666462308572481,0.08226475756491956,0.08108305680184472,0.1015262454998187,0.08330205770197882,0.12721473200277267,0.10167436784373833,0.08829459549452463,0.13477200426384067,0.1032035597408367
103,103.0,103.0,0.10111658392328175,0.08816341653142197,0.0742403649942813,0.096581472066927,0.07018813893834629,0.13622015800038695,0.10232442617212749,0.09065350072348247,0.13863516212728552,0.10187677652245868
104,104.0,104.0,0.09631189832604077,0.09411298680443209,0.07247195339400445,0.10948406195186575,0.0782307913240699,0.130435384569669,0.10296089654746685,0.08651671282939175,0.13051134648841553,0.09896396776464345
105,105.0,105.0,0.0889172646574962,0.09742197718799259,0.08029163779878971,0.10443189079841789,0.07368188054490449,0.134853401020211,0.10464322254134009,0.08575942406786836,0.12603579576435525,0.10396350561862396
106,106.0,106.0,0.09996303393015861,0.08748440523859188,0.0691212642322523,0.09919819029022404,0.07308619731143735,0.13608107164539174,0.1019089159671416,0.09164105987795254,0.13557217068623678,0.10594369082061277
107,107.0,107.0,0.09612047262322593,0.08491863854776219,0.07082141065740613,0.09534927673949035,0.07812682199058764,0.13971946837028637,0.09659529394018138,0.0879536498006507,0.14407452603690452,0.10632044129350429
108,108.0,108.0,0.10269717164056794,0.0902998386322938,0.06250994121148461,0.10064864795184356,0.08289548592423007,0.12632729236145027,0.10008323679931048,0.09126633358695649,0.1388478201867792,0.10442423170508315
109,109.0,109.0,0.09661068297122755,0.08976744629562623,0.05976089811765447,0.09825964666031992,0.0857822030524197,0.1447752540016322,0.10004618097214588,0.08702198215174262,0.1346010712595798,0.10337463451765123
110,110.0,110.0,0.10064547192676869,0.08646094233861838,0.07470150543486505,0.09827282045656546,0.07201289034514763,0.12426307122187123,0.10547703562180066,0.09201057457354708,0.13747238027837363,0.10868330780244176
111,111.0,111.0,0.09800059410207232,0.08598983947563173,0.06141970444043858,0.1009548589218765,0.07483086242057575,0.1335713673199747,0.10864469000176347,0.10529343305765196,0.12633913681655148,0.10495551344346299
112,112.0,112.0,0.09983103461613174,0.07496759759265051,0.06168483709246766,0.10156134744416842,0.08241411296571667,0.13551374829056875,0.10766281830047533,0.08792681334454247,0.13911900939302124,0.10931868096025679
113,113.0,113.0,0.0860947138804273,0.08612730283132806,0.07382186925227081,0.10411570798398691,0.08926078045854748,0.13451312958297118,0.10821258329368347,0.08305872771563283,0.13685496377114587,0.09794022123000569
114,114.0,114.0,0.09373984104185056,0.08688525168680787,0.0768698865668633,0.0974962656907163,0.084556010928975,0.13393948383721618,0.09643442433472528,0.08265391144956405,0.13664185462961587,0.11078306983366518
115,115.0,115.0,0.09091352635049221,0.1000446890184957,0.059722143906102906,0.0975904406535465,0.08678381981078259,0.13857351751087982,0.09630286498403169,0.08829168837904326,0.1362256936301453,0.10555161575647956
116,116.0,116.0,0.09956255781985593,0.09129793279817483,0.07135639563548364,0.09174830935665541,0.08088445738639163,0.13849565074886197,0.10761168827392953,0.0920125028560454,0.13067818055808617,0.09635232456651502
117,117.0,117.0,0.09072876587578765,0.09481888086968511,0.07160407852618532,0.0874937227430339,0.08684874682146085,0.13972550190457822,0.10870929977773214,0.08841237884319453,0.13007365285645486,0.10158497178188697
118,118.0,118.0,0.09878917328410691,0.0878193949895243,0.07429340045375037,0.10037455693949526,0.07359161599123293,0.1366653545556667,0.10221098355342151,0.08666301663093426,0.13162658006241315,0.10796592353945411
119,119.0,119.0,0.10002741253424992,0.09653484043424132,0.0703416927517739,0.10070587458531502,0.07659723564650495,0.13070799113175327,0.09436344919059994,0.09148200575521713,0.1364050916689306,0.10283440630141345
120,120.0,120.0,0.10225480592837075,0.08968428173308815,0.07876365826369398,0.09290822652861934,0.07040905096669788,0.13541585473270096,0.09925538802661552,0.0873974543470291,0.13662111581979383,0.10729016365338999
121,121.0,121.0,0.10535523878128812,0.08696458173758471,0.07003211082036882,0.08807654056458913,0.0772023359439015,0.13883839450236096,0.10239258097041819,0.09392924650501616,0.13124084725936544,0.10596812291510646
122,122.0,122.0,0.09795649546914535,0.10454685644200098,0.06656097985425667,0.08821842631337524,0.07889596719298808,0.12495229143448798,0.10071813217368117,0.09278986608980785,0.13799751912790786,0.10736346590234831
123,123.0,123.0,0.09372923226342406,0.0940966364476038,0.053942369256456624,0.0982003033328008,0.07879152819115101,0.137728927829314,0.1061148095971713,0.09756817662502242,0.12340757106947609,0.11642044538757945
124,124.0,124.0,0.09790049672171412,0.09204339947024394,0.06678177637893234,0.09099430170446585,0.07794326914277798,0.1425911350137819,0.09785773203195003,0.09372590839349845,0.14019494193650567,0.09996703920612929
125,125.0,125.0,0.10236587095572243,0.08844472302820194,0.07484478618085223,0.09540273101329702,0.07680815321957388,0.13313806419192525,0.1043988741362375,0.08547971474595525,0.13683017553822943,0.1022869069900046
126,126.0,126.0,0.10112184882729691,0.08972706593915311,0.05947009580584693,0.09764222907543987,0.07917593995753316,0.11996819784920787,0.10861615421283435,0.0942175484630849,0.14326254581602343,0.10679837405357899
127,127.0,127.0,0.08938416846624073,0.09204495475096962,0.061042232360311456,0.09811604469045543,0.07449256406734325,0.12903186332535047,0.09638082556113306,0.09989662590300155,0.14525072827651056,0.11435999259868343
128,128.0,128.0,0.09820469089213532,0.1017956032831469,0.07952327037748695,0.09155024613948298,0.07121288170384192,0.12719369748457873,0.10957505233205336,0.07902934646741754,0.13626444434173557,0.10565076697812026
129,129.0,129.0,0.10163574260220913,0.09895540371582093,0.07808690079463768,0.09723812175080364,0.07573171638545585,0.12900966714234147,0.09486276802587386,0.08290580587652867,0.13437957020152996,0.10719430350479833
130,130.0,130.0,0.10198420618583928,0.09445029929679674,0.06366467219176775,0.09280439766791773,0.08258864766673493,0.13122749083569632,0.1104246655542187,0.07653086029006223,0.1379327885338145,0.10839197177715129
131,131.0,131.0,0.09969262919083224,0.09854999535353233,0.06685680631416926,0.090968971466777,0.08238448575187804,0.13573046289420027,0.10569870584560279,0.08640059106848373,0.12536929883502598,0.10834805327949792
132,132.0,132.0,0.09983370791705928,0.07740107363434703,0.06669366198508712,0.09535900709226088,0.08062073437131648,0.14081350540923676,0.10992588161136334,0.08655995718292171,0.13571037299247588,0.10708209780393108
133,133.0,133.0,0.08456275872575023,0.10940517576458153,0.06067444258405352,0.094870457508938,0.08554256275864762,0.13127505579720097,0.10210172592868032,0.09818732414465699,0.13285992211201852,0.10052057467547182
134,134.0,134.0,0.10537844572547021,0.08795822304637851,0.07469950527925198,0.10675243459365555,0.08121970005802044,0.13225288600073043,0.09959320078547045,0.08657566472758167,0.1303274535285479,0.09524248625489226
135,135.0,135.0,0.10002284241341534,0.0928347934566102,0.07219390753808817,0.09472657848956728,0.0737067120165208,0.13196686056263757,0.10390615135167144,0.08746317431548159,0.13054501824622272,0.11263396160978448
136,136.0,136.0,0.10045922305230896,0.0904192280030385,0.06466856094687684,0.10412223481794809,0.0809373270471245,0.12118049325676435,0.09932975032091032,0.09006735628208215,0.1339992931875871,0.11481653308535873
137,137.0,137.0,0.10033044716412816,0.09116298513716414,0.07274207642334758,0.09892842281411135,0.07357090382367845,0.1365608706734567,0.09850774670923877,0.0955233067800586,0.13373351649711204,0.09893972397770374
138,138.0,138.0,0.09673673194340811,0.09109222936167478,0.06878951091469955,0.10022819212549812,0.06696169718552138,0.13234205700542762,0.11004904583483358,0.09455517179628373,0.132975987438022,0.1062693763946307
139,139.0,139.0,0.09902708134725066,0.09037166954304603,0.06127012017713727,0.10893950870113452,0.08446644491876523,0.12844555922927764,0.10937019029986013,0.08338552247124106,0.1278627238200028,0.10686117949228413
140,140.0,140.0,0.09474441919374557,0.0919182586455917,0.06706299651949826,0.09536747197752743,0.07667813780548374,0.13641662333398297,0.10153865027620249,0.09528599154475385,0.1287966275629659,0.1121908231402475
141,141.0,141.0,0.09871666119099641,0.08530344009377862,0.06046970428303607,0.0934969952214015,0.08441680584615016,0.13252151946314614,0.10426760418321783,0.08875512294336821,0.14058022584813146,0.11147192092677316
142,142.0,142.0,0.1071942157144076,0.0908827425254685,0.06866611211334252,0.09929843033723998,0.07624169195814977,0.13161729994681806,0.09961765008693114,0.0837990783028946,0.14307002041544198,0.09961275859930538
143,143.0,143.0,0.10662056233577173,0.08941021361225866,0.07070933579951563,0.10085371178172187,0.07717942132221314,0.12626348864652664,0.10532286073309574,0.08707195854412735,0.13647838554327127,0.10009006168149759
144,144.0,144.0,0.09256155467568492,0.08634845034791674,0.07198475148507286,0.10086088376937272,0.07161031619335292,0.13673258218949652,0.0986688103624568,0.10423958290938415,0.13336816445584215,0.10362490361141971
145,145.0,145.0,0.09963222019848836,0.08864289099865579,0.05456960315856089,0.1060687910440129,0.08846050032222018,0.13254587778707005,0.09461148599869097,0.08989918644131897,0.13637478804078315,0.10919465601019825
146,146.0,146.0,0.09429000480761154,0.10391407843767948,0.06063078455359651,0.10625126008131466,0.08171237501833212,0.12932074783102204,0.09951216216008847,0.08226249669110611,0.13706594914279505,0.10504014127645356
147,147.0,147.0,0.1044560261371251,0.09148230642051522,0.07695313792793589,0.10306681448833199,0.0756010652681272,0.13099879966274325,0.08653072107684473,0.08379373406080332,0.14132236376389734,0.1057950311936755
148,148.0,148.0,0.09830736538980532,0.07858068513032745,0.06441244283050043,0.10156192172100476,0.08564699200658267,0.13732307849972494,0.1028845652685348,0.08869177330851041,0.1359849974280777,0.10660617841693107
149,149.0,149.0,0.10549565420509846,0.08578961507362198,0.05969919075253953,0.09956476690820036,0.08416258114782317,0.13200616760041356,0.10194613950671971,0.0895365657625667,0.13246610976797288,0.10933320927504322
150,150.0,150.0,0.09917071059416577,0.10490982874795214,0.07271081140579957,0.09405581843728104,0.0742733367659413,0.12904885291508025,0.09753054337683087,0.08708298014553338,0.13656591939870372,0.10465119821271152
151,151.0,151.0,0.09030226613550783,0.09792134500931288,0.06473247647308306,0.11083765172433306,0.07698858766351012,0.13315491565991588,0.10239584013507472,0.07875328403011343,0.14384615950312835,0.10106747366602027
152,152.0,152.0,0.10544439366948152,0.08943971705997912,0.0665504010624903,0.09718785219380863,0.0716434677819203,0.13939802003725377,0.10219232900257129,0.08561266924310726,0.13625268118454434,0.10627846876484301
153,153.0,153.0,0.10239914000995132,0.09595168475143315,0.06625786020668452,0.09855459036655757,0.07968210221960333,0.13266215125474293,0.10872402944773744,0.0816308401959717,0.12668827068806912,0.10744933085924846
154,154.0,154.0,0.10694701943644835,0.09721938513058893,0.07372175478153034,0.09801143082100568,0.07847606723372862,0.13191553231286432,0.10093502716816309,0.07782282288456997,0.1357786163719866,0.09917234385911367
155,155.0,155.0,0.09760903692440041,0.09612713707977923,0.06202837870210879,0.0955041225631451,0.07823212413376694,0.13441818305595962,0.10949712670129327,0.08813452687933387,0.13546461767446133,0.1029847462857509
156,156.0,156.0,0.10305869712237656,0.09047735133523063,0.07232804478802887,0.09108971274634306,0.07138512166430169,0.13946185380535192,0.0997523078868775,0.08468300367706136,0.12270986348051498,0.1250540434939129
157,157.0,157.0,0.08303912912043507,0.07860570413958878,0.06869574738358762,0.10686952040657452,0.09212266341729583,0.1328162485260989,0.09573317963739117,0.08837727124946844,0.14177088465148252,0.11196965146807672
158,158.0,158.0,0.10215217985498048,0.09506671832825224,0.0692789755815518,0.09583043964640049,0.07028318701697692,0.12240136200472818,0.11474763656080118,0.09423232599765616,0.1253995917105123,0.11060758329813977
159,159.0,159.0,0.10279406749704276,0.08871245961881634,0.07241957056410175,0.09372333739592718,0.08103316172755666,0.12971510735420022,0.09500146446282956,0.09441299190242443,0.13493888980438715,0.10724894967271341
160,160.0,160.0,0.10594044577187586,0.0938652262739481,0.06089662598812436,0.0952081565235228,0.0796134600479407,0.1322678850618045,0.10039629411505721,0.08784574906134883,0.13408915524996923,0.10987700190640785
161,161.0,161.0,0.09429750066423717,0.1023782738862794,0.0684648284872947,0.101275912204624,0.07986009842170276,0.13269466301030391,0.10187753440548011,0.08272670435558141,0.1337490295902884,0.10267545497420771
162,162.0,162.0,0.09523507288333335,0.10322981747022439,0.06224530948178264,0.09955466175522318,0.07344830284581733,0.13451171253935298,0.09986408388065875,0.08704807506977609,0.13560663169168746,0.1092563323821433
163,163.0,163.0,0.10797830464254718,0.0806429515593877,0.07430804096280674,0.10070310425379007,0.07938719146615669,0.12418140313837682,0.10580198103879934,0.0939006625125958,0.13020632384852077,0.10289003657701841
164,164.0,164.0,0.10379114805356933,0.09176399732050092,0.066067236964752,0.09957605679741413,0.08062266265067414,0.12238307495679909,0.10597681409514356,0.08765635909464634,0.1366500287069628,0.10551262135953718
165,165.0,165.0,0.10026773204722084,0.09211082971422836,0.06843828175050089,0.09227366201431988,0.07711993969246263,0.13900561676204992,0.10269083172923357,0.0831302397772508,0.13350470353927962,0.11145816297345298
166,166.0,166.0,0.09184172580292448,0.09717831935708952,0.0702415229003866,0.08871386652939597,0.08333464451189163,0.14964547323326755,0.0982626017901887,0.0778606133239228,0.13634763017803014,0.10657360237290214
167,167.0,167.0,0.08692001776807813,0.09149944009929975,0.06867532703100895,0.08556555125980152,0.07890985538265781,0.13868518315755698,0.1075397815652964,0.08757962426536461,0.14563325150932824,0.10899196796160708
168,168.0,168.0,0.09326283374443392,0.08925513684798572,0.06514917977273416,0.09185845288868473,0.0749018054479893,0.14067402534217582,0.10911992850598126,0.08483406625613969,0.14037156747184937,0.11057300372202553
169,169.0,169.0,0.09554100340351109,0.09782898571771839,0.06971358313914074,0.0840864832182178,0.0792037528234631,0.13676022448324174,0.11059914588818313,0.08486036758990374,0.13871470143861947,0.10269175229800032
170,170.0,170.0,0.10741186041208595,0.08574894744180547,0.062291059650128225,0.09349823080113359,0.07490528017128688,0.13238893771644372,0.11072462517343276,0.09700337205601109,0.13335979036346168,0.1026678962142102
171,171.0,171.0,0.10390352090631258,0.09366224143952721,0.06676363426407408,0.09937522843842723,0.08217729957337976,0.13126348562323803,0.09407410063283558,0.08587518461892187,0.1422091519823616,0.10069615252092164
172,172.0,172.0,0.09189217319892007,0.08470004013370885,0.06172354342868476,0.08709048866014255,0.08703538148317148,0.14056959919031314,0.09640643652843739,0.09106258371438389,0.14630224596248567,0.11321750769975172
173,173.0,173.0,0.11691231275113674,0.08427489877907908,0.06478941931540498,0.10551374359633525,0.07613629294096497,0.14342738544279293,0.09615167898379709,0.0898980986913249,0.12911633386348106,0.09377983563568247
174,174.0,174.0,0.0983884506822231,0.09955700141919753,0.07454640678263688,0.09844863756918544,0.06636420284279684,0.13305517397176386,0.10200269244974769,0.08409202310863095,0.13254806276323577,0.11099734841058143
175,175.0,175.0,0.09607680946126473,0.09503817077172091,0.07364690471214252,0.07575971184192562,0.08594956537738825,0.13748820405532694,0.10272647066865419,0.08049935660274951,0.13633096366961858,0.11648384283920832
176,176.0,176.0,0.09830002246632392,0.0991200067900498,0.06688856031161262,0.09358087421918,0.0749123643778825,0.13322105549790444,0.10500945233061458,0.08271100618563622,0.13229051491559346,0.11396614290520198
177,177.0,177.0,0.08933723439849071,0.09017080542663733,0.0663456552128101,0.09337605651284545,0.07550496735318292,0.14657351501518176,0.10779699165489856,0.08069174867076233,0.14672442278289183,0.10347860297229854
178,178.0,178.0,0.10143214170338233,0.09244350749944288,0.05859445532126369,0.08973072388018867,0.0637607621640824,0.15283411885272818,0.10910856560114801,0.08050104938700096,0.14279523877446668,0.10879943681629575
179,179.0,179.0,0.10201150633647675,0.09651052832564691,0.06901589258611858,0.0942556156402791,0.0687738568956553,0.13623947037232081,0.10845918712086478,0.08765119039067695,0.12775616215630625,0.10932659017565405
180,180.0,180.0,0.0996863319427209,0.08871519893452977,0.06703098409439903,0.0920881750812166,0.08066487851039433,0.13044705624032654,0.10647004668030183,0.078432504227552,0.14633328535212206,0.11013153893643653
181,181.0,181.0,0.09237941400192151,0.09854186677808326,0.06210362705939537,0.09797577129679547,0.07859566076073929,0.13364787653995294,0.09908451589165164,0.09253855888209724,0.13398920499713898,0.11114350379222393
182,182.0,182.0,0.1021799811865475,0.09205048028609406,0.06558247044051554,0.09319920078422399,0.08319740451079817,0.12564921135228602,0.09904079003196618,0.09676973634347553,0.13296791269564606,0.10936281236844651
183,183.0,183.0,0.1091336017110797,0.07920783852757798,0.07264505169890048,0.08577181496038838,0.07355184126493809,0.13850969472216373,0.1034380697597,0.0830767533411181,0.14674930900190064,0.10791602501223233
184,184.0,184.0,0.09609707495349515,0.08973085883422445,0.06981054002170896,0.10749122938771247,0.0718704052341648,0.1343446751140556,0.10009731667113919,0.08570043561265116,0.13481014321226628,0.1100473209585815
185,185.0,185.0,0.09479510741314293,0.0969620890951709,0.0633522813455896,0.08885217231313143,0.07860075209396011,0.1448322553562167,0.09903665558891539,0.0904122443864765,0.13642709706189524,0.10672934534550076
186,186.0,186.0,0.09673821889962678,0.09827318708772337,0.06531040184528826,0.09846667104912506,0.07023627451934143,0.13394747602304913,0.09605317773270627,0.08426752548102559,0.14079485661839547,0.11591221074371807
