,Unnamed: 0,Generation,Intertwine_two,Add_vertex,Delete_vertex,Invert_path_vertices,Insert_inside_vertex,Delete_inside_vertex,Replace_inside_vertex,Donate_between_routes,Trim_one_terminal_cb,Grow_one_terminal_cb
0,0.0,0.0,0.10000000000000002,0.10000000000000002,0.10000000000000002,0.10000000000000002,0.10000000000000002,0.10000000000000002,0.10000000000000002,0.10000000000000002,0.10000000000000002,0.10000000000000002
1,1.0,0.10900000000000001,0.10091991033771856,0.09925946790394094,0.09777801534241966,0.1008281492488168,0.10054056858878813,0.09967582714774433,0.10089011734966691,0.09966756693571312,0.09998121633019051,0.1004591608150012
2,2.0,0.31601,0.10134758917163031,0.09884933737601648,0.09562090174004019,0.10125234041749157,0.10118534022103683,0.10054741006389883,0.10194390284986268,0.09874567998439858,0.10090371179270505,0.0996037863829196
3,3.0,0.6191589000000001,0.10165900093837311,0.0981189146534686,0.0932156006143376,0.10211962036320434,0.10133698260486303,0.10070083889414999,0.10280794020317363,0.09840407394993836,0.10156937164853777,0.1000676561299536
4,4.0,1.015801321,0.10203697798213326,0.09764349995530536,0.09091133141963033,0.10306882608708437,0.10064501102585416,0.1012154657175162,0.10368574115125823,0.09850255166968547,0.10183596923750497,0.10045462575402762
5,5.0,1.50262148669,0.10252542370726982,0.09626195673677365,0.08865901672388801,0.10372496748978849,0.10056267084787962,0.10203652933118117,0.10425928928451952,0.09787018288301966,0.10348301551366272,0.1006169474820173
6,6.0,2.0757334209441005,0.1026505079993779,0.0951439751244052,0.08651606239179432,0.10417760829697277,0.10013877571002616,0.10321212702359532,0.10482267440420742,0.09765319397155003,0.10510701966062914,0.10057805541744161
7,7.0,2.7307768275633495,0.10322035991907014,0.09478707253800915,0.08410293833179185,0.10498814523864525,0.09991117745914666,0.10438146794994561,0.10517686661991957,0.09642416364405658,0.10594152042390209,0.10106628787551296
8,8.0,3.4630081252450404,0.10368044674764491,0.09347015399213085,0.08238390436578694,0.10550507560905038,0.09897655069497195,0.1055910572891787,0.10567204088505952,0.0958392909951312,0.10743859026266496,0.10144288915838039
9,9.0,4.2673862119061114,0.10433330612568492,0.09277885084435651,0.08023290166394578,0.10546489889698878,0.09845486458089545,0.10758011524596424,0.10576134130130019,0.09520462215738684,0.10853411684143735,0.10165498234203975
10,10.0,5.138652627782014,0.10426404050216656,0.09187092826147165,0.07756607197882484,0.10549398395961745,0.09796487785971959,0.10894249679045845,0.10665778189203268,0.09574055768990908,0.10956490768775029,0.1019343533780492
11,11.0,6.071405875792507,0.10456645472646497,0.09017572598743114,0.075678108847794,0.10597756506585129,0.09790080764608608,0.11024300239780008,0.10738887013714865,0.09487209383678544,0.11095632532344755,0.10224104603119061
12,12.0,7.060169740244025,0.10477506981607651,0.09015892108233942,0.0735300993485351,0.10525883420217086,0.09730995025655426,0.11149613635748461,0.10778120730123403,0.09450291046479344,0.11323789506233217,0.10194897610847944
13,13.0,8.099455520847952,0.10545559676965255,0.08977279972485752,0.07142288116779993,0.10513665394430499,0.09675728842060481,0.11231339258435107,0.10806510711982867,0.09398416334874343,0.11466035267181243,0.10243176424804436
14,14.0,9.183818168183006,0.10554339501648836,0.08884160079783486,0.06964629655220457,0.10530626175620193,0.09619860585289723,0.11384313663397519,0.10848943544505651,0.09309355922398525,0.11626872017130191,0.10276898855005394
15,15.0,10.307906369102724,0.10575979493331966,0.0880215229596576,0.06832205930747279,0.10518630796406726,0.0957303907460354,0.1147639522494223,0.1085541521526143,0.09337219352180215,0.11688061753403721,0.10340900863157111
16,16.0,11.466506686239443,0.10522208647330362,0.08764885322226842,0.06744214641397961,0.10445672932039518,0.09478386556307294,0.11630929326417777,0.10873636813479703,0.09383940475668796,0.11840664189899189,0.10315461095232534
17,17.0,12.654581904800096,0.10508995856192022,0.08711720295321321,0.06590022054882261,0.103825345451216,0.09437492298969338,0.1178207849749017,0.10815169592931248,0.09392029099687813,0.12071158214549879,0.10308799544854326
18,18.0,13.867303782456686,0.10490769718054188,0.08665089747891215,0.06477819432391657,0.10284538188510203,0.0944176443007857,0.11880350440489362,0.10851672588011269,0.09371789383115552,0.12156382215105394,0.10379823856352569
19,19.0,15.100080434523047,0.10520731336938804,0.08595678125485831,0.06456544924944939,0.10207664184609397,0.09410001098361762,0.11916812686038927,0.10808202043291182,0.09331130427421805,0.12281765052685656,0.10471470120221674
20,20.0,16.348578617037543,0.10540490314295488,0.08540361320105817,0.06379561070631443,0.10139097419441098,0.09330738687911984,0.12034154988690415,0.10792552291159191,0.0930806887214123,0.12456973473196702,0.10478001562426609
21,21.0,17.608741195130214,0.10578034252111058,0.0860278613473641,0.06288161453347872,0.10089672963200029,0.09293663810371527,0.12111532037610405,0.10686526012586847,0.0930018993619667,0.12530640237372587,0.10518793162466568
22,22.0,18.876800103462312,0.10578941402018804,0.08621839599913958,0.06281129144135665,0.10014762831795983,0.09255297932428898,0.12141890835108653,0.10731834024603586,0.09294664461836426,0.12689487670708902,0.10390152097449104
23,23.0,20.14928511992658,0.10623229686606321,0.08561203568862852,0.061921166329767845,0.10081181037169104,0.0912261401083348,0.12294880637818441,0.10735766771330223,0.09185866701230996,0.1278928234280246,0.10413858610369317
24,24.0,21.423028783545156,0.10612209240842306,0.08447504677864033,0.06108001137932591,0.10031646154502512,0.09051111740840599,0.12389971998768554,0.10769962489463902,0.09231057498955124,0.12888340811574603,0.10470194249255751
25,25.0,22.695167792966423,0.1050440087689151,0.08349844814203339,0.06006677309355301,0.10079485617039788,0.09034631079939365,0.12474160157095712,0.10781024333850685,0.09255070263244107,0.12989504899238033,0.10525200649142132
26,26.0,23.963141223515898,0.10519083114719464,0.08343511322243788,0.05898127883980817,0.1000750369864281,0.09042933724122573,0.1255626401512272,0.10763746562900911,0.09250665259868579,0.13065935273229035,0.10552229145169276
27,27.0,25.224685898775267,0.1050220850871213,0.08236531771302966,0.05920674165508336,0.10025893962852933,0.0901196294746966,0.12643223387013441,0.10719930437096845,0.09259573775221101,0.13119417145732676,0.10560583899089884
28,28.0,26.477829247520948,0.10458908099362758,0.08223300425300081,0.05942413205597586,0.09962706966726442,0.08923365356309397,0.126974017443091,0.10710150192725161,0.09199960794605012,0.132930968248139,0.1058869639025053
29,29.0,27.720879968916847,0.10416876438547375,0.08227460414467015,0.05883934539849455,0.09864165172946555,0.0889741726098629,0.12850260413117182,0.10651530772123655,0.09249854223845674,0.1335765163145966,0.10600849132657107
30,30.0,28.95241681848399,0.10344966794719683,0.08316021141440638,0.059175592402800015,0.09887411764005427,0.08780195479672881,0.12876839229358483,0.10615729312328065,0.09283445037655164,0.13432365866269175,0.10545466134270452
31,31.0,30.17127581490958,0.10376984176152254,0.08325631740775359,0.05957711617649304,0.09826602420066521,0.08661428351996997,0.12881734764786135,0.10547642135597116,0.09314673011915502,0.13590842759108093,0.10516749021952686
32,32.0,31.376536153543515,0.10404472374283211,0.08232014226417536,0.060028559006110954,0.09716775806762173,0.08562312943094613,0.12932983536359197,0.10543716793588026,0.0936447338083573,0.13671248610691383,0.10569146427357003
33,33.0,32.567505096778625,0.10415607775518347,0.08287113550621646,0.0601539879356824,0.09690150257406094,0.0853499108237199,0.13014827246066324,0.10432722145535574,0.09352876203632163,0.13778267268278127,0.10478045677001463
34,34.0,33.74370209472243,0.1041960820002646,0.08253956359638552,0.061022192199449765,0.09618400588588917,0.08601573650937236,0.1302598616537813,0.10386529257019345,0.09342512451350883,0.1384840782682693,0.10400806280288542
35,35.0,34.90484237192463,0.10284531282937502,0.08249238218372892,0.06170832828721168,0.09640324337178484,0.08595382093531363,0.13053103869005506,0.10381318398195628,0.09398103735598763,0.1387944273570427,0.10347722500754396
36,36.0,36.05082019768737,0.10253260603782272,0.08282780820554375,0.06282074028563413,0.09618348616192318,0.08536081424534708,0.13016874018282942,0.10350123322559836,0.093688374683124,0.13928163524686019,0.10363456172531686
37,37.0,37.18169203889697,0.10240712186060293,0.0827484184878374,0.06351036990892966,0.09593028462304853,0.08485292765569197,0.1310023303780942,0.10247735421228583,0.09328663151439816,0.1398886102747236,0.1038959510843874
38,38.0,38.29765977559663,0.1014800399914161,0.0835424035578712,0.06382084547204599,0.09591187979485469,0.08441257471626752,0.13095477638500336,0.10187643129894766,0.09345726988652353,0.13993475431925603,0.10460902457781364
39,39.0,39.399054140870355,0.10046479395892385,0.08415169708488637,0.06531822347398247,0.09518819796241612,0.08537939064155893,0.13075098788321474,0.1014895674190512,0.09363382573051796,0.13964075916120225,0.1039825566842458
40,40.0,40.48631852820801,0.0996962004931157,0.08450192295618685,0.06533505599896576,0.09533606392100571,0.08474830060302517,0.13126014541857417,0.101024515620797,0.0934893800147979,0.14007279713340232,0.10453561784012913
41,41.0,41.55999329152982,0.099162359278068,0.08427374688561956,0.06577571778855477,0.09593463223209495,0.08490336607659334,0.13184221888186856,0.10118016225683865,0.09331705949654474,0.1401189150528065,0.10349182205101068
42,42.0,42.62070064560415,0.09957338822899006,0.08436774489400431,0.0663537588777219,0.09498765764774156,0.0846003073746219,0.1314286251755701,0.10089156049003896,0.09395711562727321,0.14056028869800577,0.103279552986032
43,43.0,43.669130257815,0.09984185837282794,0.08510948951314849,0.06703056700371285,0.09502875242119534,0.08388285656418926,0.13128271736288824,0.10077760078985538,0.09403970501782764,0.13958765472436804,0.10341879822998655
44,44.0,44.70602560622662,0.10024149477728773,0.0855209923891866,0.0674875098299573,0.0945365756470243,0.08313661613129994,0.13142980223050946,0.10108364170845428,0.09405194854177201,0.1392611946877746,0.10325022405673354
45,45.0,45.73217116373481,0.09972613386640121,0.08556935342815317,0.06772365271199737,0.09408810960154798,0.08316859054004777,0.13181810896956242,0.10141606024433758,0.09476450322356236,0.1385357942724643,0.10318969314192558
46,46.0,46.748380453854836,0.09857519544516127,0.08565713093360382,0.06833250201088148,0.09427777766167572,0.08265608594538318,0.1337792864491762,0.1011751356049209,0.09408927188204302,0.13808909578456952,0.10336851828258463
47,47.0,47.755485010424316,0.09741897998394998,0.08625622955505724,0.06976133591463189,0.09452762166567699,0.08224027865948677,0.13319047489616873,0.10042316820228539,0.09401082698915679,0.13763795869353507,0.10453312544005092
48,48.0,48.7543242612326,0.09647958583642381,0.08633329766231007,0.07005149639868442,0.094356529841033,0.0825284972529063,0.13360146302248505,0.10103604341587953,0.09432125154182075,0.13710265217129508,0.10418918285716178
49,49.0,49.745736344347726,0.09609354034840377,0.08572590021688502,0.07023100037722506,0.09423635819317187,0.08281598838359631,0.13448108031196465,0.10080046395162967,0.09398314601062321,0.13776525456843317,0.10386726763806706
50,50.0,50.730549855707864,0.09567166999058636,0.08585788006903645,0.07044546584828128,0.09359345542041143,0.0822307884902681,0.13493388685652685,0.1003844656829817,0.0940167060028387,0.13848582259062509,0.10437985904844382
51,51.0,51.70957651737491,0.09649266716029437,0.08553831451152272,0.07036682946865475,0.09359583336857612,0.08234410570948085,0.13516280954387877,0.10056468386197931,0.09353473400079394,0.1383110899078793,0.10408893246693968
52,52.0,52.68360474770151,0.09684281886066731,0.08503545979123217,0.06973407175193069,0.094590627319862,0.08202315065283959,0.13514167006496572,0.10028846687035448,0.09369974408087697,0.13815842440379655,0.1044855662034743
53,53.0,53.65339410751842,0.09656126393977804,0.08542239411717657,0.06981803410413662,0.0945637329625164,0.08153200577470202,0.13480261311298603,0.10060394204957658,0.09385499626996271,0.13809696504697594,0.10474405262218892
54,54.0,54.61967059027847,0.0957481252677051,0.08612955470324044,0.07039047399474332,0.0941468122649711,0.08200886989032834,0.13409526586916728,0.1002790454987497,0.09377465940329108,0.13813673469231516,0.10529045841548831
55,55.0,55.58312271885972,0.09502207710679597,0.08696900002524309,0.07071556837481023,0.09467042179281865,0.08190467148096614,0.13428095775085472,0.0999082122274765,0.09408959091368345,0.13722418267597075,0.10521531765138036
56,56.0,56.544398407394254,0.09479555283698236,0.08784190942788182,0.0710325896506896,0.09373486859780057,0.08264767119087982,0.13403462502522226,0.10008589779610459,0.09412279746557772,0.13709379402317207,0.10461029398568908
57,57.0,57.504102543001395,0.09406821902118997,0.0874389627783805,0.07045977039107003,0.09372406736979821,0.08287278814331156,0.13422279116881589,0.1006272710888367,0.09456007244994385,0.13678419966271527,0.1052418579259379
58,58.0,58.462795239617805,0.09405679771229437,0.08751967797717204,0.07002836601111648,0.09413793147521511,0.08225594520043696,0.13385114027653894,0.10132989066616209,0.09424317241377607,0.13698081376550575,0.10559626450178208
59,59.0,59.42099071417639,0.09358533211787684,0.08764418327071286,0.0700289212608089,0.09489535270781899,0.0824794150611747,0.1336351990291137,0.101756324765116,0.09370734434290526,0.1371418502935401,0.10512607715093261
60,60.0,60.379156734137354,0.09362749910563693,0.08761960162628336,0.06969829136895382,0.09461512984408461,0.08281065737724207,0.13367229471654624,0.1015416854595418,0.09329075892855652,0.13722022745592777,0.1059038541172268
61,61.0,61.337714584760846,0.09416853137877235,0.08764267566234032,0.06902981194028153,0.0946223613355516,0.08198265021578871,0.13371818957813583,0.10229701622785095,0.09321805503197914,0.13726183045665488,0.1060588781726446
62,62.0,62.29703950447439,0.09370129053625705,0.08784757820287031,0.06898791510110744,0.09547327548827755,0.08109610586362619,0.13403228049492724,0.10336714954495593,0.09242852151639169,0.13761973129028296,0.10544615196130358
63,63.0,63.257461537171835,0.09346604356569871,0.08952533487303704,0.06962561713899011,0.09553058321689492,0.08029380310271322,0.13391411921151136,0.10227185354908341,0.09255501910792016,0.1373651630882497,0.10545246314590122
64,64.0,64.21926675122782,0.09387958385237162,0.09012089474172516,0.06955065058114834,0.09614846895066115,0.07929140577793695,0.133698097530449,0.10271384744173186,0.09205353798690984,0.13747762192348006,0.10506589121358587
65,65.0,65.18269877636592,0.09405383251571885,0.08985299980940853,0.06887226638332683,0.09686698271845152,0.08030449205045262,0.13391212083052437,0.10234936823627545,0.09179560585130529,0.13712472101615397,0.10486761058838243
66,66.0,66.14796061122655,0.09444027225000799,0.0895827724428764,0.06860665223838223,0.09658480312345459,0.08145249536675117,0.1348010498752951,0.10194699955082487,0.0925185909031565,0.13584149747518148,0.10422486677406954
67,67.0,67.11521665648885,0.09383231260438242,0.09063491677886526,0.06790760140726365,0.09688200207742875,0.0815945798898485,0.13407997363333024,0.10227592764527985,0.09261849382972423,0.13546113507439875,0.10471305705947825
68,68.0,68.08459493066005,0.09406309256203985,0.08961380607482111,0.06883461819643015,0.09720778939734932,0.08162756637390878,0.1342462068882134,0.10225686004335958,0.09158363321839322,0.13553058687844868,0.10503584036703585
69,69.0,69.05618942810752,0.09528118362143435,0.08951026782886078,0.06770181921832717,0.09657039285811447,0.08180292845477677,0.13414714004325676,0.10256423736056555,0.0914232980488062,0.13605465088315766,0.10494408168270027
70,70.0,70.03006258152917,0.09526036321582255,0.08930442101502499,0.06791287113513982,0.09678482066536849,0.08180845035757264,0.13408603971061814,0.10300292687923612,0.09123823424759094,0.1358501477622893,0.10475172501133696
71,71.0,71.00624779379335,0.09575933775341275,0.08968511885880208,0.06679703288779981,0.09728082332763792,0.08132498881553472,0.13495626737777183,0.10365553174501047,0.09084832812619706,0.13544444749265871,0.10424812361517458
72,72.0,71.98475200689319,0.09557513329269254,0.08954828483041512,0.06659709978994884,0.09804767732512171,0.08116482884449411,0.13498060528728933,0.10337305447427082,0.09134347006561033,0.13558106911316492,0.10378877697699218
73,73.0,72.96555827861411,0.09686547815876353,0.09009225325221475,0.06608781035052315,0.09872472721921294,0.08090896404520428,0.13517530766219604,0.10314364506702564,0.09080826152572044,0.13518686285426684,0.10300668986487231
74,74.0,73.94862834037681,0.09649715667847666,0.09041688780458715,0.06589779373519028,0.09847433046790625,0.08099423533951865,0.13518196619977568,0.10295589054952814,0.09067938916625261,0.13673287172461934,0.10216947833414514
75,75.0,74.93390511255946,0.09675140782371744,0.09119124729215577,0.06550595078528434,0.09890045462086411,0.08071886766759014,0.13490593580498753,0.10312156173204609,0.09069128233671131,0.1364295382159716,0.10178375372067157
76,76.0,75.92131515639825,0.09652818000470711,0.09092793365885665,0.06695713446624876,0.09870768156928242,0.08139786785503907,0.13475572089449955,0.10233746704038661,0.09073329936522766,0.13651525213366983,0.1011394630120822
77,77.0,76.91077104428919,0.09620468355549845,0.09039497861429138,0.06712618502257803,0.09789755266583063,0.08221221454102463,0.13512855486865782,0.1019929282734017,0.09056594502756014,0.13695024512646112,0.10152671230469597
78,78.0,77.90217363294813,0.09648341553401106,0.09044477167271497,0.06663272765680812,0.09823695677231342,0.08197681926101762,0.13564440107770534,0.10223150248730187,0.09010294778529973,0.13697463362115558,0.10127182413167214
79,79.0,78.89541422641172,0.0962060138204522,0.09071369044305472,0.06676018688175434,0.09734622885428032,0.08283163503083722,0.13562851368741738,0.10223391452477515,0.09023489577856897,0.13720104296313232,0.10084387801572725
80,80.0,79.89037661826481,0.09620933391273456,0.09117572330248,0.06672935490143109,0.09755865121520274,0.0822470621099879,0.13664725173536427,0.10162439303427209,0.0899178599087247,0.13742759079761188,0.10046277908219065
81,81.0,80.88693900474995,0.09688263604986513,0.09106182302659233,0.06652596713227954,0.09704351237565535,0.08219699409248479,0.13626825882749477,0.10112653372722644,0.09051059757460378,0.13767822990212333,0.10070544729167444
82,82.0,81.88497576253909,0.09736035244722699,0.09084281054080272,0.06682788077238183,0.09670794173648595,0.0828830070507114,0.13647840137808998,0.1010547779887558,0.09032942591268,0.13700474597575343,0.10051065619711183
83,83.0,82.88435908692391,0.09770727913833262,0.09114676200771626,0.06611553183010813,0.09613546994801908,0.08230310411382949,0.13592667550288487,0.10178291603594612,0.09068112826851024,0.13732495179661075,0.10087618135804235
84,84.0,83.88496048800103,0.09772956125463614,0.0907349312463212,0.06538643450287086,0.09603858667370861,0.08327109308130906,0.13561870162945808,0.10150240094673048,0.09092814706441191,0.13668595369992523,0.10210418990062833
85,85.0,84.88665214409042,0.09712044054573103,0.08982090497924386,0.06578905939090227,0.095537621627697,0.0825010313734262,0.13567182613234002,0.10216709276238232,0.09117864712805822,0.13723111408013125,0.10298226198008777
86,86.0,85.88930811312994,0.09807531521307992,0.09036017159402386,0.06501227292554582,0.0965482041082337,0.08203010653862,0.13521517276044145,0.10238314845928517,0.09110408659808023,0.13675922638162918,0.1025122954210606
87,87.0,86.89280540413424,0.09802063958060682,0.08970349453275857,0.06508802862732668,0.09656132405324858,0.08224186056087572,0.13534329385898503,0.10184480293258574,0.09148532206361502,0.13645820276246326,0.1032530310275345
88,88.0,87.89702491199675,0.09724163475392694,0.09047276655720583,0.06491746738193255,0.09702062086701102,0.08204959000677907,0.13576296969885254,0.10155899589578954,0.0914565607332196,0.13683060879557696,0.1026887853097058
89,89.0,88.90185221995306,0.09701650761886757,0.08970516197142976,0.06480994782558264,0.0971125859023036,0.08182262872409579,0.13559074433416587,0.10257128003799484,0.09156226630103585,0.13614534730070704,0.10366352998381681
90,90.0,89.90717827491419,0.09671348592317842,0.08946273869871618,0.06495846234050424,0.09669981137507537,0.08090053382599789,0.13616557224058523,0.10280395719891523,0.09195706760048034,0.13712521436949737,0.10321315642704944
91,91.0,90.91289994163006,0.09633791264611902,0.08901831089257965,0.06507078488935657,0.09855016142688297,0.08154521509441762,0.13582862663719394,0.10214840062967473,0.09128570213433285,0.13708684961932927,0.10312803603011303
92,92.0,91.91892044225806,0.0965625359470122,0.0885032040501211,0.0663123316530029,0.09892730583965392,0.0808135910932748,0.1349712091458048,0.1021881880471249,0.09083030348556133,0.13696871470429056,0.1039226160341531
93,93.0,92.92514968840067,0.09601746646684012,0.08862900732234105,0.06610266358966804,0.09832771162686223,0.08105810406136463,0.1343357252142938,0.10297132463397883,0.09136756462308161,0.13707290182453144,0.10411753063703785
94,94.0,93.93150451304501,0.09692493932967014,0.08965389480493068,0.06646113350886985,0.09867436749760644,0.08122143267014363,0.1328121966064926,0.1021920963249027,0.09147721962137498,0.1371579419455641,0.10342477769044445
95,95.0,94.93790881009448,0.09695088893801332,0.08992870745380124,0.06699309158660299,0.09786279790810351,0.08127089196572025,0.13313182445058167,0.10259410382065404,0.09121170387332544,0.13669406019140118,0.1033619298117959
96,96.0,95.94429358933806,0.09713582433205199,0.08928639521705688,0.06725709652091946,0.09812238889403835,0.08127126018555389,0.132825049780905,0.10258478027145301,0.09116757192209701,0.13644344476103393,0.10390618811489002
97,97.0,96.9505969547639,0.09678266374457249,0.08890792637364174,0.06720716627405171,0.09762419311025408,0.08106604021003763,0.13277102490062526,0.10210389720721313,0.09204230823361775,0.13762439185555048,0.10387038809043528
98,98.0,97.9567640140995,0.0974065989515621,0.08798192614331266,0.06803779441672798,0.09779795736673358,0.08156233144330496,0.1331118778267853,0.10149803072449913,0.09155669164025451,0.13763668874265647,0.10341010274416282
99,99.0,98.96274672736057,0.09788963212106416,0.08720803671188554,0.06782088453386931,0.09720371961851378,0.08177875171881425,0.1341443836805731,0.10118837857675185,0.091837079896503,0.1375574615673984,0.10337167157462612
100,100.0,99.96850370202192,0.09831496022841546,0.08558805278259166,0.06786778538342016,0.09738211609142285,0.08296743241289464,0.1335881743809453,0.10137663442611844,0.09193504363336066,0.13707501782915016,0.10390478283168018
101,101.0,100.97399994219691,0.09793019023302932,0.08597125085397392,0.06862765657336084,0.09644777787942617,0.08313758554573357,0.13355923483394652,0.10104402878139905,0.09226661449076576,0.1376912762241286,0.10332438458423578
102,102.0,101.97920655893245,0.09787978976779435,0.08534186371420774,0.07004056063671613,0.0968583378163366,0.08328144479919049,0.13286253447511132,0.10101920333059407,0.09194302353714273,0.1374580993378788,0.1033151425850273
103,103.0,102.98410044840509,0.0982674737660179,0.08533451012357554,0.07073833007463083,0.09678004349310164,0.08209973237996634,0.13307956872719767,0.10106841790283994,0.09185119792135162,0.1376076949758581,0.10317303063545999
104,104.0,103.98866394444643,0.09816441190626762,0.08595113798338605,0.07122450175792289,0.09799785187642232,0.08172134050682077,0.13272782810373548,0.10118891813808803,0.09134289910575183,0.1369402241576667,0.10274088646393786
105,105.0,104.99288445143917,0.09731366772983566,0.08691862058378202,0.07245649922972508,0.09870352440682058,0.0808909912512457,0.13283013875233307,0.10148332073329244,0.0907614394327961,0.13582765657219592,0.10281414130797306
106,106.0,105.99675406321822,0.09756861086758972,0.08690063129524044,0.07252661098338395,0.09887254329727559,0.08001201749081802,0.13306521802126775,0.10150645142963703,0.09077626915449508,0.13568206462938195,0.10308958283091013
107,107.0,107.0002691731872,0.0974377477915008,0.08663370200590355,0.072725672736681,0.09864302541354121,0.07965574537255432,0.13367078757203965,0.10099993149902618,0.09042952280352855,0.1364001684764847,0.10340369632873968
108,108.0,108.0034300804274,0.09796446817307224,0.0869144350193721,0.07205463874926345,0.09893345895267508,0.07979667762566157,0.1329370693748332,0.10084881147180089,0.09042396073626048,0.13660053492946886,0.1035259449675918
109,109.0,109.00624059613932,0.09787719468422743,0.08714770953395624,0.07108035687582685,0.0989731008987349,0.08024317644926275,0.13405542139123178,0.10070144211785675,0.0900029434607048,0.13637866269700777,0.10353999189119042
110,110.0,110.00870765431864,0.09818946232269121,0.0870532035689979,0.07158436933387324,0.09900296148742915,0.07932348438580818,0.13311791825411842,0.1011053425528154,0.09009307754179549,0.13644833267529788,0.10408184787717284
111,111.0,111.01084093013685,0.09823057551087977,0.08691511530193291,0.07074097180768225,0.09929073845347644,0.07870445279583527,0.13311644657020427,0.10182933531296433,0.09152165903350512,0.13540795178560752,0.10424275342791184
112,112.0,112.01265246907188,0.09844832161756734,0.0856793589150133,0.06991521462564085,0.09962702777983218,0.07886691351562114,0.13331390935923865,0.10245089517385754,0.09120843814497431,0.13565890809284262,0.10483101277541183
113,113.0,113.01415632942268,0.09728448817000135,0.08557603107742977,0.07030343260245217,0.10020446742417756,0.07973326690721247,0.13341356238792312,0.10311739477924842,0.09040691453440129,0.13569296522016847,0.10426747689698516
114,114.0,114.01536824044418,0.09688965304043855,0.08556434362669155,0.0709928148795398,0.10010133128035945,0.08013778314220077,0.13345688121111413,0.10259038041334873,0.08957157979009102,0.13571392570611848,0.10498130691009731
115,115.0,115.01630527795908,0.09622017183471031,0.08688297773479711,0.06995725537971587,0.09999187559130972,0.08076881091973873,0.13396409754561342,0.10204135198818341,0.08931437952975443,0.13570045333276143,0.10515862614341535
116,116.0,116.0169855589429,0.09642947544164909,0.08732668992289702,0.07008632588807626,0.09928513799209822,0.08080694976599424,0.13445889977011366,0.1026207238644829,0.0894447538316446,0.13513882929250798,0.10440221423053578
117,117.0,117.01742795623892,0.09576580031726924,0.08811783812809074,0.07023995833214486,0.0981482472050913,0.08143847874733509,0.13506757439752298,0.10330182934762716,0.08922775579230467,0.13452830839877256,0.10416420933384117
118,118.0,118.01765183424293,0.09592416310174448,0.08819693335216494,0.07066080092650351,0.09830658367181062,0.08073524442826033,0.13535594610237078,0.103319067364327,0.08884936756618161,0.13408958575958332,0.10456230772705317
119,119.0,119.01767680610413,0.09621916363461011,0.08913588821467702,0.07068071448650111,0.09850289798911685,0.08033145922224998,0.13503283837887542,0.10253874730496564,0.08896885356574666,0.13414795648799305,0.10444148071526393
120,120.0,120.01752251271817,0.09674548594259767,0.08936988124301821,0.07153744302434369,0.09792184583498487,0.0793118918331025,0.13516957931535314,0.10224390015399831,0.0886930673464311,0.1342446639104575,0.10476224139571276
121,121.0,121.01720842354362,0.09758431250493593,0.08931164897387565,0.07150760611646301,0.0968655941067994,0.07898458127192609,0.13563736288932257,0.10226237189123416,0.0890850828348518,0.13381743825372602,0.10494400115686513
122,122.0,122.01675365905109,0.09767709134258962,0.09099399672972606,0.07111888484979824,0.09584126559088899,0.07884154243849573,0.13470176811523812,0.10211285366586456,0.08937240036961124,0.13408283643957836,0.10525736045820884
123,123.0,123.0161768344173,0.09734066001717137,0.09159861630767446,0.06946159560006453,0.09584132923573703,0.07870290783576962,0.13503990169123722,0.1025040077904591,0.09014299186161814,0.13290184682788556,0.1064661428323827
124,124.0,124.01549592390272,0.09741888399258647,0.09196243043149134,0.06909878372411568,0.09514437609423741,0.07849419699203264,0.135857332889464,0.10206644676413917,0.090526549228906,0.13342275050648092,0.10600824937654613
125,125.0,125.01472814520056,0.09794063912115217,0.09193080518910986,0.06955538394250187,0.09491646045387317,0.07818733636185639,0.13571505190692557,0.1022846689035581,0.0900791250863567,0.13362280909168936,0.10576771994297657
126,126.0,126.01388986291661,0.09833006884236445,0.09199571594045255,0.06848174912393241,0.09494014888935387,0.07813414863707087,0.13424424251121925,0.10292393888902163,0.09050423262637126,0.13447817251062175,0.1059675820295917
127,127.0,127.0129965102319,0.0975347053551992,0.09226323799782965,0.0675825749094855,0.09503587084464891,0.07762836000894954,0.13368412015607772,0.1023326711640068,0.09149187031474318,0.13553466156676364,0.10691192768229563
128,128.0,128.01206252771334,0.09761942509045037,0.09347688987021814,0.06855601849270908,0.09449624248777527,0.07681382404787415,0.1329496708840659,0.10306043443255673,0.09037806384660209,0.1356840339909113,0.10696539685683672
129,129.0,129.0111013181695,0.09804463068120063,0.09436834373276448,0.06939815327817316,0.09454990456423815,0.07647661572762736,0.13241270377103667,0.1023093391226287,0.08964979679239436,0.13563578586213187,0.10715472646780436
130,130.0,130.01012521639834,0.09849807319044898,0.09476601236698433,0.06880073919996847,0.0941817101966318,0.07685137237411145,0.1321171853723589,0.1031150773855604,0.08828942197580211,0.1359351222228528,0.10744528571528046
131,131.0,131.0091454726403,0.09871187507922569,0.09553072661275389,0.06853091927174242,0.09365301952038488,0.07722560991738768,0.13229261907403267,0.10344074173302392,0.08793447210185384,0.13496815264073245,0.10771186404886232
132,132.0,132.0081722485317,0.09892821219286349,0.09413426994943574,0.068255025773855,0.09358936099377496,0.07743763732662504,0.1329931920952444,0.10417913686344293,0.0876156150164105,0.13503599889451204,0.10783155089383567
133,133.0,133.00721462434865,0.09760487563324857,0.09591053720232198,0.06738918604776531,0.0935009098224786,0.07815247580411867,0.13274806598627129,0.10411874436003096,0.08848082375735013,0.13481875917584757,0.1072756222105667
134,134.0,134.0062806163404,0.09836502026049215,0.09549942884372188,0.06794528912916731,0.09462319695364824,0.07843744503334553,0.13261050540665772,0.10379336840832568,0.08819541068636134,0.1343504082000642,0.10617992707821575
135,135.0,135.00537720296956,0.09858372434845568,0.09554167630403154,0.06826276428981357,0.09455196213769215,0.07797044108574647,0.132454522147137,0.10388982343218246,0.08801109242167363,0.13391041924691147,0.10682357458635587
136,136.0,136.00451035890612,0.09883858727216181,0.09531107364447884,0.06783526870775682,0.0954291625996885,0.07823056174527543,0.131230623867136,0.10351915612977236,0.0881001449990528,0.13382620267320358,0.10767921836147369
137,137.0,137.00368509565993,0.09907129267248072,0.09512898850787957,0.06822620715394401,0.09578619253728415,0.07775509566952538,0.1315666518507006,0.1030614611383475,0.088745559481322,0.1337255609929628,0.10693298999555308
138,138.0,138.0029055077818,0.0989339475556122,0.09491837627368414,0.06822795389734172,0.09626891871502717,0.07662441361907615,0.1314971378573334,0.1037581284143335,0.08929739648997416,0.1335593101298786,0.10691441704773873
139,139.0,139.00217482361367,0.09901739973469276,0.0946185078119253,0.06748320246281703,0.09761409666666424,0.07726064738266071,0.1310533746771689,0.10438015258342859,0.08872966261831994,0.13289252476438232,0.10695043129794007
140,140.0,140.0014954596262,0.09866433729664033,0.0944608167239081,0.0673300829831241,0.09758080727112159,0.0771264850339197,0.13142501607101248,0.1042067207104127,0.08935530763971163,0.13233551030028817,0.10751491596986107
141,141.0,141.00086907744122,0.09870460612108928,0.09363198730872815,0.06653027536311798,0.09734166578658468,0.07777512225183507,0.1314198990110177,0.10429684671105784,0.089324608137876,0.13297716828374678,0.1079978210249464
142,142.0,142.0002966427003,0.09958872406613352,0.0933606856060857,0.0665694835773423,0.09766813525643347,0.07760780119510201,0.13133588790991085,0.10391267227673139,0.08879567927023149,0.13387967050123445,0.10728126034079469
143,143.0,142.99977848500652,0.1004031197952925,0.09294448175158032,0.0668300596241215,0.09813378887455365,0.07753732408807906,0.13072771090925464,0.10409448612855604,0.08859696530380136,0.13412466250889835,0.10660740101586247
144,144.0,143.99931435823203,0.09979234961093168,0.09222837927469807,0.06723091239653245,0.09858079355869856,0.07691340515121374,0.13118261874033374,0.10360499730417973,0.09011963510294319,0.1340576704373967,0.10628923842307203
145,145.0,144.99890350055264,0.09987741504793483,0.09175453182131013,0.0658977034499365,0.09952668940399974,0.07798386563134307,0.13122886498255393,0.10270936305644723,0.0901971977534287,0.13429114487172375,0.10653322398132196
146,146.0,145.9985446936357,0.09941730045365553,0.09282407144893683,0.06519065253458997,0.1004616635849011,0.07837723387997944,0.13096114373299245,0.10231238107905018,0.08950035505072329,0.13459122440450988,0.10636397383066121
147,147.0,146.99823632047406,0.09996852649529506,0.09265437998197183,0.0661409433684021,0.10104259175337822,0.07815348574011519,0.13087159583253952,0.10062895100187884,0.08895394177166198,0.13531168469351046,0.10627389936124665
148,148.0,147.99797642142389,0.09989463885445697,0.09119977479707002,0.06585025755468478,0.10143518005562444,0.07893118088336304,0.13142470264413209,0.1006082660523433,0.08890037166816891,0.1354864691107329,0.10626915837942338
149,149.0,148.99776274806447,0.10053109612458548,0.0904853322283204,0.06510293696730127,0.10159006146301938,0.07954982353764235,0.1314497914431902,0.10051857001374173,0.0889345518368342,0.13529687160339604,0.10654096478196873
150,150.0,149.99759281456036,0.100521058887413,0.09170739811233179,0.0656774730418345,0.10115830693703473,0.07916380506440737,0.13118220365538139,0.1000105596609412,0.08872597556618694,0.13550790719151173,0.10634531188295714
151,151.0,150.99746394626104,0.0996116774451595,0.09224043334043432,0.06546705539928241,0.1023768863073562,0.0790390088452681,0.13133064741343403,0.10001507985640401,0.08768885735685589,0.13643644335333024,0.10579391068247511
152,152.0,151.99737332532905,0.10021435278743221,0.09192881136748199,0.06545212619066425,0.10219323544176284,0.07837167604806619,0.13210679991588,0.10002260452185689,0.0873520337564899,0.13658687522860646,0.10577148474175901
153,153.0,152.99731803323698,0.10050453563834512,0.09227465741789527,0.0654204185660456,0.10211456964752418,0.07850765789169131,0.13220466249104404,0.10070424401008825,0.08663331596631312,0.13576248092626694,0.1058734574447859
154,154.0,153.99729509002177,0.1012394341905325,0.09274945917451818,0.06614664557777977,0.10195385468534451,0.07852118249564558,0.13222265180214082,0.10061901717591552,0.08555564346631042,0.13583881852017113,0.10515329291164127
155,155.0,154.99730149022784,0.1010241204887555,0.09311225520995854,0.06570666337243589,0.10151905615495338,0.07850850917658908,0.13248603606154466,0.10140168307839557,0.085539580409967,0.13587552046345053,0.10482657558394953
156,156.0,155.99733423551103,0.10134115334131027,0.09290394188609821,0.06630386314951513,0.10062614716000307,0.0778096390920635,0.13324677043989153,0.10121255494541502,0.08520592080372433,0.13462896776511746,0.10672104141686119
157,157.0,156.99739036391077,0.09964170154622609,0.09150502926955106,0.06653835502482747,0.10130514548643434,0.07919016501701226,0.13332902168613298,0.10062582433019851,0.08526982474408001,0.13529398141086843,0.10730095148466859
158,158.0,157.99746697583146,0.09985747427984695,0.09176311608222534,0.06682929445599257,0.10086797965340648,0.0783780156934371,0.13235643142401288,0.10195028602191658,0.08594391823027277,0.1343201334303534,0.10773335072853563
159,159.0,158.99756125680176,0.10013880556006328,0.09139300436514887,0.06742969625355176,0.10021344477856402,0.07864113048651282,0.13211292402885916,0.10129565784005452,0.08665155303599692,0.13430839464007896,0.10781538901116937
160,160.0,159.997670497107,0.10073319415911108,0.0915483750378299,0.0668676621568628,0.099707944230139,0.07875988394472981,0.13212506697723464,0.10118303350782919,0.08670931446570537,0.13421916122503325,0.10814636429552461
161,161.0,160.99779210841066,0.10015592190361788,0.09256268191683714,0.06705894135807239,0.09981477142760044,0.07889996165553342,0.13218010160646823,0.10122192824394095,0.08626075962782266,0.1341035385257734,0.10774139373433317
162,162.0,161.99792363749984,0.09967154988318983,0.09365886838603259,0.06662319960990203,0.09975340226814589,0.07839445340532981,0.1324164833397217,0.1010621445155748,0.08625385679242528,0.1341816932172246,0.10798434858245315
163,163.0,162.9980627773051,0.1004655734707274,0.09248245910806674,0.06739352628336992,0.09981102686936424,0.07848392333658538,0.13161714825154852,0.10150014826951016,0.08694084516762313,0.1337262510399586,0.10757909820324556
164,164.0,163.9982073753568,0.10083660635233162,0.09241740025852199,0.06733188503647992,0.09975910503866743,0.07869702607446284,0.13064355640290318,0.10195485328137929,0.08700430253695597,0.13392552429434906,0.10742974072394834
165,165.0,164.99835543984977,0.10084773976215296,0.09238699650392428,0.06750086591213653,0.09898030543031834,0.07855780260849353,0.13134697310518642,0.10207570916360817,0.08661532280319288,0.1338175827506583,0.10787070196032832
166,166.0,165.99850514349492,0.10000935912941318,0.09286362042117546,0.0678426469735997,0.09785633980015179,0.07903959334190373,0.1331206202209317,0.10174780768936592,0.08570342756721387,0.13400159923309787,0.10781498562314645
167,167.0,166.99865482534062,0.09868096942319787,0.09276784101028171,0.06801761910124665,0.0964385144733349,0.07907367660074942,0.13378612214765478,0.10234556228106689,0.08577619480654404,0.13511923650987262,0.10799426364605082
168,168.0,167.99880299074837,0.09800209076868847,0.09244452520623611,0.06782905636959904,0.09568303220995268,0.07870190832806276,0.1346329487102665,0.10309349830050855,0.08558516381560691,0.13570408180521656,0.10832369448586215
169,169.0,168.99894830970783,0.09757152437529518,0.09297903198598582,0.06808899148178822,0.09418765541264931,0.07875951059139141,0.13506412329704268,0.10397482675828097,0.0854083550815452,0.13611143082436944,0.10785455019165148
170,170.0,169.99908961367427,0.09835079511238086,0.09230058379748661,0.06759692665043075,0.09368197933142354,0.0783859477854903,0.13503201276032342,0.10484681349010011,0.08645804779258401,0.13596858654023375,0.10737830673954635
171,171.0,170.99922589110733,0.0987919154781777,0.09241579346405268,0.06754826709360058,0.09381273313674682,0.07874213652424655,0.13486413731751676,0.10402532721151096,0.08639540573144427,0.1366988748846339,0.1067054091580695
172,172.0,171.99935628188598,0.09803890509093693,0.09163572651313505,0.06699261808061924,0.09275756253672611,0.07958286621059768,0.13560765425875546,0.10341971088455415,0.08685256557483949,0.13782054656358372,0.10729184428625188
173,173.0,172.99948007076793,0.09980174237872176,0.09082179525805195,0.0667464308110887,0.09359356375156089,0.07932413922681879,0.13661221758043385,0.10277904769226782,0.08718966111298473,0.13719627685872712,0.1059351253293441
174,174.0,173.99959668005403,0.0997070154345609,0.09155199842769927,0.06748099090027758,0.09375865604064496,0.07808219746874244,0.1365472551014651,0.10272127847872049,0.08693952391482945,0.1368968075843792,0.10631427664868036
175,175.0,174.99970566161096,0.0993774114151969,0.09183734824554918,0.06812279893232172,0.09168524634338004,0.0788058061936734,0.1368971710674525,0.1027344781481288,0.08632665877783958,0.13696208787989292,0.1072509929965647
