,Unnamed: 0,Total_iterations,Intertwine_two,Add_vertex,Delete_vertex,Invert_path_vertices,Insert_inside_vertex,Delete_inside_vertex
0,0.0,0.0,0.16666666666666663,0.16666666666666663,0.16666666666666663,0.16666666666666663,0.16666666666666663,0.16666666666666663
1,1.0,1.0,0.1697873324086916,0.16978733240869162,0.1653490522422561,0.16502542764678685,0.16502542764678685,0.16502542764678685
2,2.0,2.0,0.1608587609801201,0.1751444752658345,0.17427762367082747,0.1608587609801201,0.16026352288488205,0.16859685621821538
3,3.0,3.0,0.15794870807006725,0.17640108902244822,0.1716321210253249,0.15808098320234235,0.17058098320234236,0.16535611547747464
4,4.0,4.0,0.15499066293183933,0.17654761904761904,0.17549486461251165,0.15878306878306872,0.17145891690009335,0.16272486772486763
5,5.0,5.0,0.15242572786690425,0.1925541125541125,0.1694414735591206,0.1538131313131313,0.17340456384574027,0.15836099086099076
6,6.0,6.0,0.1502167331579096,0.19942159692159683,0.1664749030925501,0.15542568542568536,0.16966358260475906,0.1587974987974987
7,7.0,7.0,0.1435997390409155,0.20489214489214486,0.17692648854413556,0.15229548229548223,0.17041190835308476,0.15187423687423682
8,8.0,8.0,0.14194750238867887,0.2084734709734709,0.17951519613284314,0.15076432826432817,0.16456368250485895,0.15473581973581965
9,9.0,9.0,0.14352601646719293,0.21769600769600758,0.17361896273660976,0.14431457431457426,0.1613567042978807,0.15948773448773443
10,10.0,10.0,0.13798489092606742,0.2197871572871572,0.1705694196870667,0.14439634439634436,0.16248224542342185,0.16477994227994222
11,11.0,11.0,0.1403443616330214,0.22686979019453238,0.16927572236850583,0.14242228371094348,0.1629522024367385,0.15813563965625818
12,12.0,12.0,0.14227354356220331,0.23121905204379434,0.17187830497108844,0.14264150893016872,0.1633822353667714,0.14860535512597367
13,13.0,13.0,0.1333651834038432,0.2413165933913356,0.1657266788194623,0.14921308550174525,0.16281433104886708,0.14756412783474637
14,14.0,14.0,0.13211136086136088,0.24585479335479335,0.16857660857660853,0.14921333296333295,0.1603269184519184,0.14391698579198578
15,15.0,15.0,0.14079536204536203,0.24641626891626886,0.1674574499574499,0.1484235671735671,0.15628725441225436,0.1406200974950975
16,16.0,16.0,0.14690106190106186,0.2529512617012616,0.1591583879083879,0.15008482258482256,0.157670732045732,0.13323373385873388
17,17.0,17.0,0.14736773847067963,0.2526341196929431,0.1606940880470292,0.14743603074485426,0.16067702041966742,0.13119100262482614
18,18.0,18.0,0.14894230769230765,0.25331742331742324,0.16513061013061012,0.14613280238280232,0.15288537851037848,0.13359147796647797
19,19.0,19.0,0.14994482369482368,0.25182350057350056,0.1681172531172531,0.13612341362341362,0.15046520609020603,0.14352580290080288
20,20.0,20.0,0.14858118733118733,0.257261211011211,0.16513745513745512,0.13432206682206685,0.15068406130906126,0.14401401838901834
21,21.0,21.0,0.14259504384504387,0.26438015688015687,0.16441743441743442,0.13275511525511527,0.1513072806822806,0.14454496891996893
22,22.0,22.0,0.13879551004551002,0.274461741961742,0.16425426425426423,0.1319858844858845,0.15036322473822467,0.14013937451437453
23,23.0,23.0,0.1393631967161379,0.2798912824648119,0.16219940190528423,0.13255357115651237,0.15102622731299195,0.1349663204442616
24,24.0,24.0,0.13726366226366224,0.28146460021460024,0.166533929033929,0.13415774040774042,0.14578326765826763,0.13479680042180042
25,25.0,25.0,0.13965861136913768,0.2808795858137963,0.16409414172572065,0.13565081361133993,0.14599107641870793,0.13372577106129738
26,26.0,26.0,0.13944308615361248,0.2794173443515548,0.16742359005516902,0.13835736631789264,0.14042978585741742,0.13492882726435354
27,27.0,27.0,0.1325645480250743,0.27284710903131953,0.1723304424620214,0.13672066968119595,0.14370794288557442,0.1418292879148142
28,28.0,28.0,0.12812514483567114,0.27554371797792854,0.17694800082957973,0.13396883817936445,0.14397993940757095,0.14143435876988508
29,29.0,29.0,0.12738168078338355,0.2802273350144867,0.1794911847698225,0.13274334798328605,0.13982795168940676,0.14032849975961428
30,30.0,30.0,0.1271734168251196,0.28144357248072416,0.19069706222569996,0.13370706019699824,0.12390540201685711,0.14307348625460078
31,31.0,31.0,0.12134128599298877,0.2782339580211097,0.1938563484732215,0.13681876330870138,0.12007023663757409,0.14967940756640444
32,32.0,32.0,0.11541823229516726,0.2841158341429238,0.19336295111836904,0.13815887128580628,0.12009372822453315,0.14885038293320024
33,33.0,33.0,0.11071534402416752,0.2779040540069951,0.1950725908078849,0.14071909027791377,0.12194083422024596,0.15364808666279248
34,34.0,34.0,0.10419456904751019,0.2783297748003629,0.20900140981023338,0.13723402958697076,0.12329241020417488,0.14794780655074768
35,35.0,35.0,0.10313164361151975,0.27777919678074464,0.21160320172317074,0.13848376898299497,0.12342533126201854,0.14557685763955108
36,36.0,36.0,0.10160912817259563,0.2756248730629534,0.21807641088987836,0.13998199985429088,0.12499535108281236,0.1397122369374691
37,37.0,37.0,0.10489803225097338,0.2652841221958869,0.2090841701871113,0.1478897110514757,0.12570140915729147,0.147142555157261
38,38.0,38.0,0.10342136077430192,0.267439004350769,0.20757863868157983,0.14744478560655025,0.12578558424146655,0.14833062634533217
39,39.0,39.0,0.10190022691621155,0.27534516977291906,0.20391713264475408,0.1464994376183634,0.12633077186146238,0.14600726118628934
40,40.0,40.0,0.09930222306820771,0.2724246181023674,0.20771537144299296,0.15640670627563208,0.127655234435925,0.1364958466748748
41,41.0,41.0,0.09893461161363976,0.27385906931942733,0.21003471876234026,0.15603428481625406,0.12783014808909945,0.133307167399239
42,42.0,42.0,0.09680448932047399,0.27727869920644843,0.21259749616207413,0.15536039147931727,0.12173831118204519,0.13622061264964075
43,43.0,43.0,0.1006628531788378,0.27687576880351805,0.21377187733645533,0.15258649870542446,0.12081035025408424,0.1352926517216798
44,44.0,44.0,0.10434286053531576,0.28227768714661294,0.20446402288154208,0.15438565271046084,0.12032835947797582,0.1342014172480924
45,45.0,45.0,0.10769313699317734,0.2813359049006511,0.20520148430785795,0.14483315312313155,0.12248879765234588,0.13844752302283592
46,46.0,46.0,0.10755194920493075,0.28082006725246056,0.21150340406566004,0.1451549282978479,0.12381819809939339,0.13115145307970721
47,47.0,47.0,0.10765015141950124,0.2798431354507205,0.2230873555409159,0.13820373383066878,0.12235326005836841,0.12886236369982498
48,48.0,48.0,0.10913231648525762,0.2700875404551874,0.2272510169568993,0.13928179663473778,0.12603483390248094,0.12821249556543673
49,49.0,49.0,0.10457543817837935,0.26868542405307105,0.23469149314737547,0.14479105589399704,0.1254462095638566,0.12181037916332031
50,50.0,50.0,0.10155741517970619,0.27240158190622576,0.24381007494397583,0.142894134016425,0.12043724106417604,0.11889955288949093
51,51.0,51.0,0.1011000513827391,0.27345332244668036,0.2402359518486489,0.13666476444745213,0.12410277259906463,0.12444313727541462
52,52.0,52.0,0.10081565984834756,0.27692554466890257,0.24376943834266168,0.1320351348178225,0.1232081749939407,0.12324604732832464
53,53.0,53.0,0.1046319225616691,0.2744622998527166,0.24227275147832777,0.13636847304821956,0.12019134977123312,0.12207320328783357
54,54.0,54.0,0.10643284967606369,0.2683341217585943,0.23844543543351948,0.13914139883351123,0.12402849158825109,0.12361770271005995
55,55.0,55.0,0.1053726578612279,0.27132995218089534,0.2449228166980525,0.1376142237382247,0.12283702653455693,0.11792332298704244
56,56.0,56.0,0.10518272899518225,0.26340172540036416,0.24552804678645393,0.14403506036526212,0.12276323850520497,0.11908919994753236
57,57.0,57.0,0.10311094457045665,0.25972982540493483,0.2415641920137756,0.144466328443589,0.12428167921482217,0.12684703035242156
58,58.0,58.0,0.1035801322455267,0.26090512885965,0.24529467271180197,0.1445523743562069,0.11855338789829555,0.1271143039285187
59,59.0,59.0,0.10342140208679651,0.25733370028822145,0.2467232441403734,0.14439364419747674,0.12109307043797807,0.1270349388491536
60,60.0,60.0,0.102904696570091,0.25061142746300746,0.25286326790970753,0.1431519165764388,0.12828570623355506,0.12218298524719999
61,61.0,61.0,0.1025127887821386,0.24616904537957163,0.2531400552491883,0.14647677414318275,0.12810196268013602,0.1235993737657824
62,62.0,62.0,0.098896650018941,0.24561794615200183,0.25279377571173234,0.1488202313395811,0.12465739254438944,0.12921400423335408
63,63.0,63.0,0.11007135494364594,0.2521864239704796,0.24032786199581857,0.1467933693127191,0.12639426678126364,0.1242267229960728
64,64.0,64.0,0.10942747883924349,0.2526007489242782,0.24171342818401642,0.14863506319388664,0.1263384137648843,0.1212848670936906
65,65.0,65.0,0.11176754617931084,0.25149925782278715,0.24118192265251093,0.14912327868210212,0.12409935652582708,0.12232863813746163
66,66.0,66.0,0.10916993137581367,0.257585222511693,0.24129672614966732,0.15052818913113025,0.11974446305328654,0.12167546777840892
67,67.0,67.0,0.11114097976327075,0.25629519374101406,0.24281406673821535,0.14840936153629647,0.12207007990289721,0.1192703183183059
68,68.0,68.03333333333333,0.11130347521988386,0.25104082392782073,0.24440258715026517,0.14573299650699026,0.1252198331997093,0.12230028399533038
69,69.0,69.03333333333333,0.11329341267034762,0.24948584138599614,0.24531635661666623,0.1441219175274902,0.12525354461499968,0.1225289271844999
70,70.0,70.03333333333333,0.11527895436177167,0.24897460153652098,0.24733104127840963,0.1455977755474659,0.12167016176691095,0.12114746550892058
71,71.0,71.03333333333333,0.11998205426610996,0.23697880207168123,0.24785701126645396,0.14976868304267682,0.11909396016207159,0.1263194891910062
72,72.0,72.06666666666666,0.11883515106038321,0.23602330876324676,0.24891676850268177,0.15238461830567088,0.11818826455049364,0.12565188881752345
73,73.0,73.06666666666666,0.12203824426347645,0.2355420307819688,0.24522171355762684,0.15808516775622036,0.11318114204337112,0.12593170159733624
74,74.0,74.06666666666666,0.12129926446102912,0.23872461960697247,0.2374679541591306,0.1572549672549672,0.11711284630402277,0.1281403482138776
75,75.0,75.06666666666666,0.12152209718386185,0.23852010190245476,0.2349526916438681,0.15544788544788538,0.11659086828204474,0.13296635553988492
76,76.0,76.06666666666666,0.12120463686640154,0.2451867685691215,0.23384158053275697,0.1552891552891552,0.11643213812331457,0.12804572061925
77,77.0,77.06666666666666,0.12007632073808543,0.24619575957811252,0.23612235531353176,0.15568931068931063,0.11485996030113674,0.12705629337982277
78,78.0,78.1,0.11978879096884833,0.2552527570999594,0.24126138912365597,0.14909113742148172,0.11480935863647483,0.11979656674957966
79,79.0,79.1,0.11677501092366434,0.2553825721880293,0.24031651758352673,0.14783879096334798,0.11701814741680082,0.12266896092463067
80,80.0,80.1,0.11636304815876038,0.25397210901286027,0.24813673658021637,0.14742682819844405,0.11660618465189689,0.11749509339782196
81,81.0,81.1,0.114681749203365,0.25208933315418075,0.2548729170663968,0.1444356989573148,0.11938937368508593,0.11453092793365645
82,82.0,82.1,0.11417316887905118,0.2536319862055156,0.25629182908594667,0.14329677675265906,0.11859823455411687,0.11400800452271036
83,83.0,83.13333333333334,0.11756291366585479,0.24118797324679672,0.2677430004635887,0.1377976326505738,0.11967316452610567,0.11603531544708012
84,84.0,84.13333333333334,0.1213387157504804,0.23488886930063393,0.2757338222779399,0.13709134275310741,0.1195273979832803,0.11141985193455776
85,85.0,85.13333333333334,0.11986542596836709,0.23876032736326852,0.27833167105225926,0.13487356053532518,0.11857595563477911,0.10959305944600055
86,86.0,86.16666666666667,0.11952218513194118,0.24075851767924936,0.2761261446322421,0.13371530682506289,0.12337676889506154,0.10650107683644265
87,87.0,87.16666666666667,0.11742942409181173,0.24061436845615278,0.27165115081514307,0.13713943143339805,0.12149768306860728,0.11166794213488691
88,88.0,88.16666666666667,0.11814553546581785,0.2357819494132074,0.2790187931571115,0.13258726309111415,0.12247695233735027,0.11198950653539869
89,89.0,89.16666666666667,0.11689395077315178,0.23728332322577725,0.2722367157314842,0.137958373445057,0.12033339411827046,0.11529424270625918
90,90.0,90.16666666666667,0.11446212334132434,0.23590969685215088,0.27158551508028356,0.13923024971693326,0.12224629603117236,0.11656611897813546
91,91.0,91.16666666666667,0.11695299017429643,0.2379366805896609,0.2668615207510261,0.13727929618703236,0.12212357761898025,0.11884593467900378
92,92.0,92.16666666666667,0.11765030212160839,0.231557041710022,0.2706403637403954,0.13482438998212615,0.12541632045119677,0.1199115819946511
93,93.0,93.16666666666667,0.11864653729419808,0.23511307974027265,0.2754254806813286,0.1318038975860613,0.11977397954006137,0.11923702515807778
94,94.0,94.16666666666667,0.12082905078091209,0.21895662365495477,0.285762444480352,0.13385755932129484,0.11918482025510264,0.1214095015073834
95,95.0,95.16666666666667,0.11775473130953379,0.21779748051051756,0.2854677881562839,0.13304164321126108,0.11849145316467673,0.1274469036477267
96,96.0,96.16666666666667,0.11589315334501467,0.22178324148157263,0.2759089646268721,0.13745340791714344,0.11907696514724754,0.12988426748214937
97,97.0,97.16666666666667,0.11471223387462154,0.224636713545571,0.27315707226971664,0.13574927384458835,0.11853444723630857,0.13321025922919377
98,98.0,98.16666666666667,0.11719281449544604,0.21972343689448948,0.277823952363426,0.13482989963253117,0.11805206489417013,0.13237783171993697
99,99.0,99.16666666666667,0.11888660424479136,0.2153970379847572,0.27888135175415874,0.13952613446765488,0.11664821154587232,0.13066066000276524
100,100.0,100.16666666666667,0.11337371128609894,0.21383948908980996,0.2906652370949547,0.1378666810534589,0.11534407279593413,0.1289108086797432
101,101.0,101.16666666666667,0.11086358393783138,0.21045041508337411,0.29124360250880266,0.1384015496535079,0.11632600893973007,0.13271483987675375
102,102.0,102.16666666666667,0.11053129518686794,0.2068104511873861,0.2913889168107434,0.13597922688479963,0.11821594241098883,0.13707416751921395
103,103.0,103.16666666666667,0.10864446469709628,0.2071166645818348,0.2921477658048865,0.1364873543782212,0.11828989623494265,0.13731385430301837
104,104.0,104.16666666666667,0.10885764299166989,0.20928758721445379,0.2834278488975552,0.13856606441520755,0.11839414206764265,0.1414667144134708
105,105.0,105.2,0.10854973939429263,0.20373424679269228,0.28726446062890365,0.1382581608178303,0.1179887725833258,0.1442046197829552
106,106.0,106.2,0.11195462154917478,0.20213912894757444,0.28028634615078923,0.14346859852826804,0.12139365473820794,0.14075765008598543
107,107.0,107.2,0.1136475137636128,0.20207184069800166,0.2848405866865618,0.1432048518503626,0.12387086067813619,0.13236434632332458
108,108.0,108.2,0.11837705709609732,0.19565801759300205,0.28591116643361225,0.14342501567346763,0.11967183258204926,0.1369569106217713
109,109.0,109.2,0.11894288846688225,0.19614093680657144,0.28637776782900626,0.142371413845872,0.12037261671936589,0.135794376332302
110,110.0,110.2,0.11824290618795259,0.19540108211934834,0.2850752691580865,0.14182649093252805,0.12142702040534852,0.13802723119673582
111,111.0,111.2,0.11648852022304032,0.19578119907841268,0.29276115052817836,0.13744470312968762,0.12180713736441286,0.135717289676268
112,112.0,112.2,0.11427240300692311,0.19615360445081803,0.28768564124214274,0.137817108502093,0.12789382845110395,0.13617741434691896
113,113.0,113.2,0.11452330681484134,0.19647602426930263,0.29457680371837,0.1348528211202593,0.12495788975814338,0.13461315431908327
114,114.0,114.2,0.11526863243968505,0.20475912002227792,0.28476010101010096,0.1356029277739804,0.12188412951570843,0.1377250892382471
115,115.0,115.2,0.11274528976928355,0.198823078939178,0.285808186911128,0.13641758697099252,0.12768478311047965,0.13852107429893806
116,116.0,116.2,0.11425567898487113,0.20910275012172194,0.2768812778069203,0.13561772133528557,0.1260379042508785,0.1381046675003223
117,117.0,117.2,0.1173989538386723,0.20751892945895395,0.2771980419394739,0.13495982659844347,0.12538000951403638,0.13754423865041981
118,118.0,118.2,0.11263704907676751,0.2122808342208587,0.27583125287378646,0.13495982659844347,0.12713439547894867,0.13715664175119496
119,119.0,119.2,0.1125493297785219,0.21210539562436745,0.2765330072597514,0.13478438800195225,0.12695895688245745,0.13706892245294938
120,120.0,120.2,0.11195409168328382,0.21151015752912938,0.2795091977359418,0.13418914990671418,0.12636371878721936,0.13647368435771126
121,121.0,121.2,0.10882335039095471,0.2083164503037461,0.28103288633461043,0.13476656745486143,0.13502300902028663,0.1320377364955405
122,122.0,122.2,0.10880158097263355,0.20821631097946883,0.281233164983165,0.13474915192020454,0.13499253183463705,0.13200725930989085
123,123.0,123.2,0.11550793017898277,0.19238297764613554,0.2831776094276094,0.13447137414242677,0.14050840485051005,0.13395170375433535
124,124.0,124.2,0.11827735373788004,0.1982573858889648,0.2692268233715602,0.13768872939925572,0.14445995038100298,0.13208975722133615
125,125.0,125.2,0.12026148072200701,0.2002415128730918,0.2676395217842586,0.13967285638338264,0.1408885218095744,0.13129610642768536
126,126.0,126.2,0.12578937874990503,0.1978317004632794,0.26062773727247407,0.14412692083744716,0.1416941976152502,0.129930065061644
127,127.0,127.2,0.12656872392580193,0.19818436504008188,0.25576444921953084,0.14742281077126812,0.14222972530595032,0.12982992573736676
128,128.0,128.2,0.1295904850510113,0.20200077213235104,0.25307963722437404,0.1468818510923774,0.1391713500924027,0.12927590440748335
129,129.0,129.2,0.12956920483310191,0.2019070445948033,0.252892371306771,0.14723945333200208,0.1391415577873295,0.12925036814599203
130,130.0,130.2,0.12889580415970123,0.2029171456049043,0.25221897063337034,0.14446408055662932,0.1432300618758336,0.12827393716956104
131,131.0,131.2,0.12669800196189904,0.20120011263787133,0.2561109120253117,0.14434961169216046,0.1455652267109984,0.12607613497175885
132,132.0,132.2,0.13303398079787787,0.19753609147385018,0.25109768451208425,0.14927144911399787,0.142178983324755,0.12688181077743466
133,133.0,133.2,0.13260663037052745,0.20001472395248265,0.25088400929840904,0.14551076535331411,0.1419653081110798,0.12901856291418679
134,134.0,134.2,0.1343382321021292,0.20431042824818688,0.2394411918162657,0.14724236708491584,0.14429214793791964,0.13037563281058254
135,135.0,135.2,0.1287678765317736,0.2079549318926906,0.24005539243046628,0.15143308377563255,0.14092283206860376,0.130865883300833
136,136.0,136.2,0.12034602060991767,0.20841317735093604,0.2483643057393796,0.15723043457298333,0.13588518453095627,0.12976087719582688
137,137.0,137.2,0.1322343174982146,0.20862065505841373,0.23443249680757067,0.15642744126999003,0.14072321686898856,0.12756187249682222
138,138.0,138.2,0.1310438413077384,0.20802541696317567,0.23800392537899925,0.15583220317475194,0.1401279787737505,0.12696663440158412
139,139.0,139.2,0.13027797763505566,0.20832205142776827,0.24115388736758966,0.155049119647577,0.13937933495555999,0.12581762896644927
140,140.0,140.2,0.13176149411857216,0.21419811980383666,0.22958184829555064,0.15403263613109347,0.14229142286764784,0.12813447878329912
141,141.0,141.2,0.13196448557156362,0.21404854715426402,0.2293361217998241,0.15423562758408493,0.1442999698761949,0.12611524801406832
142,142.0,142.2,0.14243853170719756,0.20624903140968007,0.2190838859902507,0.15780922905463907,0.1483543548568028,0.12606496698142963
143,143.0,143.2,0.1485706865893524,0.204881186291835,0.213890283296648,0.15639508764049767,0.14809341209586,0.12816934408580674
144,144.0,144.2,0.1476712156898815,0.2011947091169857,0.21454765994239672,0.15851148975689974,0.15089764490009286,0.12717728059374322
145,145.0,145.2,0.14901498137205937,0.20328270539704293,0.21623559844068002,0.16008737481514246,0.14557665615288112,0.12580268382219378
146,146.0,146.2,0.14717154702862506,0.2003810699954075,0.21816080286588446,0.16423720646497414,0.14558507366129866,0.12446429998380995
147,147.0,147.2,0.13890606251314055,0.20642114103547854,0.21022586743094906,0.16919368517145286,0.1520530038792289,0.12320023996974992
148,148.0,148.2,0.13904074264782068,0.21522179121543905,0.21182925765502897,0.16518695116471885,0.15286108468730972,0.1158601726296826
149,149.0,149.2,0.1324490010560791,0.21802579276944062,0.22247143954721083,0.1639230299007976,0.14810713493335995,0.11502360179311176
150,150.0,150.2,0.1352802574902767,0.21985989820648727,0.2176303193384436,0.16148979592344592,0.1512182041473703,0.11452152489397602
151,151.0,151.2,0.12855661076662994,0.22172599507258411,0.21757333928146355,0.16942426885791884,0.14804156597073215,0.11467822005067117
152,152.0,152.2,0.12792696263698183,0.2254286812752703,0.22099131019943444,0.16738686182051177,0.14373143166059785,0.11453475240720354
153,153.0,153.2,0.12987628037577326,0.2213824545974647,0.21461982593321333,0.17060602082914444,0.14927027877839233,0.11424513948601166
154,154.0,154.2,0.12856134531083818,0.21819522516023523,0.21330489086827825,0.17373553020865387,0.14823312149123505,0.11796988696075912
155,155.0,155.2,0.12911314917146555,0.2211467806853202,0.20968355305576397,0.17410508168114652,0.14671844607950082,0.11923298932680267
156,156.0,156.2,0.12961968511917796,0.2219419876569978,0.21204194085532826,0.16482948255260627,0.14744284695096052,0.12412405686492901
157,157.0,157.2,0.12967000030107212,0.2241792727890197,0.20663764729313996,0.16447949141314142,0.14768809390673374,0.12734549429689282
158,158.0,158.2,0.1293566099876818,0.2262447998545468,0.20360345925895193,0.16348234041599044,0.15049436171300157,0.12681842876982727
159,159.0,159.2,0.13010182793273356,0.217150289024473,0.20535370654202012,0.16417252718532135,0.1584238061318519,0.12479784318359981
160,160.0,160.2,0.12574044857135422,0.2150195493937334,0.21134540003371363,0.171378746891541,0.15099327370131949,0.12552258140833802
161,161.0,161.2,0.12554767837858402,0.21662997600416,0.21624087492918853,0.16071505872785288,0.15547777068581645,0.12538864127439792
162,162.0,162.2,0.12926803696736366,0.21306577704522425,0.21451637136257967,0.159848951151219,0.1546116631091826,0.12868920036443068
163,163.0,163.2,0.13167340937273606,0.2112953252747724,0.21435764120384954,0.16385688765915551,0.15028626628378575,0.1285304702057005
164,164.0,164.2,0.13142870037802706,0.21132839405784123,0.2188616094578178,0.17269948025174806,0.14603362078114027,0.11964819507342536
165,165.0,165.2,0.1356515472479328,0.2102842856607916,0.21697607668993207,0.16895504930143476,0.1463155012100795,0.12181753988982905
166,166.0,166.2,0.13925021508573107,0.20865991566685643,0.22086078296594272,0.16182568108511008,0.1452840165916384,0.12411938860472121
167,167.0,167.2,0.13621989121989123,0.21661796536796532,0.2153651441151441,0.16367803492803487,0.14281075406075405,0.12530821030821027
168,168.0,168.2,0.14327135827135826,0.2128709716209716,0.213263172013172,0.1614846727346727,0.14179103304103302,0.1273187923187923
169,169.0,169.2,0.14518934768934766,0.2133008658008658,0.2084681984681984,0.1697849372849372,0.1359709272209272,0.1272857235357235
170,170.0,170.2,0.14477133977133974,0.2053700928700929,0.21181559181559176,0.1701693676693676,0.1319782532282532,0.13589535464535465
171,171.0,171.2,0.14463665963665961,0.20548793798793802,0.20834757834757828,0.16732424982424984,0.13209609834609834,0.14210747585747582
172,172.0,172.2,0.14291708291708288,0.20575248825248826,0.21875763125763117,0.16699356199356197,0.13176541051541052,0.13381382506382505
173,173.0,173.2,0.1399541199541199,0.20173132423132423,0.21912800162800156,0.17286657786657786,0.13213578088578087,0.1341841954341954
174,174.0,174.2,0.13949356199356197,0.20435157435157436,0.22586441336441335,0.1711878861878862,0.13142269767269765,0.1276798664298664
175,175.0,175.2,0.1385279535279535,0.2024203574203574,0.2290654715654715,0.1728148703148703,0.1304570892070892,0.12671425796425795
176,176.0,176.2,0.1348926258926259,0.19540753690753693,0.2399714544714544,0.1724202834202834,0.1305596533096533,0.12674844599844595
177,177.0,177.2,0.1351788211788212,0.20119878269878275,0.23660445110445105,0.1730768490768491,0.130239787989788,0.12370130795130795
178,178.0,178.2,0.13420239020239022,0.20621561771561772,0.23525764975764973,0.1717300477300477,0.1295663873163873,0.12302790727790726
179,179.0,179.2,0.13298062298062302,0.2106642481642482,0.2322280747280747,0.17347124347124346,0.12860915735915737,0.12204665329665329
180,180.0,180.2,0.13209030959030962,0.21191068691068693,0.23087479837479832,0.1758216708216708,0.1279325191825192,0.12137001512001512
181,181.0,181.2,0.1342881117881118,0.21410848910848915,0.21988578738578735,0.17801947301947302,0.13013032138032138,0.12356781731781731
182,182.0,182.2,0.1342881117881118,0.21410848910848915,0.21988578738578735,0.17801947301947302,0.13013032138032138,0.12356781731781731
183,183.0,183.2,0.1365921040921041,0.2273023323023323,0.22107025107025097,0.16043289293289295,0.128267647017647,0.12633477258477258
184,184.0,184.2,0.14301947301947304,0.22480112980112976,0.22336702836702832,0.15802187802187803,0.1263616826116826,0.12442880817880818
185,185.0,185.2,0.14766774141774144,0.213784415034415,0.23020986145986144,0.16153137778137777,0.12555360180360178,0.12125300250300251
186,186.0,186.2,0.1455844080844081,0.2193399705899706,0.22465430590430588,0.1622258222258222,0.12624804624804625,0.12194744694744696
187,187.0,187.2,0.14512144512144512,0.22443256318256313,0.22419134294134288,0.15898508148508145,0.12578508328508328,0.12148448398448398
188,188.0,188.2,0.13972665962102582,0.22750646132688382,0.2193925759946886,0.16389573129009746,0.12299246658401587,0.1264861051832883
189,189.0,189.2,0.1383733832677495,0.22782697414739664,0.2138726329747456,0.16532023271459892,0.1260195321110814,0.12858724478442787
190,190.0,190.2,0.14223461462898085,0.21910403042445295,0.22703280613491875,0.16448449437886054,0.12247335606490536,0.12467069836788149
191,191.0,191.2,0.14485366224802843,0.2189849828054053,0.21131852042063304,0.17662735152171768,0.1209257370172863,0.1272897459869291
192,192.0,192.2,0.14690392679829298,0.21673630555672807,0.2127735468756595,0.17867761607198224,0.11927229786384716,0.12563630683348995
193,193.0,193.2,0.14214202203638823,0.22030773412815666,0.21217830878042138,0.17748713988150605,0.12284372643527573,0.12504106873825183
194,194.0,194.2,0.14167905907342526,0.21938180820223072,0.2112523828544955,0.1770241769185431,0.12238076347231278,0.12828180947899256
195,195.0,195.2,0.14084572574009196,0.22188180820223072,0.21338201248412508,0.17619084358520976,0.1206215042130535,0.12707810577528889
196,196.0,196.2,0.14222800087236706,0.21497704629746883,0.2099031765052891,0.1776657113100775,0.12200377934532865,0.13322228566946878
197,197.0,197.2,0.13935763050199673,0.2180326018530244,0.21453280613491874,0.17525830390267008,0.12246674230829162,0.13035191529909843
198,198.0,198.2,0.13889466753903376,0.21756963889006142,0.21731058391269656,0.17433237797674417,0.12200377934532865,0.12988895233613545
199,199.0,199.2,0.13829942944379567,0.21975217857260104,0.2091756632777759,0.1704038065481727,0.1247418745834239,0.13762704757423067
200,200.0,200.2,0.1385487171930834,0.21893309025351276,0.20807167467378726,0.17111605726042342,0.12499116233271164,0.1383392982864814
201,201.0,201.2,0.13836556700993322,0.22903789285831538,0.20990317650528909,0.16722920337356953,0.12147467881622812,0.13398948143666453
202,202.0,202.2,0.13753223367659992,0.23107492989535244,0.20832910243121505,0.1663958700402362,0.12064134548289479,0.1360265184737016
203,203.0,203.2,0.1368588330031992,0.22905472787515044,0.21007994418205683,0.16572246936683552,0.1199679448094941,0.13831608076326388
204,204.0,204.2,0.13508634623071245,0.23340778222820474,0.20564511974723235,0.16908225772662389,0.12523249507404438,0.13154599899318212
205,205.0,205.2,0.13591967956404577,0.23269349651391902,0.20409750069961327,0.1640822577266239,0.1260658284073777,0.1371412370884202
206,206.0,206.2,0.1357609494053156,0.2310268298472523,0.2036213102234228,0.1667013053456715,0.12590709824864754,0.13698250692969002
207,207.0,207.2,0.13501155990592612,0.22391755023797272,0.20641740301951564,0.16157157396594016,0.1273249859165352,0.14575692695411005
208,208.0,208.2,0.1356067980011642,0.22080908462950707,0.2153459744480871,0.16077792317228937,0.12051281660436589,0.14694740314458624
209,209.0,209.2,0.13477346466783088,0.2236794549998775,0.2135867151888278,0.15883347872784492,0.11967948327103256,0.1494474031445863
210,210.0,210.2,0.1366483952927615,0.22171586303628552,0.21088441748653017,0.1573939460383122,0.1262918986334479,0.14706547951266258
211,211.0,211.2,0.13577537941974563,0.22223173605215854,0.20927727462938728,0.15665981905418525,0.12555777164932092,0.15049801919520228
212,212.0,212.2,0.13902814517251136,0.21533539165581414,0.20406443191654455,0.1588543837487499,0.1277523363438856,0.15496531116249423
213,213.0,213.2,0.14191174305610926,0.21006422763465016,0.20686986722197984,0.1597658796602458,0.1262774686190179,0.1551108138079969
214,214.0,214.2,0.14558078643103498,0.2103194054633574,0.2054019315628678,0.16523496123226858,0.12458936913680078,0.14887354617367043
215,215.0,215.2,0.14716808801833656,0.21250194514589707,0.20758447124540746,0.16278787128517863,0.12260524215267381,0.1473523821525064
216,216.0,216.2,0.14880626465651323,0.21392644657039847,0.20576823192916815,0.16471094820825552,0.12146564101307265,0.1453224676225919
217,217.0,217.2,0.14756326745763368,0.21312112444154693,0.2118593222114348,0.15773642763079382,0.12999828483983414,0.13972157341875655
218,218.0,218.2,0.1480250279193941,0.2163871177075402,0.21017582052793313,0.1520317619261281,0.13120078604233534,0.14217948587666898
219,219.0,219.2,0.1478861390305052,0.2180537843742069,0.21246214531425792,0.15147620637057255,0.1284977945893439,0.14162393032111342
220,220.0,220.2,0.14656650006380742,0.21485506044018884,0.21329508960308458,0.15312225367838456,0.13185408154857203,0.1403070146659625
221,221.0,221.2,0.14334506542839875,0.21432778641111977,0.21526293151293144,0.15364809573142904,0.1320146674313341,0.1414014534847868
222,222.0,222.2,0.14667839876173208,0.21432778641111977,0.21526293151293144,0.1503147623980957,0.1320146674313341,0.1414014534847868
223,223.0,223.2,0.1454879225712559,0.21313731022064356,0.21823912198912196,0.14912428620761953,0.13439561981228648,0.13961573919907255
224,224.0,224.2,0.15014604222937553,0.20634243842577168,0.22097416472416473,0.1476712947546281,0.13392553434220103,0.14094052552385886
225,225.0,225.2,0.1494684328017661,0.20957235665568996,0.2250734913234913,0.15007449340782672,0.1332479249145916,0.13256330089663423
226,226.0,226.2,0.15462355545688877,0.21021809980143308,0.22397681022681018,0.1507202365535699,0.1272522539189206,0.1332090440423774
227,227.0,227.2,0.1521419765782511,0.21316640966150766,0.22219241814830049,0.15129547014350933,0.12794083821044605,0.13326288725798532
228,228.0,228.2,0.1513869309702643,0.21486234444567776,0.22446234321234318,0.15010469468802803,0.1270026424193091,0.13218104426437763
229,229.0,229.2,0.15122820081153412,0.2147036142869476,0.22065281940281936,0.14994596452929787,0.12668518210184876,0.1367842188675522
230,230.0,230.2,0.14805900889234225,0.2145647253980587,0.2214861527361527,0.1570040453373787,0.126407404324071,0.13247866331199668
231,231.0,231.2,0.14282091365424698,0.22075520158853487,0.21624805749805745,0.1584326167659501,0.1278359757526424,0.1339072347405681
232,232.0,232.2,0.14661720995054328,0.22141657724991057,0.215282449032449,0.16163367496700828,0.12687036728703396,0.12817972151305487
233,233.0,233.2,0.14649466093093544,0.22129402823030273,0.2160177431500961,0.16151112594740044,0.12662526924781828,0.12805717249344703
234,234.0,234.2,0.14649466093093544,0.22129402823030273,0.2160177431500961,0.16151112594740044,0.12662526924781828,0.12805717249344703
235,235.0,235.2,0.14346435790063242,0.22129402823030273,0.2160177431500961,0.16151112594740044,0.12548890561145462,0.13222383916011368
236,236.0,236.2,0.13816794135421587,0.22118880937508387,0.220708099090452,0.1593562437925183,0.12703772716027617,0.13354117922745376
237,237.0,237.2,0.13791541610169059,0.2224514356377101,0.2204555738379268,0.15910371853999303,0.12678520190775092,0.13328865397492848
238,238.0,238.2,0.1382394901757647,0.23165129079344765,0.21656773237655588,0.15588865473669392,0.12502594264849165,0.13262688926904614
239,239.0,239.2,0.13805633999261452,0.23256704170919856,0.2163845821934057,0.15570550455354373,0.12484279246534147,0.13244373908589596
240,240.0,240.2,0.13699934143561596,0.22934193348409032,0.21532758363640714,0.16073436458240373,0.12681609693864593,0.1307806799228368
241,241.0,241.2,0.13669631113258562,0.23116011530227212,0.21472152303034653,0.1562646676127068,0.12651306663561562,0.13464431628647316
242,242.0,242.2,0.13695774904108235,0.2319444290277623,0.21550583675583673,0.15757185715519048,0.12481372023038688,0.1332064077897411
243,243.0,243.2,0.14134928343261677,0.22800263008596336,0.21484446109446106,0.15687079895413225,0.12550155091821757,0.13343127551460887
244,244.0,244.2,0.14564077897411226,0.2203250761584094,0.2220778758278758,0.1526120484453818,0.13152464819131485,0.12781957240290573
245,245.0,245.2,0.14779743223370673,0.22049371198881,0.2198782780400427,0.15313890448694367,0.1299775977472056,0.1287140755032912
246,246.0,246.2,0.14394822588450037,0.2207185797136777,0.22329097645274112,0.1533637722118114,0.12973950250911032,0.1289389432281589
247,247.0,247.2,0.14691359384986835,0.2198203113154093,0.22391868208044674,0.152465503813543,0.12884123411084195,0.1280406748298905
248,248.0,248.2,0.14569546013173465,0.21603483752993552,0.23330901397077863,0.15261942396746314,0.12505576032536816,0.12728550407471975
249,249.0,249.2,0.14495471939099389,0.21566446715956514,0.23553123619300084,0.1522490535970928,0.1246853899549978,0.1269151337043494
250,250.0,250.2,0.1436560180922926,0.20527485676995474,0.23899443965620432,0.15701095835899756,0.12641699168659953,0.12864673543595112
251,251.0,251.2,0.1436560180922926,0.20527485676995474,0.235661106322871,0.15701095835899756,0.12975032501993286,0.12864673543595112
252,252.0,252.2,0.14351292044919495,0.2047613887564867,0.2441435498053145,0.1571708910189302,0.12530828557789342,0.12510296439218008
253,253.0,253.2,0.14245471939099388,0.20370318769828566,0.2494345550963198,0.15611268996072916,0.12425008451969236,0.12404476333397901
254,254.0,254.2,0.14381595075222525,0.20982632382142177,0.2475634632252279,0.15444361829165748,0.12227798254759038,0.12207266136187704
255,255.0,255.2,0.14511548455175907,0.20187677337187132,0.2515794472412119,0.15031191665995583,0.12357751634712419,0.12753886182807753
256,256.0,256.2,0.1495964991798325,0.20200321283654613,0.2470828708328708,0.149866460699794,0.12680853097519765,0.12464242547575881
257,257.0,257.2,0.1492557905057905,0.20028684278684278,0.2474604562104562,0.15109862359862358,0.1286018611018611,0.1232964257964258
258,258.0,258.2,0.1509046318605142,0.2071745928363575,0.24402413218589686,0.1493495148642207,0.1265096151125563,0.12203751314045432
259,259.0,259.2,0.14979352074940308,0.20611398677575146,0.24538776854953326,0.15157173708644295,0.12565102925397043,0.12148195758489874
260,260.0,260.2,0.15375529971118204,0.20294530360706828,0.2469885751503398,0.15195006246476833,0.12599050459344577,0.11837025447319564
261,261.0,261.2,0.15178478928478928,0.20287333037333036,0.24678432678432674,0.15302577052577052,0.12657601657601655,0.11895576645576646
262,262.0,262.2,0.15178478928478928,0.20287333037333036,0.24678432678432674,0.15302577052577052,0.12657601657601655,0.11895576645576646
263,263.0,263.2,0.15425953675953671,0.1991149128649128,0.2457153032153032,0.15529008029008023,0.12534706034706036,0.12027310652310651
264,264.0,264.2,0.14908648268942387,0.20240516836105069,0.25040558842029426,0.14962683014153597,0.12794287139875374,0.12053305898894133
265,265.0,265.2,0.14872502497502496,0.20193477818477815,0.24859829984829981,0.1506814944314944,0.12721995596995597,0.12284044659044659
266,266.0,266.2,0.1525577663077663,0.20657319532319526,0.24803774928774927,0.150810532060532,0.12343161468161466,0.11858914233914232
267,267.0,267.2,0.15246030042082673,0.20894236611341868,0.2475504198530514,0.14766163417479203,0.12499106887264781,0.11839421056526318
268,268.0,268.2,0.15246030042082673,0.20894236611341868,0.24278851509114666,0.144631331144489,0.12499106887264781,0.12618641835747096
269,269.0,269.2,0.15203905499958129,0.20828302545407804,0.24549913780176935,0.14516246667562452,0.12295810183968078,0.12605821322926586
270,270.0,270.2,0.15203905499958129,0.20828302545407804,0.24549913780176935,0.14516246667562452,0.12295810183968078,0.12605821322926586
271,271.0,271.2,0.15203905499958129,0.20828302545407804,0.24788009018272172,0.14516246667562452,0.12057714945872841,0.12605821322926586
272,272.0,272.2,0.1570534850140113,0.21026715243820499,0.24073723303986455,0.14436881588197373,0.12256127644285539,0.12501203718308979
273,273.0,273.2,0.16131033927086552,0.21203482920588174,0.2354702777729093,0.14411629062944847,0.12230875119033012,0.12475951193056453
274,274.0,274.2,0.16072425868478493,0.21337182554287804,0.23599530829793983,0.1437438852570431,0.12193634581792476,0.124228376399429
275,275.0,275.2,0.16021906942959568,0.21451498793604043,0.2364623412649728,0.14342184618500403,0.12161430674588568,0.12376744843850104
276,276.0,276.2,0.16080164861511606,0.21695348897748268,0.2272190029039874,0.14394948031557936,0.12690384563836574,0.12417253354946851
277,277.0,277.2,0.16072832868885498,0.21274911492016738,0.22690088420351573,0.14408983560299346,0.12716121354279247,0.12837062304167565
278,278.0,278.2,0.15989906535959164,0.21631545598650848,0.2211265659291974,0.14714742616058402,0.12586898725056617,0.12964249931355193
279,279.0,279.2,0.15930382726435355,0.2157202178912704,0.22410275640538788,0.14655218806534592,0.12527374915532807,0.12904726121831384
280,280.0,280.2,0.15884086430139058,0.21525725492830744,0.2264175712202027,0.14608922510238295,0.12481078619236512,0.12858429825535087
281,281.0,281.2,0.1588367942973206,0.21085758052863304,0.22548554028817183,0.14590200491516278,0.12557594695752589,0.13334213301318565
282,282.0,282.2,0.15407488953541584,0.2156194852905378,0.22548554028817183,0.14590200491516278,0.12557594695752589,0.13334213301318565
283,283.0,283.2,0.15330889626942257,0.21485349202454454,0.22591483321746475,0.1451360116491695,0.12450692338850232,0.13627984345089608
284,284.0,284.2,0.15058809854862484,0.21533782250887504,0.22544474774737924,0.14497931649247434,0.12435022823180716,0.13929978647083907
285,285.0,285.2,0.15007139303191933,0.21418009135114388,0.22948903679166832,0.14446261097576885,0.12383352271510165,0.13796334513439773
286,286.0,286.2,0.15339029635082263,0.21611010578115827,0.22788369768632916,0.1436148476280055,0.1229857593673383,0.1360152931863458
287,287.0,287.2,0.1533394212999476,0.21597274314379572,0.23012728742991895,0.1403232318363897,0.11969414357572251,0.1405431727142253
288,288.0,288.2,0.15327208123260755,0.216275773446826,0.2216424389450705,0.14432996584312371,0.12067057455215349,0.1438091659802186
289,289.0,289.2,0.1580339859945123,0.216275773446826,0.2216424389450705,0.14432996584312371,0.12067057455215349,0.13904726121831382
290,290.0,290.2,0.1580339859945123,0.216275773446826,0.2216424389450705,0.14432996584312371,0.12067057455215349,0.13904726121831382
291,291.0,291.2,0.16266361562414194,0.21197683164788422,0.2184016982043297,0.14525589176904966,0.11742983381141275,0.14427212894318156
292,292.0,292.2,0.16206837752890385,0.21138159355264613,0.21780646010909163,0.14882732034047821,0.11683459571617466,0.14308165275270537
293,293.0,293.2,0.15475152771205403,0.2154475276185802,0.21872221102484254,0.15317713719029505,0.11701774589932484,0.14088385055490316
294,294.0,294.2,0.1553744233349496,0.21403579120684374,0.217190224492856,0.15380003281319068,0.12055069443227337,0.13904883371988633
295,295.0,295.2,0.15516074812127442,0.21382211599316855,0.21825860056123203,0.15358635759951544,0.12033701921859816,0.13883515850621111
