Total_iterations,Unnamed: 0.1,Intertwine_two,Add_vertex,Delete_vertex,Invert_path_vertices,Insert_inside_vertex,Delete_inside_vertex
0,0.0,0.1666666666666666,0.1666666666666666,0.1666666666666666,0.1666666666666666,0.1666666666666666,0.1666666666666666
1,1.0,0.1670068192325473,0.1670068192325473,0.1665230466944058,0.1664877716134997,0.1664877716134997,0.1664877716134997
2,2.0,0.1664479045307443,0.1678764759593157,0.1672749059177068,0.1658954759593157,0.1658359521497919,0.1666692854831252
3,3.0,0.16559798457261,0.1688575083821338,0.1677570561316587,0.1650342649429804,0.1662253363715518,0.166527849599065
4,4.0,0.1644607593314409,0.1698305263715903,0.1686160163318706,0.1642598507689448,0.1667071320092187,0.1661257151869342
5,5.0,0.1630860621438992,0.1723740628395109,0.1688525298895287,0.1630111164454603,0.1673828306265923,0.1652933980550082
6,6.0,0.1615213318614423,0.1755517945945338,0.1687746244814599,0.1619565311142564,0.167677078590322,0.1645186393579853
7,7.0,0.1593383292084963,0.1791975059943798,0.1697266709454674,0.1606290755462668,0.1680365993726556,0.1630718189327338
8,8.0,0.1570510172539455,0.1830937252513515,0.1709143816979315,0.159197914199453,0.1677990985817375,0.1619438630155806
9,9.0,0.1549992527540484,0.1877763737121009,0.1714797061798751,0.1571805577329939,0.1672322958884447,0.1613318137325367
10,10.0,0.15248381978716,0.1924990686257294,0.1717049364742373,0.1552444540871735,0.1667759716611296,0.1612917493645699
11,11.0,0.1503108878990449,0.1977306382253468,0.1717669188394355,0.1531960736404868,0.1663693382955007,0.1606261431001851
12,12.0,0.1484485021299992,0.2031653685696205,0.1720580492636628,0.1512667158610958,0.1660122002008503,0.1590491639747711
13,13.0,0.1458197693363442,0.2093469168489627,0.1717031065873791,0.1501011994474923,0.1656076858355337,0.1574213219442877
14,14.0,0.1432039817084814,0.2156838270621403,0.1716088868767592,0.1490433782819505,0.1649669480991872,0.1554929779714813
15,15.0,0.1416072467533338,0.2217449034730741,0.1713818504922839,0.1480140622008,0.1639399174360363,0.1533120196444716
16,16.0,0.1407726364321912,0.2281000851758458,0.1703083675360016,0.1472578983186179,0.1630774109723105,0.1504836015650329
17,17.0,0.1401294390548134,0.2340365462727626,0.1693843030929355,0.1463407408833191,0.1625477172030849,0.1475612534930842
18,18.0,0.1397804013314948,0.2396336673566375,0.1689093951520751,0.1453959292539604,0.1612731216520189,0.1450074852538131
19,19.0,0.1396581380443678,0.2446585216173406,0.1687428544537503,0.1435520286428871,0.1598000909826258,0.1435883662590282
20,20.0,0.1395146043060944,0.249796311285306,0.1682887320139133,0.1416380972625918,0.1584029000531333,0.142359355078961
21,21.0,0.138877475423285,0.2552068655706285,0.1677765069772933,0.1396857035592256,0.1571305617664714,0.1413228867030963
22,22.0,0.1379612817330207,0.2611762558486726,0.1672655967024197,0.1377823202662318,0.1558328189032281,0.1399817265464272
23,23.0,0.1372018183619705,0.2672245160103499,0.1665701778956539,0.1360680796117967,0.1546764546421358,0.1382589534780933
24,24.0,0.1363299616663195,0.2729519495953829,0.1663340459225254,0.134650534863375,0.1530749285683889,0.1366585793840083
25,25.0,0.1357941225567545,0.2781332648880244,0.165879547247003,0.1335191239655992,0.1515814193689595,0.1350925219736594
26,26.0,0.1353289597247173,0.2826776877144353,0.1657855892167649,0.1327928263247136,0.1496252286038414,0.1337897084155274
27,27.0,0.1342636006273189,0.2860780412925528,0.1662080922386198,0.1320311341841787,0.1481005181905867,0.1333186134667429
28,28.0,0.1328438465946977,0.2892757110849071,0.1671113242972792,0.1311173234624843,0.1467115527178069,0.1329402418428247
29,29.0,0.1314445345425195,0.292484655670612,0.1682769183094198,0.1302008599405203,0.1450189688873864,0.1325740626495419
30,30.0,0.1301236987621414,0.295371756337809,0.1705586833305382,0.1294978388725516,0.1418514783007731,0.1325965443961867
31,31.0,0.1283222306572178,0.2975099036537539,0.1731295842632485,0.1292183824357945,0.1384377594720537,0.1333821395179315
32,32.0,0.1260387945463622,0.2998296643939594,0.1756013230093023,0.1291768862491527,0.1351840864565573,0.1341692453446662
33,33.0,0.1234072075969801,0.301139132744041,0.1781744681307929,0.1294853814307524,0.1322895877598617,0.1355042223375719
34,34.0,0.1202597832091425,0.3021278755510808,0.1820521618671402,0.1295268581135694,0.1297162089958323,0.1363171122632348
35,35.0,0.1171601565748732,0.3027247052679476,0.1860717579005775,0.1297662327824411,0.1273492222260736,0.1369279252480869
36,36.0,0.1140779559305049,0.3027969645564766,0.1905920296855678,0.1302186684335608,0.1253366972057297,0.1369776841881602
37,37.0,0.1115081774808321,0.3015562019145107,0.1940358940338254,0.1315142649534943,0.1235926170336388,0.1377928445836985
38,38.0,0.1089816082761609,0.3002922829550435,0.1971353015582369,0.1327995637379218,0.1220524503084111,0.1387387931642257
39,39.0,0.1064999801311291,0.2996168396476952,0.1996630510977582,0.134008250063774,0.1207581503570363,0.1394537287026069
40,40.0,0.103960716883651,0.2984741688052789,0.2023603903786212,0.1362117064983138,0.1197814528732895,0.1392115645608453
41,41.0,0.1015920338773094,0.2973287146617811,0.2050734802739763,0.1383595251412351,0.1189986543188612,0.1386475917268367
42,42.0,0.0992206327196488,0.2964050724679116,0.207821151304653,0.1404019201829207,0.1177732668668727,0.1383779564579931
43,43.0,0.0974480466295988,0.2953422377205214,0.2104592567982743,0.1421122711560124,0.1166172725104386,0.1380209151851542
44,44.0,0.096252867949694,0.2947412135930097,0.211935892502424,0.1439362447077927,0.1155706092894736,0.1375631719576058
45,45.0,0.0955931347094221,0.293981478389189,0.2132638920825814,0.1447270650256887,0.1148922337099271,0.1375421960831914
46,46.0,0.0951062560371902,0.2931196772060459,0.2150086596027561,0.1454720417102412,0.1144906013724642,0.136802764071302
47,47.0,0.094802342385316,0.2921233668615072,0.217702292963068,0.1454442301454966,0.1140759144319144,0.1358518532126974
48,48.0,0.0948055146955468,0.2901283257377613,0.2205967797547255,0.1454546010544851,0.1141536270260953,0.1348611517313857
49,49.0,0.0944959499619637,0.2879921692333526,0.2240124078582866,0.1459531327543032,0.1142835179957596,0.1332628221963341
50,50.0,0.0940163342840357,0.2862481767128975,0.2281051221840425,0.1462004983277793,0.1140111499341704,0.1314187185570745
51,51.0,0.0936143546031606,0.2846452915504666,0.2315882022952895,0.1457671267438968,0.114196832743529,0.1301881920636574
52,52.0,0.0932989907047296,0.2834379974354631,0.2351628005403466,0.1448231057324753,0.1143735469099947,0.1289035586769906
53,53.0,0.09347195615891,0.2820399837226758,0.2383163366524878,0.144278940936089,0.1143192534183825,0.1275735291114547
54,54.0,0.0939193174431395,0.2800931767330554,0.2408113516971925,0.1439873805189919,0.1147128244211619,0.1264759491864589
55,55.0,0.0943410587397916,0.2785230429348825,0.2436809442012432,0.143523798817221,0.1150410484899648,0.1248901068168969
56,56.0,0.0948119490113884,0.276245168930934,0.2463365191886971,0.143689563197541,0.1154070311293981,0.1235097685420415
57,57.0,0.0951322796131908,0.2736994578925316,0.2483220664761154,0.1438853329193388,0.1159618216496079,0.1229990414492155
58,58.0,0.0955472825718927,0.271386151978565,0.2504145283599711,0.1440759402154612,0.1159715025617961,0.1226045943123139
59,59.0,0.0959852407155877,0.2688422235676631,0.2523894026418166,0.1442363781075058,0.1162600024900989,0.1222867524773279
60,60.0,0.0964020941069547,0.2657653754825356,0.2547241302873966,0.1442581721091418,0.1172872466846078,0.1215629813293635
61,61.0,0.0968030974050212,0.2624004345173819,0.2568344552785898,0.1445992099119616,0.1183033766998134,0.1210594261872321
62,62.0,0.0968594834107324,0.2591545638346085,0.258662175816624,0.1451592652964515,0.118971422559727,0.1211930890818565
63,63.0,0.0980480729744251,0.2567547618251342,0.2590018489282146,0.1454972386002375,0.1198032109571833,0.1208948667148053
64,64.0,0.0991736487910005,0.2545906891334406,0.2592593714781419,0.1459985452688864,0.1206121457714968,0.1203655995570337
65,65.0,0.1005232120604075,0.2525129751986757,0.2592625317869846,0.146524907998742,0.1211735440604072,0.120002828894783
66,66.0,0.1015905008637131,0.251241491952519,0.259096050323314,0.1471651092073485,0.1212725712978266,0.1196342763552788
67,67.0,0.1028239599305549,0.2500315914595017,0.2589199578231289,0.1475630383348488,0.1215789764140198,0.119082476037946
68,68.0,0.1040334928347009,0.248479880057282,0.258759267703318,0.1476620012786829,0.1221746273831636,0.1188907307428526
69,69.0,0.1053937660173306,0.2469534509798072,0.2585624567365978,0.1475706699824666,0.1227445364550876,0.1187751198287102
70,70.0,0.1068955625173699,0.2455538647291943,0.2584543343315247,0.1476015700933198,0.1229242064166094,0.1185704619119821
71,71.0,0.108801323276283,0.2431288645252319,0.2582983882352321,0.1480264329971502,0.1228157487749981,0.1189292421911046
72,72.0,0.1105136249486305,0.2407893143862868,0.2581595987025039,0.1486878256373522,0.1225903494502608,0.1192592868749657
73,73.0,0.1124582210351701,0.238587931406878,0.2575727543265447,0.1498901018852722,0.1218427569582874,0.1196482343878476
74,74.0,0.114230259765094,0.2368944866016614,0.2561457080406427,0.1509710811169843,0.1214764779924273,0.1202819864831902
75,75.0,0.1159180679412682,0.2353682358365678,0.2544230625929894,0.1518260931061969,0.1210509928040714,0.1214135477189062
76,76.0,0.1174613895605049,0.2346927954753091,0.2525668668694992,0.1526159488040321,0.1206075818734578,0.122055417417197
77,77.0,0.1187749798780452,0.2342907379820134,0.2509371153330681,0.1533935665369505,0.1200095398161863,0.1225940604537364
78,78.0,0.1199414715955082,0.234953636206193,0.2498360947310971,0.1534565626113178,0.1194147460030253,0.1223974888528584
79,79.0,0.1206884093304399,0.2357662173256993,0.2486649419792359,0.1533443701805367,0.1190542565755475,0.1224818046085406
80,80.0,0.1212803230313203,0.2365526575643614,0.2483094421582727,0.1531471449241714,0.1186682587227396,0.1220421735991346
81,81.0,0.1215957427178475,0.2372463707077743,0.2486613833122433,0.1526133261020724,0.1185785588178229,0.1213046183422395
82,82.0,0.1217596224681458,0.2381734074664435,0.2491821368903134,0.1519372206702701,0.1184268231389737,0.1205207893658534
83,83.0,0.1221702241862037,0.2379179250407646,0.2508670291702969,0.1506924069322635,0.1183994681393597,0.1199529465311115
84,84.0,0.1228712728357148,0.2370907809450976,0.2533512741166502,0.1493724978354939,0.118373008949292,0.1189411653177513
85,85.0,0.1233395620712112,0.2367114779488161,0.2560707049274129,0.1478399898757993,0.1182655953337209,0.1177726698430394
86,86.0,0.1236919569384869,0.2365904127779054,0.2585202496763462,0.1462152430476432,0.1186521080087457,0.1163300295508726
87,87.0,0.1237581384969566,0.2365087202507895,0.2604533995182351,0.1449703840009103,0.1188593074424857,0.1154500502906225
88,88.0,0.1238260258929285,0.2359930115541444,0.2630419761231011,0.1433164844989473,0.1191700976159872,0.1146524043148913
89,89.0,0.1237051611757655,0.2356769004870113,0.2648532554952578,0.1422577937684964,0.1192685214974443,0.1142383675760243
90,90.0,0.1232850880831099,0.2352711021166166,0.2664921214674411,0.1413891655350439,0.1195590419082541,0.114003480889534
91,91.0,0.1230678793355993,0.2351149679043677,0.2675456353456088,0.1403907156137655,0.1198351109779929,0.1140456908226656
92,92.0,0.1228809737659579,0.2343647003522328,0.2688648409889508,0.1392155058698569,0.1204357320903893,0.1142382469326121
93,93.0,0.122760075554096,0.2340169867719142,0.2705483929895663,0.1378118567018554,0.1204618628840406,0.114400825098527
94,94.0,0.1228283831294928,0.2320993598707794,0.2731460570469403,0.1366938590330195,0.1204195858363912,0.1148127550833765
95,95.0,0.1225624346767263,0.230126153983156,0.2755806529405041,0.1355777065229466,0.1202998521286512,0.1158531997480155
96,96.0,0.1220888462391126,0.2286255580466741,0.2769147782439282,0.1349889851013523,0.1202325590003025,0.1171492733686299
97,97.0,0.12148256776928,0.2274919457445892,0.2778302436451239,0.1343133666428198,0.1201061874551643,0.1187756887430225
98,98.0,0.1211172718695665,0.2259518146856145,0.2790741188018167,0.1336277316809526,0.1199284974281374,0.120300565533912
99,99.0,0.1209186399610176,0.2240707730636527,0.2802868447175297,0.1334923053783002,0.1196094267436439,0.1216220101358555
100,100.0,0.1201682615902922,0.2221353433636035,0.2825426316461173,0.1332648146553871,0.1191622371006281,0.1227267116439716
101,101.0,0.1191739628187706,0.2199715906901777,0.2847119024777193,0.1331595785287508,0.1188197783932465,0.1241631870913348
102,102.0,0.1181627612604954,0.2175650051384276,0.286744094656666,0.1328750534491549,0.1186756212091939,0.1259774642860619
103,103.0,0.1169876821483344,0.215322153941787,0.2886954007386731,0.1327008353612173,0.1185486783379598,0.1277452494720283
104,104.0,0.1158679966023343,0.2134386252344728,0.2896141081724085,0.132789775275942,0.118442266516089,0.1298472281987532
105,105.0,0.11475938571509,0.2111466049755137,0.2907627434431566,0.1328967937308492,0.118305477683489,0.1321289944519012
106,106.0,0.1140400276688503,0.2088501513761105,0.291063720910876,0.1335677677821793,0.1185196888986357,0.1339586433633479
107,107.0,0.1135410405874816,0.206709504087405,0.2916822509377998,0.1342442780680467,0.1189889392446563,0.1348339870746103
108,108.0,0.1135659712792595,0.204095162583176,0.292277569294224,0.1349647594454611,0.1190401809608009,0.1360563564370783
109,109.0,0.1136931028971066,0.2017061757008252,0.292796351925939,0.1355924350646545,0.1191626934352751,0.1370492409761995
110,110.0,0.1137900209809737,0.1994264496490445,0.2930688205864212,0.1361706406184063,0.1193904942637412,0.1381535739014129
111,111.0,0.1137463375120327,0.1973724542230514,0.294002695003581,0.1363094053396402,0.1196538919666831,0.1389152159550115
112,112.0,0.1135128324954841,0.1955451863254518,0.2943232156056673,0.1364828871038916,0.1205211514619773,0.1396147270075278
113,113.0,0.1133353640664966,0.1939389713807142,0.2952344246515324,0.1363559341675166,0.1210818179083372,0.1400534878254029
114,114.0,0.1132620544703757,0.1933470580346339,0.2950662663126525,0.1363016560596786,0.1213178024043157,0.1407051627183436
115,115.0,0.1129638073465198,0.1923348525347279,0.2949166707447377,0.1363272843994686,0.1221159170812874,0.1413414678932584
116,116.0,0.1128442386808359,0.1925167169671115,0.2937982589848575,0.1362712663674242,0.1227252210648938,0.141844297934877
117,117.0,0.1130650687701408,0.192687873221526,0.2926541950024414,0.1361485252145786,0.1232409320083152,0.1422034057829979
118,118.0,0.1128309642250101,0.1934664148890639,0.2913332969810685,0.1360261711908562,0.1239019012289428,0.1424412514850584
119,119.0,0.1126095590530855,0.1943377027235168,0.2900596437593565,0.1358878452639328,0.1245115546103586,0.1425936945897497
120,120.0,0.1123501682960839,0.1952400148940091,0.2890757085424388,0.1356927935475582,0.1250251928668301,0.1426161218530801
121,121.0,0.1117996817194215,0.195895426551265,0.2882468705990146,0.1355599523212272,0.126366781580165,0.1421312872289066
122,122.0,0.1112723035453086,0.1965994933478924,0.2874488044721444,0.1354307198154001,0.1276577259780026,0.1415909528412519
123,123.0,0.1114435908835151,0.1957659883078395,0.2868628330075157,0.1352798171034259,0.1294445112962102,0.1412032594014935
124,124.0,0.1119153352367454,0.1955694444894578,0.284903527847946,0.135457655758722,0.1315584115711892,0.1405956250959394
125,125.0,0.1126019380380768,0.1956178471653221,0.2828246560008392,0.1358384339833066,0.1332327943496257,0.1398843304628296
126,126.0,0.113849265788904,0.1954666649896963,0.2801006415450989,0.1366648850548399,0.1348968637053856,0.1390216789160752
127,127.0,0.1151691964118483,0.1953895178440493,0.276967970686912,0.137812900370428,0.1365160522337381,0.1381443624530242
128,128.0,0.1167733053601586,0.1957296745941541,0.2736680505003543,0.1388881172905767,0.1377246211186228,0.1372162311361334
129,129.0,0.1183430471887555,0.1960891538908757,0.2704735116079322,0.1399715100806909,0.1388238211742495,0.1362989560574961
130,130.0,0.119800736343596,0.1965718742659745,0.2673552751344007,0.1407417057467696,0.1402251289992947,0.1353052795099643
131,131.0,0.1209838270413334,0.1968980720202494,0.2647866934024062,0.1414606587078922,0.1417498718541173,0.1341208769740015
132,132.0,0.1227393483021005,0.196868268288871,0.2618868892785174,0.1426287896449289,0.1428216696334021,0.1330550348521801
133,133.0,0.1243795287190137,0.1970959864103434,0.2591478059979856,0.1433704657068842,0.1437584932503044,0.1322477199154686
134,134.0,0.1261111222839109,0.1977596905246604,0.255455711330297,0.1442325373322685,0.1448163866368082,0.131624551892055
135,135.0,0.127194792033465,0.1987869819692314,0.2520341009956569,0.1454575717617125,0.1454263167107411,0.1311002365291931
136,136.0,0.1273436400608611,0.1998490483144043,0.2496657559397203,0.1471995929480863,0.1454264541770947,0.1305155085598332
137,137.0,0.1285964567798379,0.2009112970861731,0.246128049994193,0.1487874211017725,0.1458149684341547,0.1297618066038687
138,138.0,0.1296413228150532,0.2018848907509635,0.2431843019684951,0.1502333428322484,0.1460541899403333,0.1290019516929064
139,139.0,0.1305191410644055,0.2028521937578564,0.2407981211783311,0.1515123526403842,0.1461353628024091,0.1281828285566137
140,140.0,0.1314551175028807,0.2043650718783659,0.2374969122218721,0.15259718078613,0.1464320668910177,0.1276536507197335
141,141.0,0.1323208592089645,0.2058100354011219,0.2344221008722232,0.1536081798160501,0.1468585488313863,0.126980275870254
142,142.0,0.1341438676216293,0.2064129361146753,0.2305786872858579,0.1548817135677138,0.1476222352862271,0.1263605601238967
143,143.0,0.1364807373220988,0.2068171231980389,0.2264853067758127,0.1559157549576664,0.1482907800151952,0.1260102977311881
144,144.0,0.1386148724552467,0.2067928844865192,0.2227410517465553,0.1570628257470922,0.1491709198724964,0.1256174456920903
145,145.0,0.140760534075644,0.2069238875204619,0.2194580821520104,0.1582672646034977,0.1494482141196223,0.1251420175287638
146,146.0,0.1425898305726223,0.2067152148896125,0.2166637051223271,0.1597844438413624,0.1496599051132099,0.1245869004608658
147,147.0,0.1434554661329143,0.2070680751769132,0.2133702432295542,0.1616900806523245,0.1504564717147127,0.1239596630935811
148,148.0,0.1442025121144474,0.2082592451120654,0.2105350227904805,0.1630795164267083,0.1512701550585185,0.1226535484977799
149,149.0,0.1441640616439868,0.2096813236701364,0.2090604849331778,0.1642246908446417,0.1515429843888366,0.1213264545192207
150,150.0,0.1442954312581129,0.2112280496070979,0.207383398386869,0.1650090078136082,0.1520652792129692,0.1200188337213427
151,151.0,0.1436511475007834,0.2128930311229669,0.2059707916990088,0.1664731482602237,0.1522092099863687,0.1188026714306484
152,152.0,0.1428573819388805,0.2148501127470138,0.2051572682475563,0.1676166451644139,0.1518660578112584,0.117652534090877
153,153.0,0.142188620514028,0.216312649226158,0.2039462891341457,0.1689654104456092,0.1520297593039321,0.1165572713761268
154,154.0,0.1413321183237848,0.2173609071673778,0.2028316497935734,0.1705086562404714,0.1520457801133672,0.1159208883614252
155,155.0,0.1404887390084991,0.2186078380469128,0.2015710730165539,0.1719668013427784,0.1518706047144641,0.1154949438707915
156,156.0,0.1396665953211429,0.2198349859620461,0.2007535174975849,0.1723729548253844,0.1517338653562476,0.1156380810375939
157,157.0,0.138831228418692,0.2211842176158178,0.1995901724078713,0.1726280591230555,0.1515924144453773,0.1161739079891858
158,158.0,0.1379564468939711,0.222635029362497,0.1983102177725631,0.1726764522141453,0.1517066922008343,0.116715161555989
159,159.0,0.1371576669471645,0.2230674065564215,0.1973862157439563,0.1726970835550777,0.1525903633177523,0.1171012638796275
160,160.0,0.1359320686687563,0.22318430089256,0.1972334581753602,0.1733510281688412,0.1527009485080663,0.1175981955864158
161,161.0,0.1347078369979379,0.2233689009411391,0.1977266432717548,0.1728534866920865,0.1532318481297311,0.1181112839673503
162,162.0,0.1338864627668858,0.2231112318395969,0.1981832018184234,0.1721977043257016,0.1536455062571269,0.1189758929922653
163,163.0,0.1333415789414809,0.22260182992322,0.1987415631899936,0.171884806315004,0.153594920457764,0.1198353011725373
164,164.0,0.1328100309034581,0.2220336100303032,0.1998506460299422,0.172407178178077,0.153091042146333,0.1198074927118863
165,165.0,0.1327401090509739,0.2213107491272486,0.2008503769433861,0.172505792780548,0.1525951654952871,0.1199978066025561
166,166.0,0.1330661605494875,0.2203874726804413,0.2022998623905522,0.1718461016663483,0.1519829314046497,0.1204174713085209
167,167.0,0.1331184150569282,0.2202350532782898,0.2032404446136756,0.1713374108420487,0.1511176053218574,0.1209510708872001
168,168.0,0.1339016055804012,0.2196870055625507,0.2039980183993043,0.1705836591217027,0.1501537712327612,0.1216759401032797
169,169.0,0.1348919735202354,0.2191685916969593,0.2042929889880113,0.1706443191645474,0.1486206825886468,0.1223814440415996
170,170.0,0.1358444776159765,0.2178502646658887,0.2049349539473889,0.1707287624227546,0.1467151378559992,0.1239264034919918
171,171.0,0.1367775319102291,0.2165507531317518,0.2052347274427094,0.1705146556230954,0.1448645632621235,0.1260577686300906
172,172.0,0.137523914380363,0.2152970196260455,0.2065766573885518,0.1702569866623449,0.1430382926954063,0.1273071292472883
173,173.0,0.1379532939925545,0.2136710977550578,0.2079432411155378,0.1705797519382832,0.1413189574005979,0.1285336577979686
174,174.0,0.1383136881070867,0.2123503953479566,0.2099586552485911,0.1707252397780415,0.1396084155488138,0.1290436059695102
175,175.0,0.1385532807024696,0.2108886532784799,0.212251691369603,0.1710235037106208,0.1378905098568861,0.1293923610819404
176,176.0,0.1384051280030363,0.2087871204060877,0.2155741599710707,0.171270396226526,0.1362803169379097,0.1296828784553696
177,177.0,0.1382652850810617,0.2073410695650737,0.2184716543206952,0.1715697549284348,0.1347419501425618,0.1296102859621728
178,178.0,0.1380109187146191,0.2064798844411818,0.2211260470685146,0.1717195685669567,0.1332450583378809,0.1294185228708469
179,179.0,0.1376217269775217,0.2061470382072864,0.2233533590654859,0.172028625207377,0.1317653460077301,0.1290839045345989
180,180.0,0.1371360120351338,0.206017292570994,0.2253113593840584,0.1725562451014365,0.1303343792064449,0.1286447117019324
181,181.0,0.1368681917823166,0.2061792356615081,0.2260302929617799,0.1732835374830728,0.1292422707048291,0.1283964714064935
182,182.0,0.1366013527548391,0.2064042769774405,0.2266158881259694,0.1739854599819093,0.1282682535601298,0.1281247685997119
183,183.0,0.1365684644508413,0.2080032406024745,0.2271940691347844,0.1728988723525799,0.127223991371835,0.1281113620874849
184,184.0,0.1371818382663928,0.2093851785318835,0.2278828715917503,0.171555182200885,0.1261039955182313,0.1278909338908571
185,185.0,0.1382570778877468,0.2096814107043725,0.2291419186800558,0.1705614779985196,0.1250177680401144,0.127340346689191
186,186.0,0.139110566848932,0.2105446052584686,0.2297301849317732,0.1696462876586636,0.1241149660918886,0.1268533892102741
187,187.0,0.1398971490300571,0.2119186932697294,0.2301625694717478,0.1684243376243908,0.1232774788437506,0.1263197717603243
188,188.0,0.1401178374039417,0.2135879009934245,0.2300121265977556,0.1677212550126538,0.1222695546947329,0.1262913252974914
189,189.0,0.140177217527281,0.215261424830136,0.2292185382031376,0.1671926755673151,0.1216723586322165,0.1264777852399139
190,190.0,0.1405987444318142,0.2160209574040545,0.2296668669117147,0.1666146558044093,0.1208237363061227,0.1262750391418846
191,191.0,0.1412563821097706,0.2167234626888804,0.2284725935702377,0.1672874221178242,0.1199217105054642,0.1263384290078229
192,192.0,0.1420892552763403,0.2171534649215213,0.2273717094769149,0.1681913375489631,0.1189545836346459,0.1262396491416146
193,193.0,0.1424107973652821,0.217893438194393,0.226175408357388,0.1689906766031706,0.1184444894503442,0.126085190029422
194,194.0,0.1426512011957444,0.2184909645067226,0.2248661737614516,0.1697487500884444,0.1179831007580258,0.1262598096896111
195,195.0,0.1427745098886041,0.2192876466247743,0.2237646876790023,0.1704204371601586,0.1174359016361561,0.1263168170113047
196,196.0,0.1430044273839201,0.2193401259563192,0.2223216398549655,0.1712301463614385,0.1171135059654699,0.1269901544778868
197,197.0,0.142916551827552,0.2196492821136766,0.2213616751427986,0.1717824995513361,0.1169185488919472,0.1273714424726894
198,198.0,0.1427555783172688,0.2198650595563955,0.2207071959895473,0.1722217828731648,0.1167522731636439,0.1276981100999796
199,199.0,0.1425125692407078,0.2202545590164331,0.2192707065673606,0.1722453866709892,0.1169289495937973,0.1287878289107119
200,200.0,0.1422766584487625,0.2205181758941199,0.2177665167940979,0.1723194393590281,0.1171910164057604,0.1299281930982311
201,201.0,0.14200874430514,0.2217500604881121,0.2164989477601085,0.1719853675685916,0.1171532296441484,0.1306036502338993
202,202.0,0.1416478564695943,0.2231353386501108,0.2151347705095624,0.1715538079819153,0.117079102717085,0.131449123671732
203,203.0,0.1412145611223332,0.2242594647063419,0.2140140384783717,0.1710464849071497,0.116980670843046,0.1324847799427574
204,204.0,0.1406037893513582,0.2257544362239434,0.2125225562638544,0.1708726328204363,0.1174484099225304,0.1327981754178771
205,205.0,0.1400822536596075,0.2271050154783988,0.2109566860008608,0.1701982621914562,0.1180305492789149,0.1336272333907617
206,206.0,0.1395553727802033,0.2282097549510972,0.2094311918635349,0.1697920733426306,0.1186189544750725,0.1343926525874614
207,207.0,0.1389682968050517,0.2285212632645593,0.2082797576031498,0.1688826225607447,0.1193631893561389,0.1359848704103554
208,208.0,0.1384598848679478,0.2284447370555628,0.2081177003658241,0.1679116412917344,0.1194314017834856,0.1376346346354452
209,209.0,0.1378904499225531,0.2285865439802424,0.2078682056671276,0.1667719765239862,0.1194202737829732,0.1394625501231174
210,210.0,0.1375342816816437,0.2284687401262913,0.207430615763288,0.1655229399860981,0.1200740922136341,0.1409693302290447
211,211.0,0.1371175698136349,0.2283467751884224,0.2069106085813505,0.1642441044641082,0.1206512941670144,0.1427296477854695
212,212.0,0.1370543838037646,0.2274862219133434,0.2059449845068028,0.1632367661096746,0.1214392971693362,0.1448383464970783
213,213.0,0.1373056137969286,0.2260630992610806,0.2053376608443509,0.1623774873582247,0.1220641434906845,0.1468519952487306
214,214.0,0.1379446864208606,0.2246478179406505,0.2046595980460092,0.1621249285621423,0.1224998284829596,0.1481231405473777
215,215.0,0.1387549429412313,0.2234490345957444,0.2042750188309242,0.1616840169776604,0.1227144276841329,0.1491225589703066
216,216.0,0.1397321229241536,0.2224031088332806,0.2037803681298687,0.1614905427870095,0.1227925149959142,0.1498013423297732
217,217.0,0.1405780266062193,0.2212964768115493,0.2039641701651384,0.1606511680118901,0.1237027892193651,0.1498073691858378
218,218.0,0.1414553683747687,0.2205453537948903,0.2040401933489939,0.159296116740005,0.1247052410969257,0.1499577266444163
219,219.0,0.1422967836730205,0.2199944273856904,0.2043986029648857,0.1579483714916141,0.1254021040908852,0.149959710393904
220,220.0,0.1429779870983522,0.2191593147938939,0.2048851014715647,0.1568352838476331,0.1263958663863561,0.1497464464021999
221,221.0,0.1433048118472643,0.2183119435148331,0.2056038341998757,0.1558489588716621,0.1273608931921784,0.1495695583741862
222,222.0,0.14393268999043,0.2175094677926412,0.2063472846284862,0.1546059244285526,0.1282759550598099,0.14932867810008
223,223.0,0.1444061897879445,0.2166363752098056,0.2074031655306991,0.1533252341904019,0.1293749931024888,0.14885404217866
224,224.0,0.1453089688993526,0.2151361140558748,0.2087353221807792,0.1519853043509392,0.1303673250609892,0.1484669654520647
225,225.0,0.1461020798901592,0.2140209340840279,0.2104665842512178,0.1509765472647796,0.1312282449736908,0.1472056095361245
226,226.0,0.1473650555765135,0.2130373606496566,0.2120611210756672,0.1501242196632407,0.1314237025949641,0.1459885404399577
227,227.0,0.1483261608051723,0.2124187829362477,0.2134369219013321,0.149420608349753,0.1316267583965021,0.1447707676109926
228,228.0,0.1491538091078973,0.2120391327398493,0.2149896901133045,0.1486870292400034,0.1316788298369122,0.1434515089620331
229,229.0,0.1499051507831005,0.211709806664276,0.2161009556541177,0.1480251116798361,0.1316471862273591,0.1426117889913105
230,230.0,0.1502776695991486,0.2114294623835978,0.2172299466116699,0.1481544024849881,0.1315413091597285,0.141367209760867
231,231.0,0.1500669404027142,0.2118275527801797,0.2177647910109021,0.148502117781006,0.1315375378933616,0.1403010601318364
232,232.0,0.1501844534880683,0.2123412481913245,0.2181344227885219,0.1492344723573774,0.1314005672856632,0.1387048358890447
233,233.0,0.1502422879275508,0.2128820724499799,0.2185121010625836,0.1500053286002472,0.1312074819348269,0.1371507280248116
234,234.0,0.150256862653119,0.213452933840573,0.2188270679301144,0.1508141571923015,0.1309878829922041,0.1356610953916881
235,235.0,0.1499293275858782,0.2140451200360041,0.2190824448630918,0.1516490726127014,0.1306329814427633,0.1346610534595612
236,236.0,0.1490402546738674,0.2146400548083131,0.2197506726796772,0.1522836288089201,0.1304170114448357,0.1338683775843865
237,237.0,0.1481061133946086,0.2153672462753216,0.2203363994534592,0.1529002030101003,0.1301635930786027,0.1331264447879075
238,238.0,0.147195886677754,0.2170125460048269,0.2204759611475706,0.1531956485661316,0.1297258067113586,0.1323941508923583
239,239.0,0.1462688036492498,0.218731278300843,0.2205441693662457,0.1534701646099503,0.1292664853218952,0.1317190987518159
240,240.0,0.1452466044313299,0.2200939841788302,0.220458261035625,0.1542424684517091,0.1290061895901431,0.1309524923123627
241,241.0,0.1442138494749418,0.2215947171438894,0.2202690307034682,0.1545554911736293,0.1287197194747482,0.1306471920293231
242,242.0,0.1432353384216187,0.2231194621665756,0.2201216797003448,0.1549850223419966,0.1282698952019786,0.1302686021674858
243,243.0,0.1427310560189759,0.2241858024614251,0.2198767678019512,0.1553273629215532,0.1278992746755531,0.1299797361205416
244,244.0,0.1426925336848834,0.2244159216102796,0.2203293654996635,0.155225028752605,0.1281440486915065,0.1291931017610621
245,245.0,0.1429030113630518,0.2245989839727701,0.2205342287521033,0.1551594838016355,0.1282434462564517,0.1285608458539876
246,246.0,0.1427564648471893,0.2247451741516587,0.2210533160134484,0.1551027743251029,0.1283264360560004,0.1280158346066003
247,247.0,0.142933027389823,0.2247466525284518,0.2216056417158225,0.1549445189352638,0.1283254307002985,0.1274447287303405
248,248.0,0.1430099259709804,0.2243201722768877,0.2230648984406386,0.1547926909485833,0.1279511365357248,0.1268611758271851
249,249.0,0.1430319159615555,0.2238164496659735,0.2247028928704968,0.1545972760537227,0.1275482809884679,0.1263031844597835
250,250.0,0.1429410648574974,0.2222426184521256,0.2266316916369145,0.1548741108999723,0.1273302422587622,0.125980271894728
251,251.0,0.142866448396193,0.2206564927428408,0.22815790467355,0.1551446307361872,0.1274582082296388,0.1257163152215902
252,252.0,0.1427928795136703,0.2190238164434088,0.2304547727712595,0.1554227551310019,0.1271520948271267,0.1251536813135327
253,253.0,0.142628047822935,0.2173059633912307,0.2331879423586391,0.1555847283393944,0.1267523345665533,0.1245409835212473
254,254.0,0.142614089153077,0.2162361814996545,0.2356231519275484,0.1555688766762538,0.1261703176343585,0.1237873831091076
255,255.0,0.1427434983461496,0.2144143241754986,0.238335842054142,0.1551301874324112,0.1257375324244689,0.1236386155673296
256,256.0,0.1433317879447784,0.2126619210221895,0.2404600415791128,0.1546426388092121,0.1256495270376021,0.123254083607105
257,257.0,0.1438898248284907,0.2108065340973846,0.2424758079818826,0.1542792995571217,0.1257612452414643,0.1227872882936561
258,258.0,0.1446106018160771,0.2097202639569061,0.2439962118242053,0.153745576597215,0.1256809731846138,0.1222463726209826
259,259.0,0.1452111302942381,0.2086111035132095,0.2455012181222762,0.1534434875381913,0.1255311561668692,0.1217019043652157
260,260.0,0.1461936077253126,0.2072710196296396,0.2470146699548933,0.153190722418385,0.1254314671157175,0.1208985131560519
261,261.0,0.146956403290499,0.2060144896508272,0.2483560908196018,0.1530583980171234,0.1254058885427154,0.1202087296792331
262,262.0,0.1476912031591097,0.204852201077121,0.2495476519574868,0.1529389797810744,0.1253945691073466,0.1195753949178615
263,263.0,0.1486409336495909,0.2034105109029058,0.2504855213729492,0.1530588022525083,0.1252733004673056,0.1191309313547401
264,264.0,0.1490345717151121,0.202399059315346,0.2517509301857881,0.1526226302423201,0.1254244773952357,0.118768331146198
265,265.0,0.1493532193123844,0.201441774959372,0.2526956158424888,0.1523055838611386,0.1255134290275282,0.118690376997088
266,266.0,0.1500169943398301,0.2010489907850911,0.2534488047175224,0.1520169049866827,0.1252317166371815,0.1182365885336922
267,267.0,0.1506300529955165,0.2009876441526417,0.2540238312072851,0.1514301404818369,0.1251161198854172,0.1178122112773026
268,268.0,0.1512001082598875,0.201011979403045,0.2540004304583388,0.1505613370613749,0.1250108322987016,0.1182153125186523
269,269.0,0.1516836353773061,0.2010472509295777,0.2541383129016774,0.1497732274769037,0.1247125791331003,0.1186449941814347
270,270.0,0.1521223639792057,0.2011513530487021,0.2541760153496831,0.1490178212428669,0.124426606511125,0.1191058398684172
271,271.0,0.152516386631119,0.2013163616799678,0.2543612740155043,0.1482994020865614,0.1239164508665375,0.11959012472031
272,272.0,0.1533676767029687,0.2017329487842607,0.2537489092621299,0.1475420904124119,0.1236223304707434,0.1199860443674854
273,273.0,0.1545963812764292,0.2023699868914315,0.2525409686951747,0.1468035246351205,0.1233217590489973,0.1203673794528468
274,274.0,0.15571074691388,0.2031736692447293,0.2513356183281954,0.146074702558261,0.1230038741535985,0.1207013888013356
275,275.0,0.1567132921797759,0.2041132811649951,0.2501441031943148,0.1453632506088713,0.1226748985571791,0.1209911742948638
276,276.0,0.1577088986101323,0.2053067990650889,0.2480105881184303,0.1447562932232395,0.1228971684915366,0.1213202524915722
277,277.0,0.1586285399048769,0.2060769946685658,0.2458506968279427,0.1442159989758356,0.1231630149943693,0.1220647546284094
278,278.0,0.1593942886250605,0.2071935260208451,0.2431398647128277,0.1440342315752028,0.1233130362031804,0.1229250528628833
279,279.0,0.1600289864310472,0.2082300997280294,0.240777601869007,0.1438422490509633,0.1234140909920604,0.1237069719288926
280,280.0,0.160546666568472,0.2091916209498313,0.2387162983364136,0.1436502678729952,0.1234773405873888,0.1244178056848989
281,281.0,0.1609951136690765,0.2096776789492703,0.2366449347927143,0.1434831523663958,0.1236241157557502,0.1255750044667926
282,282.0,0.1609009423897125,0.2106031206407496,0.2346691136583396,0.143356936935944,0.1237757317192932,0.1266941546559608
283,283.0,0.1606713283831427,0.2114095824829794,0.23284196819663,0.1431921944017303,0.1238232858819619,0.1280616406535555
284,284.0,0.1601189716840128,0.2122182702848351,0.2310812573842911,0.1430476947777428,0.1238572514877596,0.1296765543813585
285,285.0,0.1594748713717715,0.2128615117129724,0.2298446814612459,0.1428852907816308,0.1238410797487474,0.1310925649236318
286,286.0,0.1591330366392461,0.2136466162376791,0.2285676727732755,0.1426701240522951,0.1237416732785237,0.1322408770189803
287,287.0,0.1587628704720015,0.2143641089416137,0.2276358841775917,0.1421567596524884,0.1233154867370489,0.1337648900192555
288,288.0,0.1583687524230269,0.2150562417474797,0.2259737036255147,0.1420770698151749,0.1229933485157514,0.1355308838730522
289,289.0,0.158439269943236,0.2156913565897525,0.2244344284818409,0.1420278779218722,0.1226801963769477,0.1367268706863504
290,290.0,0.1584986828719369,0.2162688041163688,0.2230211609571668,0.1420066260971123,0.1223782632337764,0.1378264627236385
291,291.0,0.1590104705019565,0.2163586824037339,0.2214113588907651,0.142103325444881,0.121765372444032,0.1393507903146312
292,292.0,0.1594480870106722,0.2163362305452801,0.2198729166146154,0.1425790233782575,0.121110891537412,0.1406528509137626
293,293.0,0.1591364597920136,0.2166730709093388,0.2185592290926005,0.1435046161729002,0.1204974107815566,0.14162921325159
294,294.0,0.1588744355367108,0.2168227981629104,0.2172253414889108,0.1444966644605421,0.1202637763057593,0.1423169840451662
295,295.0,0.1585822460635532,0.2169083151001966,0.2161313290824673,0.1454611740815788,0.1200350069374394,0.1428819287347644
296,296.0,0.1582204492436773,0.217260177408443,0.2152132694267344,0.1462995769647836,0.1197675233141517,0.1432390036422097
297,297.0,0.1579757023310321,0.2178794183336575,0.2139269826824335,0.1471412523802602,0.1198517424564967,0.1432249018161196
298,298.0,0.1576955752358486,0.2183833009300844,0.2130639635426734,0.1478435430117135,0.1199214663413021,0.1430921509383776
299,299.0,0.1574038675647926,0.2190513380776542,0.2121809916288739,0.1484974914153581,0.1199949075729342,0.1428714037403868
300,300.0,0.1572856068331145,0.2200080529973958,0.2109174633661483,0.1491156780442242,0.1200852457186796,0.1425879530404374
301,301.0,0.1571746309541931,0.2209150107628947,0.2097740696720165,0.149695497209501,0.1201898877056695,0.142250903695725
302,302.0,0.157041018171239,0.2219802387240413,0.2087199279962573,0.1501440783749856,0.1202760536996066,0.1418386830338699
303,303.0,0.1569156410297577,0.2229863484907504,0.2077839272810638,0.1505518777108206,0.1203720023671296,0.1413902031204776
304,304.0,0.1568331177712048,0.2237411565967645,0.2070148954888135,0.1509530834408005,0.1205099839883926,0.1409477627140239
305,305.0,0.1568149780648629,0.2244501979150455,0.2060603584016669,0.1515359993598676,0.1206538497212433,0.1404846165373136
306,306.0,0.156835084832694,0.2252153210155465,0.2052462973678706,0.1515006845639818,0.1211650257106475,0.1400375865092594
307,307.0,0.1584600232302135,0.2254514531172269,0.2044058145314365,0.151464534127816,0.1209019096712966,0.1393162653220103
308,308.0,0.1599559178533345,0.2255660584058785,0.2036107794118153,0.1517518026435695,0.1205802762521736,0.1385351654332284
309,309.0,0.1616382947008462,0.2255774186421927,0.2032422430911676,0.1519132543668716,0.1199134383546919,0.1377153508442299
310,310.0,0.1631259626861152,0.2255804609387564,0.2027432636598249,0.1519279901778682,0.1191788161668936,0.1374435063705416
311,311.0,0.1644451610371583,0.2254777182683105,0.2022760310673262,0.1518546901538356,0.1184013568505108,0.1375450426228585
312,312.0,0.1657066875910303,0.2253343679828319,0.2018956143842833,0.1517564623070886,0.1176466901401372,0.1376601775946286
313,313.0,0.1666536942619098,0.2248688673096417,0.2013934324828774,0.1517571520687365,0.1174200834422756,0.1379067704345589
314,314.0,0.1675331629713872,0.2243764196275762,0.2009700170372922,0.1517385274469899,0.1172209968226534,0.138160876094101
315,315.0,0.1683430528285079,0.2238646441143436,0.2006217255564016,0.1517027061264057,0.1170486691396429,0.1384192022346982
316,316.0,0.1690081487458622,0.2233035542711559,0.2003074915215079,0.1515776919159996,0.1168651107393761,0.1389380028060983
317,317.0,0.169528871750846,0.2228110998368479,0.1998381626394714,0.1515884690616724,0.1167436506479515,0.1394897460632107
318,318.0,0.1699811185713129,0.2223186751482081,0.1994339416838269,0.1515880173230264,0.116645960302066,0.1400322869715598
319,319.0,0.1703672143575102,0.221831201477556,0.1990923600714915,0.1515774641058798,0.1165706396306243,0.1405611203569383
320,320.0,0.1706899132550027,0.2213530584597993,0.1988105696842577,0.1515579250902541,0.1165162048728966,0.1410723286377895
321,321.0,0.1709523279636861,0.2208880944598262,0.1985854093034877,0.1515304942461536,0.1164811117850888,0.1415625622417577
322,322.0,0.1707476063450979,0.220508017284234,0.1982938094126847,0.1518893974580291,0.1164979651652749,0.1420632043346794
323,323.0,0.170493740017382,0.2201466005608021,0.1980530222694523,0.1522385661343181,0.1165306326020844,0.142537438415961
