,Unnamed: 0,Total_iterations,Intertwine_two,Add_vertex,Delete_vertex,Invert_path_vertices,Insert_inside_vertex,Delete_inside_vertex
0,0.0,0.0,0.16666666666666663,0.16666666666666663,0.16666666666666663,0.16666666666666663,0.16666666666666663,0.16666666666666663
1,1.0,0.10900000000000001,0.16700681923254737,0.16700681923254737,0.16652304669440587,0.16648777161349973,0.16648777161349973,0.16648777161349973
2,2.0,0.31601,0.16644790453074432,0.16787647595931576,0.16727490591770686,0.16589547595931572,0.1658359521497919,0.16666928548312526
3,3.0,0.6191589000000001,0.16559798457261005,0.16885750838213387,0.1677570561316587,0.1650342649429804,0.1662253363715518,0.16652784959906505
4,4.0,1.015801321,0.16446075933144097,0.16983052637159038,0.16861601633187068,0.16425985076894487,0.1667071320092187,0.16612571518693428
5,5.0,1.50262148669,0.16308606214389929,0.1723740628395109,0.16885252988952879,0.16301111644546037,0.16738283062659234,0.1652933980550082
6,6.0,2.0757334209441005,0.16152133186144235,0.1755517945945338,0.1687746244814599,0.16195653111425642,0.167677078590322,0.16451863935798539
7,7.0,2.7307768275633495,0.15933832920849636,0.17919750599437984,0.1697266709454674,0.16062907554626688,0.1680365993726556,0.1630718189327338
8,8.0,3.4630081252450404,0.15705101725394552,0.18309372525135154,0.17091438169793158,0.159197914199453,0.16779909858173758,0.16194386301558067
9,9.0,4.2673862119061114,0.15499925275404847,0.18777637371210093,0.1714797061798751,0.15718055773299391,0.16723229588844474,0.16133181373253672
10,10.0,5.138652627782014,0.15248381978716005,0.1924990686257294,0.1717049364742373,0.15524445408717355,0.16677597166112967,0.16129174936456994
11,11.0,6.071405875792507,0.15031088789904493,0.19773063822534684,0.1717669188394355,0.15319607364048682,0.1663693382955007,0.16062614310018514
12,12.0,7.060169740244025,0.14844850212999927,0.20316536856962059,0.17205804926366286,0.15126671586109586,0.1660122002008503,0.1590491639747711
13,13.0,8.099455520847952,0.14581976933634422,0.20934691684896278,0.1717031065873791,0.15010119944749234,0.1656076858355337,0.15742132194428776
14,14.0,9.183818168183006,0.14320398170848142,0.2156838270621403,0.1716088868767592,0.1490433782819505,0.16496694809918724,0.1554929779714813
15,15.0,10.307906369102724,0.14160724675333383,0.22174490347307413,0.1713818504922839,0.14801406220080007,0.16393991743603634,0.15331201964447166
16,16.0,11.466506686239443,0.14077263643219126,0.2281000851758458,0.17030836753600162,0.1472578983186179,0.1630774109723105,0.1504836015650329
17,17.0,12.654581904800096,0.14012943905481343,0.2340365462727626,0.16938430309293553,0.14634074088331916,0.16254771720308497,0.14756125349308427
18,18.0,13.867303782456686,0.13978040133149483,0.23963366735663755,0.16890939515207512,0.14539592925396047,0.1612731216520189,0.1450074852538131
19,19.0,15.100080434523047,0.13965813804436783,0.2446585216173406,0.16874285445375037,0.14355202864288719,0.15980009098262582,0.1435883662590282
20,20.0,16.348578617037543,0.13951460430609447,0.24979631128530602,0.1682887320139133,0.14163809726259183,0.15840290005313337,0.14235935507896108
21,21.0,17.608741195130214,0.13887747542328502,0.25520686557062855,0.1677765069772933,0.1396857035592256,0.1571305617664714,0.1413228867030963
22,22.0,18.876800103462312,0.13796128173302072,0.2611762558486726,0.1672655967024197,0.1377823202662318,0.15583281890322812,0.13998172654642727
23,23.0,20.14928511992658,0.13720181836197054,0.2672245160103499,0.1665701778956539,0.1360680796117967,0.15467645464213584,0.1382589534780933
24,24.0,21.423028783545156,0.1363299616663195,0.27295194959538294,0.16633404592252546,0.13465053486337508,0.15307492856838892,0.1366585793840083
25,25.0,22.695167792966423,0.1357941225567545,0.2781332648880244,0.16587954724700305,0.13351912396559923,0.15158141936895952,0.13509252197365942
26,26.0,23.963141223515898,0.1353289597247173,0.28267768771443536,0.16578558921676492,0.13279282632471365,0.14962522860384148,0.13378970841552745
27,27.0,25.224685898775267,0.13426360062731899,0.2860780412925528,0.16620809223861988,0.13203113418417872,0.1481005181905867,0.13331861346674298
28,28.0,26.477829247520948,0.13284384659469772,0.28927571108490713,0.1671113242972792,0.1311173234624843,0.14671155271780695,0.13294024184282477
29,29.0,27.720879968916847,0.13144453454251956,0.29248465567061205,0.16827691830941988,0.1302008599405203,0.1450189688873864,0.1325740626495419
30,30.0,28.95241681848399,0.13012369876214147,0.295371756337809,0.17055868333053825,0.1294978388725516,0.14185147830077313,0.1325965443961867
31,31.0,30.17127581490958,0.12832223065721787,0.29750990365375396,0.17312958426324856,0.1292183824357945,0.13843775947205375,0.13338213951793154
32,32.0,31.376536153543515,0.1260387945463622,0.2998296643939594,0.1756013230093023,0.12917688624915272,0.13518408645655738,0.1341692453446662
33,33.0,32.567505096778625,0.12340720759698018,0.301139132744041,0.17817446813079293,0.1294853814307524,0.13228958775986172,0.13550422233757195
34,34.0,33.74370209472243,0.1202597832091425,0.3021278755510808,0.18205216186714027,0.1295268581135694,0.12971620899583233,0.13631711226323487
35,35.0,34.90484237192463,0.11716015657487322,0.3027247052679476,0.18607175790057756,0.12976623278244112,0.12734922222607367,0.13692792524808695
36,36.0,36.05082019768737,0.11407795593050492,0.3027969645564766,0.1905920296855678,0.13021866843356084,0.1253366972057297,0.13697768418816025
37,37.0,37.18169203889697,0.11150817748083214,0.30155620191451077,0.1940358940338254,0.13151426495349436,0.12359261703363889,0.1377928445836985
38,38.0,38.29765977559663,0.1089816082761609,0.3002922829550435,0.19713530155823697,0.1327995637379218,0.12205245030841118,0.1387387931642257
39,39.0,39.399054140870355,0.10649998013112916,0.29961683964769525,0.19966305109775825,0.13400825006377406,0.12075815035703638,0.13945372870260692
40,40.0,40.48631852820801,0.10396071688365102,0.29847416880527894,0.20236039037862125,0.13621170649831388,0.11978145287328958,0.13921156456084538
41,41.0,41.55999329152982,0.10159203387730947,0.2973287146617811,0.20507348027397637,0.1383595251412351,0.11899865431886127,0.13864759172683672
42,42.0,42.62070064560415,0.09922063271964882,0.29640507246791165,0.20782115130465303,0.1404019201829207,0.11777326686687273,0.13837795645799314
43,43.0,43.669130257815,0.09744804662959886,0.29534223772052143,0.21045925679827435,0.14211227115601244,0.11661727251043869,0.13802091518515427
44,44.0,44.70602560622662,0.09625286794969407,0.2947412135930097,0.211935892502424,0.14393624470779276,0.11557060928947366,0.1375631719576058
45,45.0,45.73217116373481,0.09559313470942213,0.293981478389189,0.21326389208258145,0.14472706502568877,0.11489223370992716,0.13754219608319143
46,46.0,46.748380453854836,0.09510625603719029,0.2931196772060459,0.21500865960275617,0.14547204171024125,0.11449060137246424,0.13680276407130207
47,47.0,47.755485010424316,0.09480234238531608,0.29212336686150725,0.21770229296306803,0.14544423014549668,0.11407591443191442,0.13585185321269747
48,48.0,48.7543242612326,0.0948055146955468,0.2901283257377613,0.22059677975472552,0.14545460105448518,0.11415362702609537,0.13486115173138577
49,49.0,49.745736344347726,0.09449594996196371,0.28799216923335264,0.22401240785828663,0.14595313275430327,0.11428351799575964,0.13326282219633412
50,50.0,50.730549855707864,0.09401633428403577,0.2862481767128975,0.22810512218404255,0.1462004983277793,0.1140111499341704,0.13141871855707454
51,51.0,51.70957651737491,0.09361435460316063,0.2846452915504666,0.2315882022952895,0.14576712674389689,0.11419683274352901,0.13018819206365745
52,52.0,52.68360474770151,0.09329899070472963,0.28343799743546316,0.23516280054034666,0.1448231057324753,0.11437354690999471,0.12890355867699066
53,53.0,53.65339410751842,0.09347195615891007,0.2820399837226758,0.23831633665248786,0.14427894093608906,0.11431925341838255,0.12757352911145478
54,54.0,54.61967059027847,0.09391931744313951,0.2800931767330554,0.2408113516971925,0.14398738051899193,0.11471282442116192,0.1264759491864589
55,55.0,55.58312271885972,0.09434105873979168,0.27852304293488256,0.24368094420124325,0.14352379881722102,0.1150410484899648,0.1248901068168969
56,56.0,56.544398407394254,0.09481194901138842,0.276245168930934,0.24633651918869717,0.143689563197541,0.11540703112939812,0.12350976854204153
57,57.0,57.504102543001395,0.09513227961319087,0.27369945789253164,0.24832206647611543,0.14388533291933886,0.1159618216496079,0.12299904144921553
58,58.0,58.462795239617805,0.09554728257189274,0.271386151978565,0.2504145283599711,0.14407594021546125,0.11597150256179618,0.1226045943123139
59,59.0,59.42099071417639,0.09598524071558774,0.26884222356766313,0.25238940264181664,0.14423637810750584,0.1162600024900989,0.12228675247732797
60,60.0,60.379156734137354,0.09640209410695477,0.2657653754825356,0.2547241302873966,0.14425817210914188,0.11728724668460783,0.12156298132936352
61,61.0,61.337714584760846,0.09680309740502123,0.26240043451738193,0.2568344552785898,0.14459920991196168,0.11830337669981343,0.12105942618723214
62,62.0,62.29703950447439,0.09685948341073244,0.25915456383460855,0.25866217581662404,0.14515926529645157,0.11897142255972705,0.12119308908185657
63,63.0,63.257461537171835,0.09804807297442512,0.25675476182513424,0.2590018489282146,0.14549723860023756,0.11980321095718335,0.12089486671480539
64,64.0,64.21926675122782,0.0991736487910005,0.25459068913344063,0.2592593714781419,0.14599854526888648,0.12061214577149688,0.12036559955703378
65,65.0,65.18269877636592,0.10052321206040751,0.2525129751986757,0.25926253178698466,0.14652490799874207,0.12117354406040722,0.120002828894783
66,66.0,66.14796061122655,0.10159050086371313,0.251241491952519,0.25909605032331406,0.14716510920734854,0.12127257129782666,0.11963427635527883
67,67.0,67.11521665648885,0.1028239599305549,0.25003159145950177,0.2589199578231289,0.1475630383348488,0.12157897641401982,0.11908247603794607
68,68.0,68.08792826399338,0.10403349283470097,0.24847988005728205,0.25875926770331803,0.1476620012786829,0.12217462738316365,0.11889073074285263
69,69.0,69.06282276144084,0.10539376601733062,0.24695345097980725,0.25856245673659783,0.14757066998246665,0.1227445364550876,0.11877511982871027
70,70.0,70.03993291486249,0.1068955625173699,0.2455538647291943,0.2584543343315247,0.1476015700933198,0.1229242064166094,0.1185704619119821
71,71.0,71.01926605712669,0.10880132327628309,0.2431288645252319,0.25829838823523216,0.1480264329971502,0.1228157487749981,0.11892924219110469
72,72.0,72.00413989125985,0.11051362494863057,0.24078931438628684,0.2581595987025039,0.14868782563735225,0.12259034945026087,0.11925928687496577
73,73.0,72.99115160973378,0.11245822103517014,0.23858793140687806,0.25757275432654475,0.14989010188527221,0.12184275695828745,0.11964823438784761
74,74.0,73.98021730692965,0.11423025976509409,0.23689448660166146,0.2561457080406427,0.15097108111698435,0.12147647799242736,0.12028198648319029
75,75.0,74.97124092800328,0.11591806794126824,0.23536823583656785,0.25442306259298947,0.15182609310619694,0.12105099280407143,0.12141354771890629
76,76.0,75.9641164443562,0.1174613895605049,0.2346927954753091,0.25256686686949925,0.15261594880403212,0.12060758187345783,0.122055417417197
77,77.0,76.95872991129691,0.11877497987804526,0.23429073798201347,0.2509371153330681,0.15339356653695055,0.12000953981618635,0.12259406045373644
78,78.0,77.9582947324306,0.11994147159550828,0.23495363620619308,0.24983609473109716,0.15345656261131788,0.11941474600302533,0.12239748885285849
79,79.0,78.9593201241266,0.12068840933043998,0.23576621732569938,0.24866494197923594,0.15334437018053673,0.11905425657554751,0.12248180460854065
80,80.0,79.96164977541176,0.12128032303132036,0.23655265756436145,0.24830944215827275,0.1531471449241714,0.11866825872273962,0.12204217359913462
81,81.0,80.96512996381426,0.12159574271784757,0.23724637070777435,0.24866138331224336,0.1526133261020724,0.11857855881782299,0.12130461834223952
82,82.0,81.96961083373839,0.12175962246814585,0.23817340746644353,0.2491821368903134,0.15193722067027016,0.11842682313897375,0.12052078936585348
83,83.0,82.97828084166603,0.12217022418620371,0.23791792504076462,0.25086702917029696,0.1506924069322635,0.11839946813935974,0.11995294653111159
84,84.0,83.98763437371761,0.12287127283571486,0.23709078094509764,0.2533512741166502,0.14937249783549397,0.11837300894929206,0.11894116531775134
85,85.0,84.99750954216017,0.12333956207121123,0.23671147794881617,0.25607070492741296,0.14783998987579933,0.11826559533372091,0.11777266984303947
86,86.0,86.01108876500356,0.12369195693848692,0.23659041277790543,0.2585202496763462,0.1462152430476432,0.1186521080087457,0.1163300295508726
87,87.0,87.02486584457924,0.12375813849695663,0.23650872025078956,0.2604533995182351,0.14497038400091034,0.11885930744248574,0.11545005029062254
88,88.0,88.03868322441821,0.12382602589292854,0.2359930115541444,0.2630419761231011,0.1433164844989473,0.11917009761598729,0.11465240431489132
89,89.0,89.05239870069578,0.12370516117576555,0.23567690048701137,0.26485325549525784,0.14225779376849648,0.11926852149744434,0.11423836757602435
90,90.0,90.0658853090053,0.12328508808310998,0.23527110211661667,0.26649212146744117,0.14138916553504396,0.11955904190825414,0.11400348088953403
91,91.0,91.07903107006047,0.12306787933559932,0.23511496790436778,0.2675456353456088,0.1403907156137655,0.11983511097799293,0.11404569082266561
92,92.0,92.09173861097618,0.1228809737659579,0.2343647003522328,0.2688648409889508,0.13921550586985695,0.12043573209038937,0.11423824693261213
93,93.0,93.10392467835723,0.12276007555409608,0.23401698677191426,0.27054839298956634,0.13781185670185547,0.12046186288404069,0.11440082509852707
94,94.0,94.11551955888328,0.12282838312949286,0.2320993598707794,0.27314605704694034,0.13669385903301956,0.12041958583639122,0.11481275508337657
95,95.0,95.12646642243455,0.12256243467672634,0.23012615398315606,0.27558065294050416,0.1355777065229466,0.12029985212865121,0.11585319974801553
96,96.0,96.13672060207301,0.12208884623911263,0.22862555804667414,0.27691477824392824,0.13498898510135232,0.12023255900030255,0.11714927336862996
97,97.0,97.14624882439357,0.12148256776928001,0.22749194574458925,0.2778302436451239,0.13431336664281987,0.12010618745516431,0.11877568874302259
98,98.0,98.1550284029048,0.12111727186956651,0.2259518146856145,0.27907411880181676,0.13362773168095263,0.11992849742813749,0.120300565533912
99,99.0,99.16304640620254,0.12091863996101769,0.22407077306365278,0.28028684471752974,0.13349230537830026,0.1196094267436439,0.12162201013585554
100,100.0,100.17029881177514,0.12016826159029224,0.22213534336360355,0.2825426316461173,0.1332648146553871,0.11916223710062814,0.1227267116439716
101,101.0,101.1767896553394,0.11917396281877066,0.21997159069017772,0.2847119024777193,0.13315957852875085,0.11881977839324659,0.12416318709133484
102,102.0,102.18253018466051,0.11816276126049549,0.21756500513842764,0.286744094656666,0.13287505344915498,0.11867562120919391,0.12597746428606196
103,103.0,103.18753802586956,0.1169876821483344,0.21532215394178703,0.2886954007386731,0.1327008353612173,0.11854867833795983,0.12774524947202834
104,104.0,104.19183636936569,0.11586799660233439,0.21343862523447282,0.2896141081724085,0.13278977527594205,0.118442266516089,0.12984722819875322
105,105.0,105.19878651481852,0.11475938571509,0.2111466049755137,0.29076274344315667,0.13289679373084926,0.11830547768348909,0.1321289944519012
106,106.0,106.2050537805779,0.11404002766885032,0.20885015137611052,0.29106372091087607,0.13356776778217935,0.11851968889863576,0.13395864336334798
107,107.0,107.21064378195557,0.11354104058748164,0.20670950408740502,0.29168225093779987,0.13424427806804679,0.11898893924465631,0.13483398707461036
108,108.0,108.21556834537591,0.11356597127925959,0.20409516258317606,0.292277569294224,0.13496475944546113,0.1190401809608009,0.13605635643707834
109,109.0,109.21984476900046,0.11369310289710662,0.2017061757008252,0.292796351925939,0.13559243506465452,0.11916269343527519,0.1370492409761995
110,110.0,110.22349510257254,0.11379002098097374,0.19942644964904455,0.2930688205864212,0.13617064061840636,0.11939049426374124,0.13815357390141297
111,111.0,111.22654545176171,0.11374633751203271,0.19737245422305147,0.29400269500358106,0.1363094053396402,0.11965389196668316,0.13891521595501152
112,112.0,112.22902531151433,0.11351283249548413,0.19554518632545184,0.2943232156056673,0.13648288710389167,0.12052115146197731,0.13961472700752786
113,113.0,113.23096693217656,0.11333536406649662,0.19393897138071428,0.29523442465153243,0.13635593416751662,0.12108181790833726,0.14005348782540292
114,114.0,114.23240472145078,0.1132620544703757,0.1933470580346339,0.2950662663126525,0.13630165605967862,0.12131780240431578,0.14070516271834366
115,115.0,115.23337468458307,0.11296380734651981,0.19233485253472798,0.2949166707447377,0.13632728439946865,0.12211591708128748,0.14134146789325847
116,116.0,116.23391390455632,0.1128442386808359,0.19251671696711156,0.29379825898485756,0.13627126636742423,0.12272522106489384,0.141844297934877
117,117.0,117.23406006348667,0.11306506877014086,0.19268787322152608,0.29265419500244144,0.13614852521457865,0.1232409320083152,0.1422034057829979
118,118.0,118.23385100588911,0.11283096422501014,0.19346641488906394,0.2913332969810685,0.13602617119085628,0.12390190122894285,0.14244125148505843
119,119.0,119.23332434399242,0.1126095590530855,0.1943377027235168,0.29005964375935656,0.13588784526393288,0.12451155461035868,0.14259369458974974
120,120.0,120.23251710484547,0.11235016829608391,0.1952400148940091,0.2890757085424388,0.1356927935475582,0.12502519286683011,0.1426161218530801
121,121.0,121.23146541856478,0.11179968171942155,0.19589542655126502,0.28824687059901466,0.13555995232122728,0.126366781580165,0.14213128722890667
122,122.0,122.2302042467265,0.11127230354530863,0.19659949334789245,0.2874488044721444,0.1354307198154001,0.12765772597800268,0.14159095284125192
123,123.0,123.22876714960478,0.11144359088351519,0.19576598830783956,0.28686283300751575,0.13527981710342593,0.1294445112962102,0.1412032594014935
124,124.0,124.22718609069918,0.11191533523674549,0.19556944448945784,0.284903527847946,0.13545765575872207,0.13155841157118928,0.14059562509593942
125,125.0,125.22549127677715,0.1126019380380768,0.1956178471653221,0.2828246560008392,0.1358384339833066,0.13323279434962573,0.13988433046282966
126,126.0,126.22371103147957,0.11384926578890409,0.19546666498969636,0.2801006415450989,0.13666488505483992,0.13489686370538562,0.13902167891607525
127,127.0,127.22187170039693,0.11516919641184833,0.1953895178440493,0.27696797068691204,0.13781290037042807,0.13651605223373817,0.13814436245302425
128,128.0,128.2199975854186,0.11677330536015865,0.19572967459415416,0.2736680505003543,0.1388881172905767,0.13772462111862283,0.13721623113613346
129,129.0,129.21811090608392,0.11834304718875552,0.19608915389087578,0.27047351160793226,0.13997151008069098,0.13882382117424952,0.1362989560574961
130,130.0,130.21623178562186,0.11980073634359609,0.19657187426597456,0.2673552751344007,0.14074170574676967,0.14022512899929473,0.13530527950996435
131,131.0,131.2143782593498,0.12098382704133344,0.19689807202024948,0.2647866934024062,0.1414606587078922,0.1417498718541173,0.13412087697400152
132,132.0,132.21256630311143,0.12273934830210059,0.19686826828887102,0.2618868892785174,0.1426287896449289,0.1428216696334021,0.13305503485218012
133,133.0,133.21080987946578,0.12437952871901375,0.19709598641034345,0.25914780599798565,0.14337046570688425,0.1437584932503044,0.13224771991546863
134,134.0,134.20912099939005,0.12611112228391091,0.19775969052466044,0.255455711330297,0.1442325373322685,0.1448163866368082,0.13162455189205505
135,135.0,135.207509797328,0.127194792033465,0.1987869819692314,0.25203410099565693,0.1454575717617125,0.14542631671074116,0.13110023652919314
136,136.0,136.20598461749884,0.12734364006086116,0.19984904831440434,0.2496657559397203,0.14719959294808638,0.1454264541770947,0.1305155085598332
137,137.0,137.20455210947762,0.12859645677983794,0.2009112970861731,0.24612804999419302,0.1487874211017725,0.14581496843415476,0.12976180660386877
138,138.0,138.20321733116376,0.12964132281505322,0.20188489075096358,0.24318430196849514,0.1502333428322484,0.14605418994033334,0.12900195169290649
139,139.0,139.20198385736964,0.13051914106440554,0.2028521937578564,0.2407981211783311,0.15151235264038423,0.14613536280240916,0.12818282855661373
140,140.0,140.20085389238125,0.13145511750288078,0.20436507187836592,0.23749691222187214,0.15259718078613005,0.1464320668910177,0.12765365071973359
141,141.0,141.19982838496787,0.13232085920896455,0.20581003540112192,0.23442210087222323,0.1536081798160501,0.14685854883138638,0.12698027587025404
142,142.0,142.19890714444614,0.13414386762162933,0.20641293611467534,0.2305786872858579,0.15488171356771388,0.1476222352862271,0.1263605601238967
143,143.0,143.19808895653213,0.1364807373220988,0.20681712319803897,0.22648530677581274,0.1559157549576664,0.1482907800151952,0.12601029773118816
144,144.0,144.1973716978442,0.13861487245524676,0.20679288448651925,0.22274105174655534,0.1570628257470922,0.14917091987249642,0.1256174456920903
145,145.0,145.19675244804665,0.14076053407564404,0.2069238875204619,0.2194580821520104,0.15826726460349777,0.14944821411962234,0.1251420175287638
146,146.0,146.19622759874838,0.1425898305726223,0.20671521488961256,0.21666370512232713,0.1597844438413624,0.14965990511320998,0.12458690046086587
147,147.0,147.19579295839245,0.14345546613291435,0.2070680751769132,0.2133702432295542,0.16169008065232454,0.15045647171471277,0.12395966309358117
148,148.0,148.19544385248815,0.14420251211444746,0.20825924511206548,0.2105350227904805,0.16307951642670834,0.1512701550585185,0.1226535484977799
149,149.0,149.1951752186494,0.14416406164398682,0.20968132367013642,0.20906048493317783,0.16422469084464175,0.15154298438883662,0.1213264545192207
150,150.0,150.19498169600809,0.14429543125811295,0.21122804960709798,0.20738339838686903,0.16500900781360822,0.1520652792129692,0.12001883372134275
151,151.0,151.1948577086708,0.14365114750078345,0.21289303112296695,0.20597079169900886,0.16647314826022372,0.15220920998636872,0.11880267143064845
152,152.0,152.19479754298055,0.14285738193888053,0.21485011274701382,0.20515726824755637,0.1676166451644139,0.15186605781125848,0.11765253409087705
153,153.0,153.19479541842952,0.14218862051402809,0.216312649226158,0.20394628913414578,0.16896541044560928,0.1520297593039321,0.11655727137612686
154,154.0,154.19484555214927,0.1413321183237848,0.21736090716737788,0.20283164979357343,0.17050865624047143,0.15204578011336722,0.11592088836142528
155,155.0,155.1949422169756,0.14048873900849912,0.21860783804691286,0.20157107301655391,0.17196680134277847,0.15187060471446412,0.11549494387079155
156,156.0,156.19507979314952,0.13966659532114292,0.21983498596204618,0.2007535174975849,0.17237295482538445,0.15173386535624767,0.11563808103759395
157,157.0,157.19525281377454,0.13883122841869208,0.22118421761581786,0.19959017240787139,0.17262805912305557,0.1515924144453773,0.11617390798918584
158,158.0,158.19545600419931,0.13795644689397113,0.22263502936249707,0.1983102177725631,0.17267645221414535,0.15170669220083433,0.11671516155598904
159,159.0,159.1956843155396,0.13715766694716455,0.22306740655642152,0.19738621574395637,0.1726970835550777,0.15259036331775233,0.11710126387962758
160,160.0,160.1959329525905,0.13593206866875637,0.22318430089256006,0.19723345817536028,0.1733510281688412,0.15270094850806631,0.1175981955864158
161,161.0,161.19619739641038,0.13470783699793798,0.22336890094113915,0.19772664327175485,0.17285348669208656,0.15323184812973115,0.11811128396735039
162,162.0,162.19647342188418,0.13388646276688584,0.22311123183959697,0.19818320181842342,0.17219770432570167,0.15364550625712695,0.1189758929922653
163,163.0,163.19675711059173,0.13334157894148094,0.22260182992322008,0.19874156318999364,0.17188480631500408,0.15359492045776402,0.11983530117253735
164,164.0,164.1970448593226,0.13281003090345816,0.22203361003030328,0.19985064602994224,0.17240717817807702,0.15309104214633304,0.11980749271188632
165,165.0,165.19733338458718,0.13274010905097394,0.2213107491272486,0.20085037694338614,0.17250579278054803,0.15259516549528718,0.11999780660255613
166,166.0,166.19761972347945,0.13306616054948756,0.22038747268044132,0.2022998623905522,0.17184610166634834,0.1519829314046497,0.12041747130852092
167,167.0,167.19790123124767,0.13311841505692826,0.2202350532782898,0.20324044461367569,0.1713374108420487,0.15111760532185742,0.12095107088720013
168,168.0,168.1981755759266,0.13390160558040123,0.21968700556255077,0.2039980183993043,0.1705836591217027,0.15015377123276125,0.12167594010327973
169,169.0,169.19844073037834,0.1348919735202354,0.21916859169695932,0.20429298898801135,0.17064431916454742,0.14862068258864683,0.12238144404159962
170,170.0,170.19869496208116,0.1358444776159765,0.21785026466588878,0.20493495394738892,0.17072876242275464,0.14671513785599927,0.12392640349199187
171,171.0,171.19893682099288,0.1367775319102291,0.21655075313175187,0.2052347274427094,0.17051465562309548,0.14486456326212352,0.12605776863009063
172,172.0,172.19916512580352,0.13752391438036307,0.21529701962604553,0.20657665738855183,0.17025698666234498,0.14303829269540633,0.12730712924728832
173,173.0,173.19937894887505,0.13795329399255457,0.21367109775505783,0.20794324111553786,0.17057975193828329,0.1413189574005979,0.12853365779796863
174,174.0,174.19957760015066,0.13831368810708677,0.2123503953479566,0.2099586552485911,0.17072523977804158,0.13960841554881384,0.12904360596951028
175,175.0,175.1997606102972,0.13855328070246964,0.21088865327847994,0.21225169136960303,0.17102350371062086,0.13789050985688617,0.12939236108194047
176,176.0,176.19992771332616,0.1384051280030363,0.2087871204060877,0.21557415997107077,0.17127039622652604,0.1362803169379097,0.12968287845536963
177,177.0,177.20007882891895,0.13826528508106176,0.20734106956507375,0.2184716543206952,0.17156975492843485,0.1347419501425618,0.12961028596217283
178,178.0,178.20021404466326,0.13801091871461915,0.2064798844411818,0.22112604706851463,0.17171956856695678,0.1332450583378809,0.12941852287084699
179,179.0,179.20033359838646,0.13762172697752179,0.20614703820728641,0.22335335906548598,0.172028625207377,0.13176534600773013,0.12908390453459892
180,180.0,180.20043786075354,0.13713601203513384,0.20601729257099405,0.22531135938405844,0.17255624510143658,0.1303343792064449,0.1286447117019324
181,181.0,181.20052731827636,0.13686819178231666,0.2061792356615081,0.22603029296177995,0.1732835374830728,0.12924227070482913,0.12839647140649357
182,182.0,182.2006025568641,0.13660135275483914,0.20640427697744054,0.2266158881259694,0.17398545998190937,0.12826825356012989,0.1281247685997119
183,183.0,183.20066424602447,0.13656846445084134,0.20800324060247458,0.22719406913478446,0.17289887235257992,0.12722399137183502,0.12811136208748494
184,184.0,184.20071312380853,0.13718183826639282,0.20938517853188351,0.22788287159175039,0.17155518220088506,0.12610399551823134,0.12789093389085712
185,185.0,185.20074998257613,0.13825707788774683,0.20968141070437255,0.22914191868005584,0.1705614779985196,0.12501776804011447,0.12734034668919103
186,186.0,186.2007756556412,0.13911056684893203,0.21054460525846866,0.22973018493177322,0.16964628765866369,0.1241149660918886,0.12685338921027411
187,187.0,187.20079100484335,0.13989714903005718,0.21191869326972942,0.23016256947174787,0.16842433762439088,0.1232774788437506,0.1263197717603243
188,188.0,188.20079690907684,0.14011783740394176,0.2135879009934245,0.2300121265977556,0.16772125501265386,0.12226955469473297,0.12629132529749149
189,189.0,189.2007942537962,0.14017721752728107,0.215261424830136,0.22921853820313762,0.16719267556731515,0.1216723586322165,0.1264777852399139
190,190.0,190.2007839215057,0.14059874443181428,0.21602095740405455,0.22966686691171478,0.16661465580440932,0.12082373630612271,0.1262750391418846
191,191.0,191.20076678322917,0.1412563821097706,0.21672346268888046,0.22847259357023772,0.16728742211782424,0.11992171050546423,0.12633842900782294
192,192.0,192.200743690948,0.14208925527634034,0.21715346492152132,0.22737170947691496,0.1681913375489631,0.11895458363464591,0.12623964914161462
193,193.0,193.20071547098547,0.14241079736528212,0.21789343819439302,0.22617540835738809,0.16899067660317063,0.11844448945034428,0.12608519002942206
194,194.0,194.20068291830933,0.14265120119574448,0.21849096450672262,0.22486617376145168,0.16974875008844448,0.11798310075802582,0.12625980968961112
195,195.0,195.20064679171773,0.1427745098886041,0.2192876466247743,0.2237646876790023,0.1704204371601586,0.11743590163615615,0.12631681701130473
196,196.0,196.2006078098681,0.14300442738392014,0.2193401259563192,0.2223216398549655,0.17123014636143855,0.11711350596546995,0.1269901544778868
197,197.0,197.20056664810477,0.142916551827552,0.21964928211367665,0.2213616751427986,0.17178249955133618,0.11691854889194724,0.12737144247268947
198,198.0,198.20052393603672,0.14275557831726884,0.21986505955639554,0.22070719598954733,0.1722217828731648,0.11675227316364395,0.12769811009997967
199,199.0,199.20048025581508,0.14251256924070782,0.22025455901643318,0.2192707065673606,0.1722453866709892,0.11692894959379738,0.1287878289107119
200,200.0,200.20043614105748,0.14227665844876258,0.2205181758941199,0.2177665167940979,0.1723194393590281,0.11719101640576049,0.12992819309823117
201,201.0,201.20039207636506,0.14200874430514004,0.22175006048811213,0.2164989477601085,0.17198536756859165,0.11715322964414845,0.13060365023389933
202,202.0,202.20034849737823,0.14164785646959438,0.22313533865011087,0.21513477050956245,0.1715538079819153,0.11707910271708508,0.13144912367173203
203,203.0,203.2003057913163,0.14121456112233324,0.22425946470634195,0.21401403847837172,0.17104648490714972,0.11698067084304607,0.1324847799427574
204,204.0,204.2002642979474,0.14060378935135823,0.22575443622394348,0.21252255626385447,0.17087263282043638,0.11744840992253049,0.1327981754178771
205,205.0,205.20022431093594,0.14008225365960758,0.22710501547839887,0.2109566860008608,0.17019826219145628,0.11803054927891493,0.1336272333907617
206,206.0,206.20018607951627,0.13955537278020336,0.22820975495109724,0.20943119186353495,0.1697920733426306,0.11861895447507254,0.13439265258746141
207,207.0,207.20014981044338,0.13896829680505174,0.22852126326455938,0.20827975760314987,0.16888262256074477,0.1193631893561389,0.13598487041035542
208,208.0,208.20011567017332,0.13845988486794783,0.22844473705556287,0.2081177003658241,0.16791164129173441,0.11943140178348566,0.13763463463544523
209,209.0,209.20008378722855,0.13789044992255314,0.22858654398024247,0.2078682056671276,0.1667719765239862,0.1194202737829732,0.13946255012311745
210,210.0,210.200054254706,0.13753428168164378,0.2284687401262913,0.207430615763288,0.16552293998609813,0.12007409221363413,0.14096933022904476
211,211.0,211.20002713288864,0.13711756981363493,0.22834677518842247,0.2069106085813505,0.16424410446410828,0.12065129416701442,0.1427296477854695
212,212.0,212.20000245192412,0.13705438380376464,0.22748622191334344,0.20594498450680285,0.16323676610967466,0.12143929716933621,0.1448383464970783
213,213.0,213.19998021453682,0.13730561379692863,0.22606309926108062,0.2053376608443509,0.16237748735822477,0.12206414349068453,0.14685199524873063
214,214.0,214.19996039874286,0.1379446864208606,0.22464781794065053,0.20465959804600922,0.16212492856214233,0.12249982848295965,0.14812314054737774
215,215.0,215.1999429605409,0.1387549429412313,0.22344903459574447,0.20427501883092428,0.1616840169776604,0.12271442768413297,0.14912255897030666
216,216.0,216.19992783655374,0.13973212292415363,0.22240310883328068,0.20378036812986872,0.16149054278700958,0.12279251499591425,0.14980134232977324
217,217.0,217.19991494659973,0.14057802660621938,0.2212964768115493,0.2039641701651384,0.1606511680118901,0.12370278921936513,0.1498073691858378
218,218.0,218.19990419617514,0.14145536837476871,0.22054535379489035,0.2040401933489939,0.15929611674000502,0.12470524109692574,0.14995772664441637
219,219.0,219.19989547883125,0.1422967836730205,0.21999442738569047,0.2043986029648857,0.15794837149161411,0.12540210409088523,0.14995971039390404
220,220.0,220.19988867843344,0.1429779870983522,0.21915931479389394,0.20488510147156475,0.15683528384763312,0.12639586638635616,0.14974644640219992
221,221.0,221.19988367129108,0.14330481184726437,0.2183119435148331,0.20560383419987574,0.15584895887166217,0.1273608931921784,0.14956955837418628
222,222.0,222.19988032815004,0.14393268999043002,0.21750946779264121,0.2063472846284862,0.15460592442855267,0.12827595505980993,0.14932867810008002
223,223.0,223.1998785160416,0.1444061897879445,0.21663637520980566,0.2074031655306991,0.15332523419040192,0.12937499310248882,0.14885404217866002
224,224.0,224.1998780999836,0.1453089688993526,0.21513611405587488,0.20873532218077923,0.15198530435093927,0.13036732506098925,0.14846696545206478
225,225.0,225.19987894453158,0.14610207989015922,0.21402093408402798,0.21046658425121786,0.15097654726477966,0.1312282449736908,0.14720560953612455
226,226.0,226.19988091517942,0.1473650555765135,0.21303736064965667,0.21206112107566727,0.15012421966324077,0.1314237025949641,0.14598854043995776
227,227.0,227.1998838796107,0.14832616080517233,0.21241878293624772,0.21343692190133218,0.14942060834975301,0.13162675839650217,0.14477076761099264
228,228.0,228.19988770880272,0.14915380910789738,0.2120391327398493,0.21498969011330457,0.14868702924000346,0.1316788298369122,0.14345150896203318
229,229.0,229.1998922779875,0.14990515078310057,0.211709806664276,0.21610095565411772,0.1480251116798361,0.13164718622735916,0.14261178899131058
230,230.0,230.19989746747393,0.15027766959914862,0.21142946238359783,0.21722994661166992,0.14815440248498815,0.13154130915972856,0.14136720976086709
231,231.0,231.19990316333698,0.15006694040271426,0.21182755278017973,0.21776479101090218,0.14850211778100605,0.1315375378933616,0.1403010601318364
232,232.0,232.19990925798038,0.1501844534880683,0.21234124819132452,0.2181344227885219,0.14923447235737744,0.13140056728566324,0.13870483588904475
233,233.0,233.1999156505796,0.15024228792755087,0.21288207244997992,0.21851210106258367,0.15000532860024723,0.1312074819348269,0.1371507280248116
234,234.0,234.19992224741316,0.15025686265311902,0.213452933840573,0.2188270679301144,0.15081415719230157,0.1309878829922041,0.1356610953916881
235,235.0,235.19992896208922,0.14992932758587824,0.2140451200360041,0.21908244486309186,0.15164907261270144,0.13063298144276336,0.13466105345956123
236,236.0,236.1999357156768,0.14904025467386742,0.21464005480831316,0.2197506726796772,0.1522836288089201,0.13041701144483575,0.13386837758438655
237,237.0,237.1999424367488,0.14810611339460866,0.21536724627532167,0.22033639945345923,0.15290020301010035,0.13016359307860279,0.1331264447879075
238,238.0,238.19994906134613,0.147195886677754,0.21701254600482695,0.22047596114757062,0.1531956485661316,0.12972580671135867,0.13239415089235834
239,239.0,239.19995553287026,0.14626880364924988,0.218731278300843,0.2205441693662457,0.15347016460995033,0.12926648532189527,0.13171909875181598
240,240.0,240.19996180191328,0.14524660443132997,0.2200939841788302,0.22045826103562505,0.15424246845170914,0.12900618959014315,0.13095249231236272
241,241.0,241.1999678260329,0.14421384947494187,0.22159471714388945,0.2202690307034682,0.15455549117362932,0.12871971947474822,0.13064719202932318
242,242.0,242.1999735694802,0.1432353384216187,0.2231194621665756,0.22012167970034488,0.1549850223419966,0.1282698952019786,0.13026860216748587
243,243.0,243.19997900288794,0.14273105601897595,0.22418580246142514,0.21987676780195123,0.15532736292155327,0.1278992746755531,0.12997973612054162
244,244.0,244.19998410292607,0.1426925336848834,0.22441592161027968,0.2203293654996635,0.15522502875260505,0.1281440486915065,0.12919310176106213
245,245.0,245.19998885193112,0.14290301136305186,0.22459898397277014,0.22053422875210338,0.15515948380163558,0.1282434462564517,0.1285608458539876
246,246.0,246.19999323751637,0.14275646484718937,0.22474517415165873,0.22105331601344846,0.15510277432510292,0.12832643605600041,0.12801583460660035
247,247.0,247.1999972521679,0.14293302738982305,0.2247466525284518,0.22160564171582256,0.1549445189352638,0.1283254307002985,0.12744472873034052
248,248.0,248.2000008928326,0.14300992597098044,0.22432017227688777,0.22306489844063868,0.15479269094858333,0.12795113653572485,0.12686117582718512
249,249.0,249.20000416050254,0.14303191596155557,0.22381644966597358,0.2247028928704968,0.1545972760537227,0.12754828098846796,0.12630318445978356
250,250.0,250.20000705980044,0.1429410648574974,0.22224261845212567,0.22663169163691452,0.1548741108999723,0.12733024225876224,0.125980271894728
251,251.0,251.20000959857055,0.14286644839619306,0.22065649274284085,0.22815790467355002,0.1551446307361872,0.1274582082296388,0.1257163152215902
252,252.0,252.20001178747793,0.14279287951367037,0.21902381644340885,0.23045477277125953,0.15542275513100198,0.1271520948271267,0.12515368131353272
253,253.0,253.2000136396198,0.14262804782293506,0.2173059633912307,0.23318794235863916,0.15558472833939446,0.12675233456655335,0.12454098352124734
254,254.0,254.2000151701513,0.14261408915307702,0.21623618149965457,0.23562315192754846,0.15556887667625388,0.12617031763435854,0.12378738310910763
255,255.0,255.20001639592812,0.14274349834614966,0.21441432417549866,0.23833584205414202,0.15513018743241125,0.12573753242446892,0.12363861556732963
256,256.0,256.200017335168,0.14333178794477847,0.21266192102218956,0.24046004157911283,0.1546426388092121,0.12564952703760215,0.12325408360710505
257,257.0,257.2000180071322,0.14388982482849072,0.2108065340973846,0.24247580798188267,0.1542792995571217,0.12576124524146437,0.12278728829365615
258,258.0,258.20001843182865,0.14461060181607713,0.20972026395690618,0.24399621182420533,0.15374557659721502,0.12568097318461383,0.12224637262098269
259,259.0,259.2000186297372,0.14521113029423813,0.2086111035132095,0.24550121812227627,0.15344348753819131,0.1255311561668692,0.12170190436521572
260,260.0,260.2000186215575,0.1461936077253126,0.2072710196296396,0.24701466995489335,0.15319072241838502,0.12543146711571757,0.12089851315605199
261,261.0,261.2000184279801,0.14695640329049903,0.2060144896508272,0.24835609081960186,0.1530583980171234,0.12540588854271548,0.12020872967923316
262,262.0,262.20001806948073,0.14769120315910972,0.20485220107712104,0.2495476519574868,0.15293897978107446,0.1253945691073466,0.11957539491786154
263,263.0,263.2000175661365,0.1486409336495909,0.20341051090290585,0.25048552137294927,0.1530588022525083,0.12527330046730567,0.11913093135474012
264,264.0,264.20001693746536,0.14903457171511214,0.20239905931534602,0.25175093018578815,0.1526226302423201,0.12542447739523574,0.118768331146198
265,265.0,265.20001620228663,0.14935321931238446,0.201441774959372,0.2526956158424888,0.15230558386113868,0.1255134290275282,0.11869037699708805
266,266.0,266.2000153786029,0.1500169943398301,0.20104899078509111,0.2534488047175224,0.15201690498668274,0.12523171663718158,0.11823658853369226
267,267.0,267.20001448350155,0.15063005299551657,0.20098764415264173,0.25402383120728517,0.1514301404818369,0.12511611988541727,0.11781221127730263
268,268.0,268.20001353307526,0.1512001082598875,0.20101197940304505,0.2540004304583388,0.1505613370613749,0.12501083229870166,0.11821531251865235
269,269.0,269.20001254236087,0.15168363537730617,0.2010472509295777,0.25413831290167743,0.14977322747690378,0.12471257913310038,0.11864499418143477
270,270.0,270.2000115252943,0.15212236397920573,0.2011513530487021,0.25417601534968315,0.14901782124286697,0.12442660651112505,0.11910583986841727
271,271.0,271.20001049468146,0.15251638663111908,0.2013163616799678,0.25436127401550435,0.14829940208656142,0.12391645086653758,0.11959012472031001
272,272.0,272.20000946218306,0.15336767670296872,0.20173294878426073,0.2537489092621299,0.14754209041241195,0.12362233047074345,0.11998604436748542
