,Unnamed: 0,Total_iterations,Intertwine_two,Invert_path_vertices,Insert_inside_vertex,Delete_inside_vertex,Replace_inside_vertex,Donate_between_routes,Trim_one_terminal_cb,Grow_one_terminal_cb
0,0.0,0.0,0.125,0.125,0.125,0.125,0.125,0.125,0.125,0.125
1,1.0,1.0,0.12240740740740744,0.12240740740740742,0.11870370370370373,0.12944444444444445,0.11870370370370373,0.11870370370370373,0.1327777777777778,0.13685185185185186
2,2.0,2.0,0.11518308080808085,0.11446548821548824,0.11217382154882156,0.13564183501683502,0.12147937710437713,0.11553030303030305,0.13888468013468014,0.14664141414141418
3,3.0,3.0,0.11257191762990736,0.1185245713145198,0.10955907876010972,0.13863673244472216,0.1222724669374154,0.11291913985212958,0.14151256985664204,0.14400352320455415
4,4.0,4.0,0.10889137092929438,0.11488821653309873,0.1062222477244569,0.15388295342087685,0.11838709346073119,0.10886822278114623,0.1421186393176452,0.14674125583275066
5,5.0,5.0,0.11043371747164092,0.11247433411921633,0.10406089056309974,0.15748435202227545,0.11601206108569881,0.10670686561978908,0.14977986697887288,0.14304791213940699
6,6.0,6.0,0.10799985503777848,0.11041084205572425,0.10533073183294099,0.154039093577017,0.11043208550572324,0.104643373556297,0.15504848724749315,0.152095531187026
7,7.0,7.0,0.10680923488099289,0.10587965398430672,0.10678243176208452,0.1547278221416854,0.10889431617999175,0.10345275339951142,0.15986967225064078,0.15358411540078656
8,8.0,8.0,0.10446093995291075,0.10076835669215839,0.10444891224771395,0.15975610453698907,0.10910913878843136,0.10147384381421887,0.15910399387857943,0.16087871008899826
9,9.0,9.0,0.10219527184597725,0.09849522311303377,0.10182490147560687,0.16027618216372963,0.106649122290061,0.0991969774989987,0.16680606188439884,0.16455625972819407
10,10.0,10.0,0.10085918590462813,0.09716279214244489,0.10019309517274794,0.1579513152664943,0.10809081412648966,0.09786089155764957,0.16738113982789782,0.17050076600164765
11,11.0,11.0,0.09956081932275639,0.09586800517111153,0.10086258793054778,0.15808404550876062,0.10424566683994249,0.09656252497577783,0.17077717678063578,0.1740391734704675
12,12.0,12.0,0.09708053544541369,0.09373494351599104,0.0987262193971204,0.15881541381365832,0.10371065990787671,0.09683687072806477,0.17418031911760165,0.1769150380742733
13,13.0,13.0,0.0958108791757574,0.09246528724633477,0.09709754592634166,0.15671954671779126,0.10222732842454521,0.09557128446247848,0.18285897963836742,0.1772491484083836
14,14.0,14.0,0.09458846589645556,0.09123556402551244,0.09569198246388964,0.15898511568614657,0.10099029526220243,0.09433790627089594,0.18559745762065347,0.17857321277424362
15,15.0,15.0,0.09327254861404345,0.09331625013970372,0.09510866591407827,0.15470771544225154,0.09696505980655462,0.09338828935478419,0.18637389243059344,0.18686757829799058
16,16.0,16.0,0.09176723734693619,0.09189807470603437,0.09287976481758112,0.15840256008771683,0.09581833999424602,0.09222953648696426,0.1924028935544008,0.1846015930061203
17,17.0,17.0,0.09035970047341098,0.09013250141844997,0.08859644603021598,0.1583634468870719,0.09369999440760897,0.09045665085274593,0.20106557877336537,0.1873256811571308
18,18.0,18.0,0.08877505176112058,0.0889138265174995,0.08738873604154622,0.15960897916310965,0.09247766453589829,0.0892343209810352,0.20802764906747895,0.18557377193231137
19,19.0,19.0,0.08986171220536612,0.09025301221427033,0.08829224630264161,0.16220531915496045,0.09346053987635876,0.09010730621160559,0.2037464024216812,0.1820734616131156
20,20.0,20.0,0.08795870970810397,0.08911474469566066,0.08674972143389832,0.16545560481966795,0.09126889489328915,0.0885854129163289,0.21094196440104357,0.17992494713200718
21,21.0,21.0,0.08705429148557428,0.08784800763255128,0.08584530321136863,0.1670115040574557,0.09189701276211909,0.08768099469379924,0.21084092308483193,0.1818219630722995
22,22.0,22.0,0.08606548597277494,0.08685920211975194,0.0844777098197814,0.16763865568692932,0.09080146758375657,0.08669218918099991,0.2135260007350799,0.18393928890092562
23,23.0,23.0,0.08542792660120022,0.08830497608151057,0.08145919806725431,0.17127121806629475,0.09002501932329296,0.08569231096884546,0.21260768347405165,0.18521166741754966
24,24.0,24.0,0.08477441640485116,0.0876514658851615,0.08066679898201637,0.17066414563697171,0.08923262023805499,0.0850388007724964,0.21652254146819355,0.18544921061225397
25,25.0,25.0,0.08424111658155496,0.08842640978946388,0.07961892504950659,0.17338434321954385,0.08858797211199686,0.08487512460511419,0.21659887936947858,0.18426722927334077
26,26.0,26.0,0.08372944722043958,0.08791855343833858,0.07874371984956369,0.17468730998186185,0.08622905539745704,0.08435582922401864,0.21678927098983908,0.18754681389848124
27,27.0,27.0,0.08278179371507305,0.08697488145869271,0.07806537882578585,0.17421470486976962,0.0834554364631839,0.08377845761067311,0.21876485731180448,0.19196448974501695
28,28.0,28.0,0.07993063309378859,0.08399719029207975,0.07962571309250722,0.17709282890568742,0.0814329440652372,0.0834834365020499,0.22356244596849262,0.19087480808015694
29,29.0,29.0,0.0792730970188231,0.0893153778398967,0.07888045771929612,0.17954080840218176,0.08068768869202608,0.0828259004270844,0.2185756410467144,0.1909010288539772
30,30.0,30.0,0.0784364629419594,0.08451781421209785,0.07788558822228672,0.18258095103572286,0.0848439326784999,0.08205134644814724,0.2154485119424994,0.1942353925187863
31,31.0,31.0,0.07805776459987436,0.08397203149240214,0.07750688988020168,0.17623777123335163,0.08812484632936017,0.08167264810606222,0.21763130203146802,0.19679674632727975
32,32.0,32.0,0.07823473693276212,0.08581938409861131,0.07737861190783915,0.17924126198913726,0.08629998344540259,0.08184962043894999,0.21086091318536046,0.20031548800193688
33,33.0,33.0,0.07749367272091269,0.0839801929734176,0.07619099080025324,0.18149422992875636,0.08535571704363115,0.0800295627568027,0.21378173555608448,0.2016738982201415
34,34.0,34.0,0.07713896120946756,0.08346762910160295,0.07569133002105181,0.18404621442801175,0.08483766349241377,0.07454664611715246,0.21977399877069279,0.2004975568596066
35,35.0,35.0,0.07641553164417954,0.08396016137120259,0.07533331935059445,0.1844356665817435,0.08449948025226979,0.07383658553582165,0.2215512324933656,0.19996802277082276
36,36.0,36.0,0.07614818272062851,0.08148382797419447,0.07606673974468872,0.18643773318694748,0.08268150199320187,0.07456140867489416,0.22930178603089735,0.1933188196745472
37,37.0,37.0,0.07246264519419167,0.08103749511826407,0.07608936105872825,0.18714116749244128,0.08225574006495283,0.07414919378946236,0.23247327501369,0.19439112226826932
38,38.0,38.0,0.07183216902515599,0.08036444466527475,0.07528780017686557,0.18682297108581783,0.08151577517935037,0.07346308168548041,0.23323831283800442,0.19747544534405034
39,39.0,39.0,0.07130953984527891,0.0767682851178598,0.07670085564802893,0.1956269151980296,0.0808620414957096,0.0728929691247866,0.22718276116432723,0.19865663240597906
40,40.0,40.0,0.07093871845065929,0.07454561187138833,0.07618573410910917,0.19320502907761405,0.08407868202188525,0.06918881439683365,0.231646474802693,0.20021093526981706
41,41.0,41.0,0.07006739448945169,0.07362278797725313,0.07602151871483026,0.19209105943070154,0.08273905866059415,0.06789461084607983,0.23855107952478793,0.19901249035630109
42,42.0,42.0,0.06944743853056488,0.07296623283899302,0.07485873747127561,0.19175498966180562,0.08204555673720239,0.06723360398407315,0.24018493315500294,0.201508507621082
43,43.0,43.0,0.06886386418000519,0.0719074508615229,0.07543716125330227,0.19178835166821814,0.08097595579209681,0.06772062991663745,0.24311559071114344,0.2001909956170735
44,44.0,44.0,0.06827082578756019,0.07123504738971284,0.07484412286085727,0.19234540395385247,0.07996828722695713,0.06709398937365482,0.24663282791048555,0.19960949549691948
45,45.0,45.0,0.0678084746635327,0.07066383601325453,0.07291702764474482,0.1916175855753756,0.07909326545534597,0.06679993841792747,0.25049178155226526,0.20060809067755336
46,46.0,46.0,0.0671871443974043,0.06995165691642372,0.07216106839571854,0.19157008767867836,0.07840816874342862,0.06652309012214977,0.25502010009912285,0.19917868364707356
47,47.0,47.0,0.06655922238909423,0.07046174684560584,0.07139943478310865,0.19078351546321995,0.07731019980673833,0.06584150222625791,0.25825332450135746,0.1993910539846173
48,48.0,48.0,0.06606740159519278,0.07106193468719126,0.07077932038265271,0.19068205798156235,0.07676234272491651,0.06534968143235645,0.2599676769416274,0.19932958425450018
49,49.0,49.0,0.0655984437065507,0.07080157647773709,0.06991820563126551,0.191745757461584,0.07626367598303618,0.06482779036578118,0.2597248117348862,0.20111973863915894
50,50.0,50.0,0.06437495400536439,0.07023062141808177,0.06949756145853449,0.19179653815160755,0.07542884174403473,0.06535014349544489,0.2612155438648441,0.2021057958620878
51,51.0,51.0,0.06507119851283794,0.07204649129805427,0.06909151319704862,0.19340721558953558,0.07616917796226666,0.06602703066648793,0.2598787634732209,0.19830860930054775
52,52.0,52.0,0.06397104072978893,0.06869103250623229,0.06978649170653023,0.19576208845558954,0.07953043653112024,0.06476485846526855,0.26051419733412406,0.1969798542713459
53,53.0,53.0,0.06360590142465282,0.06820965465071786,0.06938775025085647,0.1973516811856069,0.0791550091601405,0.06433351378308955,0.2610500995725172,0.19690638997241836
54,54.0,54.0,0.06332447863530048,0.06780011000852887,0.06907857481492857,0.19767851363562228,0.07764521612388668,0.06400880095044718,0.26171511602278014,0.19874918980850548
55,55.0,55.0,0.06260185700849857,0.06876024224173613,0.06872680246780939,0.1952342662918369,0.08099646242205702,0.06364665766474174,0.2623221177667554,0.19771159413656447
56,56.0,56.0,0.062060119364262305,0.06714323578029553,0.0681850648235731,0.19317820736745162,0.08339397982233893,0.062029651203301166,0.26381588506800074,0.20019385657077624
57,57.0,57.0,0.06188552082174579,0.06696404982744775,0.06844322620748738,0.19264111586165905,0.08281827694060273,0.061881308015882,0.2640186330940041,0.2013478692311709
58,58.0,58.0,0.06162542182146955,0.06670704445418138,0.06778027811293072,0.1908737922096932,0.08215050424168084,0.061611331241232005,0.2674676544443935,0.2017839734744184
59,59.0,59.0,0.06134339601222214,0.06638396774181413,0.0674161504974436,0.19062070984494758,0.08184598630467814,0.06131513309638371,0.26814213554403893,0.20293252095847145
60,60.0,60.0,0.060850886100194936,0.06444082936820626,0.06740136210521834,0.19059653290065878,0.07842079663276573,0.06083065573850115,0.27007281078455986,0.2073861263698947
61,61.0,61.0,0.060604538017332024,0.06410296345621097,0.06705589354210974,0.19115837643808714,0.07814330434849005,0.06060107781537193,0.2719302440385301,0.20640360234386762
62,62.0,62.0,0.060295035105875014,0.06472490360529233,0.0671018183210876,0.19064314161070944,0.07780389557739578,0.05982494963578954,0.2731262566276712,0.20647999951617882
63,63.0,63.0,0.06008037077289305,0.06437406387061209,0.06683881758037181,0.19196778712072732,0.07797200881711387,0.05957761434770477,0.2732504276243452,0.20593890986623142
64,64.0,64.0,0.05988351955140822,0.0645074785596578,0.0699559423557898,0.1915272811748966,0.0744267685561831,0.05882962012352506,0.2755668733065883,0.20530251637195068
65,65.0,65.0,0.059686542681315395,0.06218681417548933,0.07024440751243605,0.19327019396346803,0.07346533671925579,0.05862141990887556,0.27699885554234754,0.2055264294968119
66,66.0,66.0,0.06072045873867408,0.06677714206049533,0.06533646991449321,0.19452880370387302,0.07261191298720893,0.05873127144627931,0.2727227979747791,0.20857114317419675
67,67.0,67.0,0.06000346764786836,0.0656046609786867,0.06449157978717043,0.19361370265788588,0.07260555240800638,0.05798979215878439,0.27375352855700535,0.21193771580459228
68,68.0,68.0,0.05942716901463268,0.0658250851465585,0.0650818003207042,0.19256435876721176,0.07283752253463908,0.05721101695259022,0.2760319140047597,0.21102113325890373
69,69.0,69.0,0.05887746220736328,0.0648425436437202,0.06198791492336655,0.19161775718259957,0.07223829166927967,0.05996615677533084,0.28030294333711314,0.21016693026122646
70,70.0,70.0,0.05874489267907447,0.064633094367111,0.0602775085899033,0.19213910385503782,0.07170787414131667,0.0594544609009632,0.28206952741705404,0.21097353804953928
71,71.0,71.0,0.05879316771077824,0.06431476390074521,0.05994058073114615,0.1923926293404918,0.07101501482671253,0.059178790352300795,0.2837291268954452,0.21063592624237984
72,72.0,72.0,0.058505501077957746,0.06397693066820334,0.059595531050940106,0.19174979092784603,0.07070026989658534,0.05889297658621896,0.28279912329151097,0.21377987650073732
73,73.0,73.0,0.05834909390532575,0.06302844697504065,0.05897291951038208,0.19191983679144123,0.07054903068260968,0.05875936923118843,0.2840225209653543,0.21439878193865766
74,74.0,74.0,0.058144921758103776,0.06278301801501603,0.05874228120126301,0.19127029264420026,0.07100849399553476,0.05917342290739062,0.28886764874475973,0.2100099207337315
75,75.0,75.0,0.05800860940994276,0.06262908762598116,0.05860596885310199,0.19037558208081737,0.0708459144883573,0.05903711055922962,0.29013251389554107,0.21036521308702846
76,76.0,76.0,0.056809979456880835,0.06178466953874239,0.05729926580581605,0.1905756910744371,0.07025234301178448,0.05783623202323171,0.2931024744806955,0.2123393446084117
77,77.0,77.0,0.056334098466018064,0.06080967923927473,0.05603829955851812,0.19250192905294206,0.06909039249516385,0.0570817250558735,0.29349889077777797,0.2146449853544314
78,78.0,78.0,0.056342826033741716,0.06033678851779454,0.055627145033161476,0.19246314227608816,0.07216202611875135,0.05687817175315347,0.29378543257448475,0.21240446769282423
79,79.0,79.0,0.05593355797581405,0.059504728969672516,0.055213666745201305,0.19266950688337717,0.07088365253045156,0.05646118690793122,0.29462624304244217,0.21470745694510976
80,80.0,80.0,0.05618311068514454,0.059024007773158055,0.054246489986141205,0.1920437158234925,0.07020474129108971,0.05600388981101198,0.294857247291575,0.21743679733838675
81,81.0,81.0,0.056062342690264125,0.06227281111778523,0.05406530123678746,0.19213601034860534,0.06563608759368725,0.05593529388296375,0.2960530281291866,0.21783912500071995
82,82.0,82.0,0.05658570503053696,0.06214311223356826,0.05434509563507673,0.19288962253543898,0.06511295653985447,0.05580858421621236,0.2956437596642642,0.21747116414504777
83,83.0,83.0,0.05631211727944063,0.061523622018922426,0.05401126194120963,0.19274833760565638,0.06465621860560795,0.055525255572850304,0.29618884417416597,0.2190343428021464
84,84.0,84.0,0.05585544316646707,0.061090290576350355,0.05348752538547462,0.1942426029248726,0.06420888156079499,0.05428885714077056,0.2992487082321873,0.21757769101308227
85,85.0,85.0,0.055237447498853155,0.0606330014243626,0.05354899511478031,0.19389084829459433,0.06416014049952008,0.054286726550721455,0.2995026671198292,0.2187401734973385
86,86.0,86.0,0.05480860103446582,0.06089936632798775,0.05306482566577482,0.193885052983954,0.06374436994160876,0.054189628352522154,0.300381591822873,0.21902656387081335
87,87.0,87.0,0.05435722923741318,0.06039719903604582,0.05262519733043081,0.19224984161808226,0.06329083709866566,0.053722826693976815,0.30333119276296433,0.22002567622242072
88,88.0,88.0,0.05390311552035245,0.05972163432906734,0.052461704368887065,0.19221504170883313,0.06312441346714058,0.05356482817226118,0.30448507716562784,0.22052418526783013
89,89.0,89.0,0.05372295036829987,0.05952189231499612,0.05222894577993254,0.19133854595804312,0.0629616332224985,0.05338256886897762,0.3048848543711451,0.22195860911610685
90,90.0,90.0,0.05411627034976441,0.0598935531454566,0.05164508412857818,0.19338619027835457,0.06320288642626926,0.053395751532177835,0.29837066443356863,0.22598959970583027
91,91.0,91.0,0.053859133533919995,0.06168276022841322,0.05139951190295005,0.19279513691214553,0.062804716008422,0.052645608208009856,0.2992301320627783,0.22558300114336086
92,92.0,92.0,0.053733722625214364,0.061903452782399164,0.05128532863027677,0.19269534416592718,0.06266822362351378,0.05251147874596108,0.29890957415385155,0.22629287527285594
93,93.0,93.0,0.05338361147574466,0.06152551808654183,0.050079890257635054,0.19200748337272974,0.062320055143863344,0.05215599390693107,0.302637339063263,0.22589010869329104
94,94.0,94.0,0.05327578089189159,0.06152569950513263,0.04862671667386185,0.1948975359553567,0.06012453734301271,0.052036705148422,0.30196843868789214,0.2275445857944301
95,95.0,95.0,0.05304451471881403,0.060759150180126856,0.04839970654436618,0.19353116362143696,0.05988901512635326,0.051801182931762564,0.30335743207838484,0.22921783479875507
96,96.0,96.0,0.05298079955997299,0.06064220466328211,0.04801141556510172,0.19354906693807475,0.05987351481850533,0.05173201059004457,0.3044495036698148,0.22876148419520342
97,97.0,97.0,0.052848885201554466,0.060488388592292476,0.047401206058318233,0.19379022684162445,0.060289004094783875,0.05159867831750156,0.30509771233647404,0.2284858985574507
98,98.0,98.0,0.053893857280137354,0.06230399481545021,0.048810546880124976,0.19207898872126877,0.061334284901099774,0.05008206271658964,0.30174422066219103,0.22975204402313792
99,99.0,99.0,0.05380633789487081,0.06221781289053753,0.04871735954927072,0.19180232301249792,0.060922539650623754,0.05000365079944696,0.30251832824781155,0.23001164795494045
100,100.0,100.0,0.05335276815880161,0.06212707545759913,0.04862328817800397,0.1910147375682329,0.06083273962485891,0.04991715110371511,0.30309709379317573,0.23103514611561238
101,101.0,101.0,0.05418077575798241,0.06565351288003445,0.04889622730219824,0.18822086700937662,0.06165909368393153,0.0498260009210475,0.30242841216019484,0.22913511028523417
102,102.0,102.0,0.05390255693108598,0.06758190992976974,0.048629994944283016,0.18747279025160363,0.06137480907605971,0.04955342298282896,0.30280459160452694,0.22867992427984166
103,103.0,103.0,0.05343823319917631,0.0655690982216474,0.048818982079925195,0.18727065739690216,0.06105530155009298,0.04993617761846905,0.3038968944692443,0.23001465546454225
104,104.0,104.0,0.053100420019362216,0.06713604694659521,0.048484221403163594,0.18974603551209082,0.060703370543661046,0.049979856331774736,0.30430262973847183,0.22654741950488014
105,105.0,105.0,0.05307148167615607,0.06601756615130747,0.04806428828694022,0.1897716484955841,0.06068266366936052,0.049954694320701536,0.3057221387370601,0.2267155186628896
106,106.0,106.0,0.0525328554537476,0.06567535589961883,0.048076690965480375,0.18990289657318413,0.06064493804967849,0.049920627637868094,0.3064034800913671,0.22684315532905508
107,107.0,107.0,0.05241133130595625,0.06516744790902142,0.047952696292307466,0.18966228215442685,0.060505584072736575,0.0497847876251143,0.3052278053570451,0.22928806528339188
108,108.0,108.0,0.05230592377543376,0.061346791947295996,0.04732428551352237,0.18925780905751444,0.06409402086208864,0.05018619257926035,0.30605305924853327,0.2294319170163508
109,109.0,109.0,0.05216883526374854,0.0612047961370297,0.04770613751241965,0.18885729649409563,0.06449213923487934,0.05004338197362208,0.30668941411975015,0.2288379992644546
110,110.0,110.0,0.05207406995146246,0.061122260556846116,0.04722669105208351,0.1884989734401176,0.06403291916826599,0.04995144106504877,0.30800190716792897,0.22909173759824628
111,111.0,111.0,0.054674525481387265,0.05480577568748982,0.04761203514667143,0.18864554272832515,0.0643898334994747,0.05030797345893398,0.3089700366220746,0.2305942773756427
112,112.0,112.0,0.054576820335042145,0.05468525412768646,0.04751142958544087,0.1892575214552053,0.06427289075381484,0.050198132372927536,0.30868493580275774,0.23081301556712477
113,113.0,113.0,0.054302322729814265,0.054037593307190095,0.04961520185848286,0.18869217125119284,0.0639796904257578,0.04991549475955963,0.3095284034353621,0.2299291222326401
114,114.0,114.0,0.05378743882662881,0.05449842540339515,0.049102368080135315,0.1903024986832034,0.06422781687919274,0.04959006039462049,0.30965251961776236,0.22883887211506132
115,115.0,115.0,0.05343161781058787,0.05424973269008151,0.048900386977083224,0.19204885088139623,0.06398960661749244,0.04935810188314662,0.30996423108461496,0.22805747205559676
116,116.0,116.0,0.05313450282026352,0.0540476577657393,0.04821261369301356,0.19135925987017036,0.06380452072867049,0.04917233028191157,0.31293951079221644,0.22732960404801444
117,117.0,117.0,0.05350949648950616,0.054410721330789405,0.04620665498130382,0.19162882429684838,0.06417299379280098,0.04954381739389214,0.31362035185262216,0.22690713986223648
118,118.0,118.0,0.052995924984179016,0.05424372314507852,0.045693311961755724,0.19150057652539845,0.05983137568879928,0.049037777488237705,0.31769296092992716,0.2290043492766238
119,119.0,119.0,0.05278034239001057,0.05400284986862354,0.04548393373953076,0.19133168807679113,0.05958204306625121,0.04827852915331507,0.3171907491859787,0.2313498645194988
120,120.0,120.0,0.05301165488937554,0.0538458669642256,0.04539046585498717,0.19091002446339506,0.059465845230139765,0.048156621383911295,0.3175894802645437,0.23163004094942158
121,121.0,121.0,0.05126077306656177,0.0540272697027082,0.04562827749374061,0.18969387883465247,0.05966288443957532,0.05073708141701925,0.3205225055431123,0.22846732950262982
122,122.0,122.0,0.05107534948913062,0.05415747886344544,0.04544986703083361,0.18940363999078372,0.05946825824655443,0.05054147193491227,0.3220767960220318,0.22782713842230776
123,123.0,123.0,0.0509090046057703,0.053980915440454816,0.04568974604053929,0.18813064330928364,0.05929636335764412,0.05037512705155194,0.3242382916764214,0.22737990851833423
124,124.0,124.0,0.05094213684638225,0.05400612071417948,0.04571775258037117,0.18792185810641057,0.0596594619282224,0.04770368231574226,0.3256699300795129,0.22837905742917863
125,125.0,125.0,0.05069617130873713,0.05375239970972866,0.04546692857185512,0.18739006810864345,0.05940689573051128,0.047457716778097146,0.32841465854596985,0.22741516124645714
126,126.0,126.0,0.05027441082666964,0.053918877509645316,0.045570810636821384,0.1875611267848719,0.058359214018634975,0.04700123407380744,0.32819087920717444,0.22912344694237463
127,127.0,127.0,0.049886556302404676,0.0535535349026525,0.04550767217413818,0.185841449102935,0.05799752745144894,0.046994846487770164,0.33069004936333984,0.22952836421531034
128,128.0,128.0,0.04980531395163653,0.05343222887558848,0.04595394320052825,0.1854896707718943,0.057939071166409194,0.04691145290355085,0.3308634675629675,0.22960485156742466
129,129.0,129.0,0.0499081037455786,0.05353094866546055,0.04604335935212049,0.1822862882429977,0.058041860960351264,0.04669061810202367,0.3337180972864167,0.2297807236450506
130,130.0,130.0,0.049834173731321145,0.05310270312830378,0.045965775646458026,0.1823386136430173,0.05849934180478309,0.04608216545412049,0.334174423268841,0.23000280332315493
131,131.0,131.0,0.04974625193766386,0.05299076517107914,0.04586585640302521,0.18289869505957418,0.05842238276402404,0.04601436392251896,0.33427230088542564,0.22978938385668865
132,132.0,132.0,0.049565156080635296,0.052439104781648586,0.04568122203261342,0.1827555641124391,0.05825183148121929,0.04585279736568007,0.3340533730269048,0.2314009511188591
133,133.0,133.0,0.049541182833368065,0.052416199910449726,0.04563706167948492,0.1811691416141536,0.05781653344762728,0.045844849759438484,0.33547964709938927,0.23209538365608845
134,134.0,134.0,0.049964435993796276,0.0523544294872628,0.045578991259998,0.18168524195534155,0.05778584305552038,0.04515247173630434,0.33519221598193466,0.23228637052984166
135,135.0,135.0,0.04990549020040263,0.05228168477805427,0.045526164156534224,0.18147757327072153,0.05772983825670053,0.0450928873269461,0.3373662485728511,0.23062011343778932
136,136.0,136.0,0.04985738015125106,0.05223056565821159,0.0454727301564978,0.18126295696923042,0.057373604757140685,0.04505111923619129,0.3385509088160144,0.23020073425546247
137,137.0,137.0,0.04983848843839075,0.051871502804064794,0.04546661222858016,0.18225869020356805,0.05733623409968609,0.04502256536589946,0.3381473863112922,0.23005852054851827
138,138.0,138.0,0.049328867823016445,0.05179968951794794,0.04542203995226501,0.18165082180184455,0.05769878435544383,0.04525567797129056,0.3384460894642591,0.23039802911393228
139,139.0,139.0,0.05085329304405113,0.051645906515236026,0.045284638269138165,0.1817635935908189,0.057548437070453345,0.045119099681168826,0.3376374720206063,0.23014755980852714
140,140.0,140.0,0.050728332774458644,0.05158902019419661,0.04473875324689152,0.18174972223279,0.0590822193400825,0.04479170835814878,0.3377656961678637,0.2295545476855679
141,141.0,141.0,0.051550561391716494,0.052962737607639136,0.046106291569989265,0.18355545510318044,0.05986845220705888,0.04610360603650425,0.3376087731906707,0.22224412289324055
142,142.0,142.0,0.05149321428312448,0.05287735329406613,0.046028974352141434,0.1832546376496011,0.05982763949000126,0.04605452612367944,0.33786611961685037,0.22259753519053554
143,143.0,143.0,0.051454842695440955,0.05281691448761429,0.04597121012006527,0.1827109708562055,0.05947373723956486,0.04602416735650874,0.33875469026044003,0.22279346698416008
144,144.0,144.0,0.0510818025881283,0.052434496237967726,0.045272759693942954,0.18295064698870223,0.06212585612963341,0.045633169897905404,0.3387641614546384,0.2217371070090812
145,145.0,145.0,0.05105154829601485,0.05187391812345592,0.045253896425203596,0.1828741755033819,0.06209058326881575,0.045601978101236194,0.3391512826938025,0.222102617588089
146,146.0,146.0,0.050651422878161566,0.05477444214552078,0.04485258698758256,0.1809986778046005,0.06133072985679428,0.04520871164484051,0.3402096848116881,0.22197374387081129
147,147.0,147.0,0.050620329121147875,0.05473767945672284,0.044505615855867965,0.18099997656396785,0.05796630276644727,0.04518307789328682,0.3439399484165684,0.22204706992599063
148,148.0,148.0,0.05029590478808157,0.054407689366533146,0.04368686602847617,0.18070978373389193,0.057641878433380964,0.044864016065583025,0.34347648398392766,0.2249173776001251
149,149.0,149.0,0.05001428070683509,0.05412707114600878,0.046190319294854384,0.18007752788122533,0.05703022134883415,0.044594130813458546,0.3433462589013606,0.22462018990742277
150,150.0,150.0,0.04995740780619181,0.05405835932556471,0.04614703237156552,0.18023747021335537,0.056976584065870285,0.044535961857293936,0.3433800841985849,0.22470710016157314
151,151.0,151.0,0.04874196689339669,0.05393256455104357,0.046536833407261766,0.1800898862614661,0.055750500776872984,0.044392317187919764,0.34478678143373737,0.22576914948830157
152,152.0,152.0,0.05026232856838865,0.05901927113599762,0.04749942960873513,0.17905721548148337,0.057089228029483935,0.04562740598214761,0.334516493512304,0.22692862768145938
153,153.0,153.0,0.050082047663653324,0.058822650546780625,0.047324607574667076,0.17919064246307764,0.056924740012440585,0.04546076770546567,0.33358645199619985,0.22860809203771496
154,154.0,154.0,0.05002953249863924,0.0584611971223593,0.047284861821385714,0.1791032282273214,0.056872922213188876,0.04540685780892686,0.33410864456532263,0.22873275574285568
155,155.0,155.0,0.04999247355772869,0.05791814690664451,0.04726035070708082,0.17991716951486575,0.056836541944442535,0.04536844152368788,0.33162368322968017,0.23108319261586935
156,156.0,156.0,0.049933694413283124,0.05744453961280757,0.04720658718007156,0.18045615261666337,0.05916432987310838,0.04532297381477118,0.3284200986055706,0.23205162388372386
157,157.0,157.0,0.049651119582497585,0.05715379123979966,0.046282454077228335,0.18009728750143328,0.05868293165557152,0.045053321076088386,0.3313822057174397,0.2316968891499412
158,158.0,158.0,0.04999256763236925,0.05785984065115742,0.04662678663154214,0.18021625419553422,0.055693930876551986,0.045389000117075785,0.3320730838682078,0.23214853602756103
159,159.0,159.0,0.0502513576171766,0.05811296748045453,0.04688840819410461,0.17359599741865966,0.055955552439114466,0.04564212694637288,0.3345364555298589,0.23501713437425795
160,160.0,160.0,0.050181224064212354,0.058037273738443855,0.04681415342441444,0.1731957329246425,0.05590200160317171,0.04608528633191098,0.33516133682770755,0.23462299108549617
161,161.0,161.0,0.05023681639580572,0.058080492004187204,0.046648103518761114,0.1739800047481633,0.0559764979001931,0.045838508643678826,0.33590416397875866,0.23333541281045161
162,162.0,162.0,0.05020841378999467,0.0580443926259735,0.04663171923379192,0.1738803118509532,0.05594844228002316,0.04580442997424615,0.33613427868342777,0.23334801156158927
163,163.0,163.0,0.05092209615396317,0.05830606726762054,0.04431692509080443,0.17512196817188977,0.05408455757015854,0.04649882488330305,0.33725456812461885,0.2334949927376414
164,164.0,164.0,0.050682525862442894,0.05807075965274744,0.044112366401860656,0.17195342340484257,0.05385327148789085,0.046267754873038594,0.33974762901576844,0.23531226930140817
165,165.0,165.0,0.054281047215796144,0.05427104438165979,0.04403885361957573,0.17196046103747856,0.053753585561754726,0.0461826503399851,0.3401376586965033,0.2353746991472462
166,166.0,166.0,0.05418278504188009,0.05418169671311772,0.04653563605486636,0.17211949008693433,0.05364758787656264,0.04609094468324713,0.3403411787828268,0.23290068076056467
167,167.0,167.0,0.058595392340864104,0.05489362495060112,0.046772418776877905,0.17002100010868432,0.054323434760218996,0.04681837638251729,0.3330398524976568,0.23553590018257925
168,168.0,168.0,0.05856013194147642,0.05485107296925954,0.04675079916579334,0.17034759182931117,0.053861766309085575,0.04678429000964132,0.33367007078524014,0.23517427699019228
169,169.0,169.0,0.058531778018538934,0.054815550796662955,0.04435491033041023,0.17002867928321652,0.05383433141695956,0.04675710012884159,0.3341127362828438,0.23756491374252608
170,170.0,170.0,0.058351323773439594,0.054144956737940245,0.04418765568629779,0.16957869689836003,0.053627557184511836,0.04655058351856703,0.3351188154524786,0.23844041074840452
171,171.0,171.0,0.05883768787119327,0.054624390027966194,0.04468700679332958,0.16963931654040032,0.05619812922177617,0.04704519603498526,0.33279054165704625,0.23617773185330276
172,172.0,172.0,0.05869255919617922,0.054474432534564014,0.04454670693670367,0.169185843629548,0.05593528034554242,0.046895238541583076,0.33305640062081515,0.2372135381950641
173,173.0,173.0,0.05859045663775182,0.053923581870359595,0.04442715201785282,0.16849524134758215,0.05529609255411753,0.04864024017323095,0.3345694861955761,0.2360577492035287
174,174.0,174.0,0.058434397647142804,0.05377751668591401,0.04606029825406153,0.16913798059006976,0.05504881086338667,0.048380905499829145,0.33439960764587784,0.23476048281371792
175,175.0,175.0,0.058402392429721735,0.0537389627700636,0.0460407137256746,0.16935094311609297,0.055017482353790115,0.048343279593536015,0.3342660623954529,0.23484016361566773
176,176.0,176.0,0.0576491494114522,0.05334964634858492,0.04567006787240517,0.16766324927037188,0.0546352704584203,0.05129500720012426,0.33534281157331763,0.23439479786532327
177,177.0,177.0,0.058497576245482616,0.05355749942339429,0.045617525663249746,0.1680535018589091,0.05459020748294838,0.05124939541787805,0.3356859411854552,0.23274835272268227
178,178.0,178.0,0.058424686691665915,0.053849903724249894,0.04555792162625909,0.16800008079389225,0.05451613893503371,0.051154514236397136,0.3390773851554528,0.2294193688370488
179,179.0,179.0,0.05809827644695191,0.053769096406408444,0.04549725802139071,0.16790002547856156,0.05443924683292419,0.05105726852627283,0.3397142889846862,0.2295245393028038
180,180.0,180.0,0.056145500955998774,0.05356963193562174,0.043559263857877124,0.16978799822500962,0.05433728173645233,0.050935393005616225,0.34152678627860106,0.23013814400482277
181,181.0,181.0,0.05599944640618055,0.05342247219987769,0.04342766351980095,0.16962751437442042,0.050389079708967444,0.05067141235111037,0.34610993268350804,0.2303524787561342
182,182.0,182.0,0.05601303252865691,0.05316565096066624,0.04574214604461049,0.1690453737938089,0.05013038812224543,0.05041622454872482,0.3453197176089417,0.23016746639234514
183,183.0,183.0,0.05595588328716932,0.053058807700200626,0.044978274006847875,0.16916482339010758,0.05367939718516404,0.049853524409160035,0.34449512533015614,0.22881416469119395
184,184.0,184.0,0.055947329635310024,0.05304272706476727,0.044975166978082265,0.16768718983837172,0.05366539691021106,0.04984305183381319,0.34595329015726717,0.2288858475821768
185,185.0,185.0,0.056018565392571176,0.05270244018828356,0.04504640273534341,0.16924093165946136,0.05198224670255993,0.050006343978933526,0.3468339915056597,0.2281690778371871
186,186.0,186.0,0.05565201870148486,0.05233272762811871,0.044930825074982764,0.16933453458515926,0.052268280002753326,0.049516752491163905,0.3473510105230595,0.22861385099327733
187,187.0,187.0,0.05560030046461449,0.05265165230166756,0.04489248019035327,0.16897055783574857,0.05219936394649293,0.04945678161881648,0.3475035514253749,0.22872531221693138
188,188.0,188.0,0.05554544912304825,0.05232873162414282,0.04485071712396842,0.17104452241741713,0.052127660572491935,0.04606557902375277,0.3476429711126702,0.23039436900250804
189,189.0,189.0,0.05836351751752856,0.0518155074597734,0.0443524308796596,0.17036067203438238,0.05123457191411631,0.04712424758653387,0.347403243024603,0.22934580958340245
190,190.0,190.0,0.0582352465441032,0.051689167142308305,0.04424080671390756,0.1712907079712795,0.05109899036551153,0.046832348881305656,0.3479103835171776,0.22870234886440616
191,191.0,191.0,0.054424815313121516,0.05159205710161914,0.044150404165295025,0.1709370840854544,0.050990109263025725,0.04658167999073643,0.34975262259075685,0.2315712274899906
192,192.0,192.0,0.053958943415879285,0.051119203021927274,0.04369183729156092,0.17368723242472056,0.0505215533772049,0.04598373294677035,0.3493186682009393,0.23171882932099705
193,193.0,193.0,0.055127168346634926,0.051602449939460615,0.042406064424807315,0.17373803509676203,0.051539772814443614,0.04699608039340423,0.34679545377067467,0.23179497521381232
194,194.0,194.0,0.05508250298699292,0.051566681075580066,0.04237396217986057,0.17531660355689896,0.051261983536583025,0.04549797451621216,0.3471153445203985,0.2317849476274735
195,195.0,195.0,0.054907915019457125,0.05116068162318663,0.04198186654048138,0.1743956537855494,0.05084891201177155,0.0450253866633924,0.3493631291517441,0.23231645520441707
196,196.0,196.0,0.05483226683197073,0.051080456711600185,0.04192313823254363,0.1739087632909021,0.05077474958415498,0.044891388611241756,0.3496886012581775,0.2329006354794088
197,197.0,197.0,0.054193111846564196,0.05102181326084421,0.04190297313336836,0.17290498004236374,0.05070637810824734,0.04478326481301476,0.35000074468097353,0.23448673411462348
198,198.0,198.0,0.054868735798119087,0.0476207116071989,0.04222091343155866,0.17380627966370718,0.05510969025337502,0.04506213242259962,0.3509736823724285,0.23033785445101276
199,199.0,199.0,0.05479189533124864,0.047546223349341776,0.0421481240726903,0.17666607050744704,0.05476479134488012,0.04493917469096976,0.34896498662125003,0.23017873408217196
200,200.0,200.0,0.06030688433890527,0.05383266984159915,0.044978431408019416,0.17158218909969508,0.0571916323986982,0.047745948172913034,0.3314986834414065,0.2328635612987631
201,201.0,201.0,0.0563267727057283,0.05378191850673876,0.04471414834874305,0.17029369201769068,0.060612089171495916,0.0474689137726814,0.33416070896391326,0.23264175651300834
202,202.0,202.0,0.05633753145376207,0.05438981403611984,0.04472110972455838,0.16938048000061917,0.06061715186120204,0.04748157120682438,0.3344122317114348,0.23266011000547898
203,203.0,203.0,0.05609316187958245,0.05435986037184484,0.04471986402242788,0.16769478202652108,0.06059589864680395,0.04746206031615006,0.33592726737508116,0.23314710536158822
204,204.0,204.0,0.05618654025966753,0.0547946549610207,0.04481478819761696,0.16984014043263398,0.06068663666549264,0.04769430266521076,0.33528708627291953,0.23069585054543762
205,205.0,205.0,0.055936179453289686,0.05453533510871696,0.04457829504701856,0.16960451072263222,0.05672998572477004,0.04744003118832877,0.3407254371275978,0.23045022562764575
206,206.0,206.0,0.05998602178626878,0.054870242001104255,0.044928064758356395,0.16611224814265915,0.057081570977139104,0.04778435427657293,0.34169503645224586,0.2275424616056533
207,207.0,207.0,0.05999539920589632,0.05465411673741675,0.04494102025154913,0.16547366726734802,0.05711521463302986,0.04779194265941788,0.3425784519967684,0.2274501872485733
208,208.0,208.0,0.059646294416755584,0.05464032899208777,0.044938487529600855,0.16128290257480848,0.056770504507636696,0.04779336801863466,0.3474853702893638,0.22744274367111184
209,209.0,209.0,0.05967359410270565,0.054660363080209766,0.044972842306574494,0.16182348492232349,0.05679943780377618,0.04786337033046872,0.3479083853804625,0.22629852207347895
210,210.0,210.0,0.059633436403219164,0.05439267603693359,0.0449618321899911,0.1613134553767634,0.056746211489272766,0.04775781317418426,0.3478380652748117,0.22735651005482366
211,211.0,211.0,0.06264269380349057,0.057395363605078985,0.047964396753250794,0.16143569893652238,0.05974761816078522,0.05075476949810951,0.3256731115516288,0.23438634769113328
212,212.0,212.0,0.062062159955207225,0.060143548331709026,0.04713254401643797,0.16038293161049294,0.05915414716962008,0.050163984781481735,0.3272126324714152,0.23374805166363552
213,213.0,213.0,0.0618787788863361,0.05995228371024873,0.04696054314206112,0.16039384429276782,0.058968379025843426,0.049967178029056605,0.32821399041795496,0.23366500249573083
214,214.0,214.0,0.061735443316572984,0.05989395379828243,0.04682841135071749,0.16006478088653076,0.05882270246265566,0.049810731057453,0.32964638905884486,0.23319758806894253
215,215.0,215.0,0.06158995236344142,0.05973746262208575,0.04669115904386725,0.16153112724406657,0.05866976750734151,0.0496572059053082,0.32898037107940314,0.23314295423448578
216,216.0,216.0,0.061564678708132585,0.0563680925608422,0.04667399166955822,0.16131099607641183,0.05842992636666939,0.04834199258268743,0.32974420477981514,0.23756611725588295
217,217.0,217.0,0.061530453032291536,0.05632193680694501,0.04665053605560036,0.1613415320752738,0.0583947799345691,0.04830141680281341,0.32980379928517023,0.23765554600733627
218,218.0,218.0,0.06225031843180593,0.056332672756095735,0.04673698916847666,0.16229357593556296,0.058413180117923416,0.04832659755603026,0.32804749098294106,0.23759917505116362
219,219.0,219.0,0.062207194456320065,0.05630076370357843,0.04670137644226573,0.16235394591988955,0.05805992518181914,0.04830375243915399,0.32833328058941064,0.2377397612675622
220,220.0,220.0,0.06211035207409492,0.056217603356079206,0.04661494015609645,0.16183688724239523,0.05797872438549921,0.048214294887525024,0.3284036578083271,0.23862354008998257
221,221.0,221.0,0.062033381949087384,0.052461748065448316,0.04773869826515514,0.16150382013823475,0.0579168318373923,0.05075867161039755,0.3263911378329856,0.24119571030129866
222,222.0,222.0,0.06197166861889891,0.052388389118241174,0.04764603551453018,0.16066728476875314,0.05785709439529832,0.0506909673994722,0.32690375395046944,0.2418748062343363
223,223.0,223.0,0.061957795124876716,0.05236310259745185,0.0476421163260599,0.16457285478895053,0.05784516764563606,0.05068444068033371,0.32279742744335915,0.24213709539333167
224,224.0,224.0,0.06200949639347801,0.05248596807860231,0.047699153730387786,0.16406396272210375,0.057894312873033954,0.05073185978049026,0.3223134189282752,0.24280182749362833
225,225.0,225.0,0.06172982729904615,0.0521977966703245,0.047426688911616575,0.16313869393990232,0.057656047378034175,0.0499690487800977,0.32262123668271797,0.24526066033826022
226,226.0,226.0,0.06142588867833116,0.05190910843250694,0.04712543154358283,0.16262227265026233,0.05735511582978053,0.04965974765402019,0.32318039450989267,0.24672204070162307
227,227.0,227.0,0.06117732178714507,0.05167400782225071,0.04688202312801296,0.16239440582413486,0.05967088457921735,0.049407175508438254,0.32380364079935714,0.24499054055144331
228,228.0,228.0,0.06115998603172224,0.05169161235308306,0.05057788756721969,0.16147043191094018,0.05965546994486248,0.04938443984781687,0.32478050202338643,0.24127967032096873
