Total_iterations,Unnamed: 0.1,Intertwine_two,Invert_path_vertices,Insert_inside_vertex,Delete_inside_vertex,Replace_inside_vertex,Donate_between_routes,Trim_one_terminal_cb,Grow_one_terminal_cb
0,0.0,0.125,0.125,0.125,0.125,0.125,0.125,0.125,0.125
1,1.0,0.1247174074074074,0.1247174074074074,0.1243137037037037,0.1254844444444444,0.1243137037037037,0.1243137037037037,0.1258477777777778,0.1262918518518518
2,2.0,0.1237175414141414,0.1236457821548821,0.1229869488215488,0.1265797835016835,0.1239175043771043,0.1233225969696969,0.127290768013468,0.1285390747474747
3,3.0,0.122471201096324,0.1229954247981186,0.121423263876011,0.1279556989111388,0.1236158526937415,0.1220915616518796,0.1289681873189976,0.1304788096537887
4,4.0,0.120882447305563,0.1220017591640534,0.1195636224703026,0.1308254552126,0.1229423949734833,0.1204868139407481,0.1306639154654509,0.1326335914677986
5,5.0,0.11948689278435,0.1207949364256969,0.1175403957415709,0.1339989507261376,0.1220532267726201,0.1187102193729981,0.1330707408019036,0.1343446373747227
6,6.0,0.117896975718745,0.119419240731762,0.1157116807609118,0.1367454248567571,0.1206345661769765,0.1167849015181418,0.1359308368933428,0.1368763733433631
7,7.0,0.1162480171372122,0.1176379118133185,0.1141071977819532,0.139459061117984,0.1191019699016115,0.1148116381534741,0.1391782183794943,0.1394559857149521
8,8.0,0.1144347370984623,0.1154060034792144,0.1123565634892548,0.1425568496028556,0.1176420389774109,0.1127242213192043,0.1422312084185359,0.1426483776150618
9,9.0,0.1124764802814385,0.1130235961527376,0.1104395150362001,0.1455688595512555,0.1159967704939034,0.1105053557617896,0.1459178341088559,0.1460715886138194
10,10.0,0.1104776284676276,0.1106009027314527,0.108464844662559,0.1481942550412165,0.1145667215603512,0.1082616843833535,0.1495021873022491,0.1499317758511904
11,11.0,0.1084526407513806,0.1081566188492728,0.1066718731071639,0.1506679546086609,0.1128304037171608,0.1060085355563168,0.1532464983968333,0.1539654750132108
12,12.0,0.1062932052047378,0.1056205710530172,0.1047864690021994,0.1530415819588516,0.1111283695963107,0.1039136760814072,0.1571319993994936,0.1580841277039824
13,13.0,0.1041306208882004,0.1030923061340513,0.1028661354646027,0.1550259981829846,0.1093740286423282,0.1018309758738964,0.1616672995511456,0.1620126352627907
14,14.0,0.1019788562582622,0.1005876251960226,0.1009395930391379,0.1570554651668879,0.1075999514653317,0.0997706109538642,0.1662348342867333,0.1658330636337601
15,15.0,0.0998367724594584,0.0984479603515108,0.0990948970954859,0.1584735419332039,0.1055346618984389,0.0977669937873945,0.1706168852630953,0.1702282872114121
16,16.0,0.0976927236753702,0.0963291273459652,0.0971719183247354,0.1600816372225254,0.1034755332860856,0.0958040760064636,0.1753212013258769,0.1741237828129777
17,17.0,0.0955630712190539,0.0942013097858164,0.0949699840172518,0.1615082208915021,0.1013339110433856,0.0938244160450089,0.180592171226562,0.1780069157714192
18,18.0,0.0934358854296838,0.0921237184079137,0.0928037367617793,0.1628852516811406,0.0992078788714267,0.0918868114406061,0.186236985242058,0.1814197321653917
19,19.0,0.0915834759269897,0.0903557058185742,0.0908903152507612,0.1643514506658201,0.0973254353073544,0.0902037409151048,0.1911070998296788,0.1841827762857166
20,20.0,0.0897087894876225,0.0886496408002647,0.0889880027144894,0.1659745970033937,0.0953734226470725,0.088535823765591,0.1963361521823938,0.1864335713991721
21,21.0,0.0879136290721438,0.0869921596164292,0.0871630967967859,0.1675858287091515,0.093638377762164,0.086944752400283,0.2011782532904026,0.1885839023526397
22,22.0,0.0861905107710674,0.0854101044798585,0.0853707441958398,0.169092909160764,0.0919498691979095,0.0854212700431611,0.2059012787505797,0.1906633134008197
23,23.0,0.0845746981149583,0.0841453232295197,0.0834468453359751,0.1707979952704134,0.0903410826478927,0.0839628572919142,0.2101364171584812,0.1925947809508452
24,24.0,0.0830636479896875,0.0829832656130998,0.0816162199808858,0.1722765977541243,0.0888107742111077,0.0826022293329265,0.2143642401881625,0.1942830249300056
25,25.0,0.0816674805787659,0.0820615901514727,0.0798543755580658,0.1738632352265499,0.0873732502656649,0.081385662267495,0.2181984977178044,0.1955959082341812
26,26.0,0.0803854993328528,0.0812449447972757,0.0781788405524479,0.1754167167078946,0.0858557342617757,0.0802737169938733,0.221652372473035,0.1969921748808448
27,27.0,0.0791703903398702,0.0804823328669444,0.0766086737379852,0.1767602954626353,0.0842163411762049,0.0792560502085807,0.224909787370107,0.198596128837672
28,28.0,0.0778277902178094,0.0795631384989025,0.0753661240825189,0.1782318728395651,0.0825310291122663,0.0783558720649759,0.2282597703425577,0.1998644028414039
29,29.0,0.076574724929218,0.0793120228403782,0.074215899745378,0.1797896999891125,0.0809287418669302,0.0775312337726058,0.2307291012818448,0.2009185755745322
30,30.0,0.0753902864826954,0.0787062959349216,0.0731278564719894,0.18149326977119,0.079899897213026,0.0767645505781238,0.2325172516144304,0.202100591933623
31,31.0,0.0743168838112091,0.0781646786308129,0.0721583250092341,0.182403041407468,0.079351468744253,0.0760895338275817,0.234174178525935,0.2033418900435057
32,32.0,0.073405927448047,0.0779200318463519,0.0713264045442278,0.1834605322539556,0.0787631306098126,0.0755555471281674,0.2348229450967337,0.2047454810727036
33,33.0,0.0725602483948632,0.0775949241503402,0.0705194360885997,0.1845953781071081,0.0782145681769951,0.0749558940635876,0.2354592969284112,0.2061002540900945
34,34.0,0.0718130003391138,0.0773149235249789,0.0697999139477307,0.1858409263430874,0.0777404681210039,0.0739186513284329,0.2364144642846585,0.2071576521109933
35,35.0,0.0711213937411141,0.07717370324488,0.0691754571146362,0.1869829178516912,0.0773509317003115,0.0729204067565479,0.2372854336224087,0.20798975596841
36,36.0,0.0705251542895899,0.0768668362343534,0.0687483666266201,0.1881854443572555,0.0768900365813011,0.0721036307435513,0.2386870193688467,0.2079935117984816
37,37.0,0.0696762153148849,0.0765921925566849,0.0684394310499902,0.1893205845311097,0.0764905694354859,0.0713518886226246,0.2401717431055406,0.2079573753836788
38,38.0,0.0688769869195398,0.0763221612271,0.0681577322429244,0.1902885968765295,0.0761147042219866,0.0706346825550608,0.241507513570078,0.2080976223867804
39,39.0,0.0681349702667977,0.0757599399101139,0.068116809543021,0.1920055461407213,0.0757650628710469,0.0699604698294881,0.2420214598134733,0.2082357416253373
40,40.0,0.0674618188356526,0.0750417568522567,0.068114307420266,0.1933448255570255,0.0758230194940652,0.0690125878966304,0.2427819958098742,0.2084196881342288
41,41.0,0.0668036191476514,0.074298148260963,0.068176348237247,0.1944373821022139,0.0758237747439309,0.0680318360669852,0.2440455834687726,0.2083833079722355
42,42.0,0.0661818815859796,0.0735564914121356,0.0681943585529503,0.1953636127892787,0.0758242571156374,0.0670816864818947,0.2452912526853629,0.2085064593767602
43,43.0,0.0655966159148649,0.0727772194647125,0.0683350540044692,0.1961644703770036,0.0757799441518784,0.0662767736235915,0.2466543575406046,0.2084155649228748
44,44.0,0.0650432454542685,0.0719999366788188,0.0684733971440801,0.1968971862474315,0.0756912557443835,0.0655041265597508,0.2481974879619617,0.2081933642093045
45,45.0,0.064531252730662,0.0712356121409776,0.0684689037052864,0.1974383308700332,0.0755667043153027,0.0647952377348605,0.2499565541048463,0.2080074043980309
46,46.0,0.0640410984721319,0.0704707843859602,0.068433744924864,0.1978624037877584,0.0754213639693387,0.0641495999697121,0.2519978977626024,0.2076231067276318
47,47.0,0.0635686278978766,0.0698282571246673,0.0683632118959314,0.1981024890310745,0.0752106288120429,0.0635241020930138,0.2541886515181715,0.2072140316272214
48,48.0,0.0631241282465689,0.0693163362708717,0.0682680829587182,0.1982352302662146,0.0749871771722415,0.0629351459259276,0.2563724118720426,0.2067614872874142
49,49.0,0.062706615505014,0.0688470276656735,0.068121467814327,0.1983855356029964,0.074753955677759,0.0623770416239567,0.2583494623205483,0.2064588937897246
50,50.0,0.0622374233495113,0.0683870999031501,0.0679654171452712,0.1984594906936883,0.0744756701118773,0.0619514905525676,0.2602916344313426,0.2062317738125911
51,51.0,0.0619061501668647,0.0681731871200257,0.067799688160105,0.1986204884936829,0.0743087784407286,0.0616701698348504,0.2619151503862302,0.205606387397512
52,52.0,0.0615296390076376,0.0676838527778117,0.0677329481747731,0.198948741071242,0.0745133057887955,0.0613343325770994,0.2634194942625892,0.2048376863400509
53,53.0,0.0611786790510412,0.067205385881552,0.0676535434777245,0.1993712611378904,0.0747100089723809,0.0610232498357873,0.264797941005867,0.2040599306377561
54,54.0,0.0608589450349052,0.0667438538983909,0.0675685037745193,0.1997640166433527,0.0747805125358601,0.0607439067248152,0.2660675663055099,0.2034726950826462
55,55.0,0.0605235775937067,0.0664350508979681,0.0674718915173268,0.1998522168338129,0.0752077374086886,0.0604889325386261,0.2672274047467586,0.2027931884631117
56,56.0,0.0601883559263522,0.0660186794648812,0.0673433158309348,0.1996798116073688,0.0758898787843962,0.060129332376173,0.268371583204207,0.2023790428056864
57,57.0,0.0598879142058607,0.0656372721429724,0.0672618313414997,0.1994059217105906,0.0765212767447387,0.0598098610994945,0.2693760616371489,0.202099861117694
58,58.0,0.0596114828235496,0.0652815727927725,0.0671340144402124,0.1989150403798044,0.0770857276411135,0.0595160537421828,0.270571420076404,0.2018846881039603
59,59.0,0.059354631388524,0.06494339042297,0.0669890291042323,0.1983675264639212,0.0776139294201562,0.0592429600811079,0.271683653125378,0.2018048799937099
60,60.0,0.0590941017520352,0.0644591182259754,0.0668613346765598,0.1977948780790076,0.0777891126229487,0.058969449780505,0.2728423152176934,0.2021896896452745
61,61.0,0.0588525581143906,0.063989303768903,0.0667172631096302,0.1972636954345447,0.0779253451171324,0.0587189447772295,0.2740431593818429,0.2024897302963261
62,62.0,0.0586217383483942,0.0636298013693191,0.0665955774816162,0.1966730543818258,0.078016193077102,0.0584346987867046,0.2752223912350585,0.2028065453199791
63,63.0,0.0584092670932741,0.0632821162585853,0.0664648227507267,0.1962136428576694,0.0781126445900493,0.0581680463749147,0.276275155656546,0.2030743044182341
64,64.0,0.0582150688783136,0.0629934606039497,0.0666625959187645,0.1957136633339762,0.0778435205678795,0.0578673554616136,0.277424040923787,0.2032802943117155
65,65.0,0.0580372773045709,0.0625167442559179,0.0669023717500333,0.1953961092199186,0.077470998244117,0.0575855362647968,0.2785826642117079,0.2035082987489371
66,66.0,0.0579971491477057,0.0625434330303856,0.066660796596005,0.1952149123387428,0.0770103291642774,0.0573532429778429,0.2791819813273862,0.2040381554176539
67,67.0,0.0579165677933562,0.0624925419095268,0.0663456466778321,0.1949534639547371,0.0765511067727308,0.0570838113755192,0.2797598479561933,0.2048970135601039
68,68.0,0.0578072837096632,0.0624999035082326,0.0661024931359233,0.1945998284070961,0.0761215480893549,0.0567725052206412,0.2804477032729032,0.205648734656185
69,69.0,0.0576701562066623,0.0624415266131673,0.0655640594803194,0.1941665415593592,0.0756421819322336,0.0567722287808445,0.2814497180984961,0.2062935873289175
70,70.0,0.0575455575611395,0.0623920526502531,0.06487266711136,0.1938032302198721,0.0751236717353985,0.0567527496775355,0.2825167221019099,0.206993348942531
71,71.0,0.0574502396345188,0.0623381034541623,0.0641707696082063,0.1934849612992308,0.0745535686508457,0.0567346685419255,0.2836385137059729,0.2076291751051373
72,72.0,0.0573491161180407,0.0622755324588922,0.0634622549985768,0.1931233121098017,0.0739736158434941,0.0567142553613721,0.2845560319211309,0.2085458811886912
73,73.0,0.0572540280855463,0.062141384175926,0.062723663456378,0.1928010972138554,0.073403800936011,0.0567043099756194,0.2854865689958613,0.2094851471608022
74,74.0,0.057158982299777,0.0620049784532451,0.0619983597980272,0.1924373367885556,0.0729083661480347,0.0567573150886179,0.286793924660754,0.209940736762988
75,75.0,0.0570696692523518,0.0618746006595466,0.0612993944847278,0.1920088109080038,0.0724272181666133,0.0568155495336882,0.2881177685150757,0.2103869884799924
76,76.0,0.0568788139159389,0.0616803637061583,0.0605127211417135,0.1916268162265974,0.0719190147988942,0.056770088290907,0.2896263714962853,0.2109858104235051
77,77.0,0.0566587676694903,0.0614090944764879,0.0596464839549118,0.1914651335596605,0.0713287699984139,0.0566643839129915,0.2910585168389263,0.2117688495891175
78,78.0,0.0564583521124243,0.0611116689452645,0.0587896731902907,0.1913261084366647,0.0710823292653078,0.0565530680540242,0.2924005055663625,0.2122782944296611
79,79.0,0.0562358960444853,0.0607530312080764,0.0579455703917644,0.1912329926250916,0.0707434922152168,0.0564144363334228,0.2937062257379319,0.2129683554440105
80,80.0,0.0560576174735865,0.0603697021025717,0.0570618411607191,0.1911009744312702,0.0703720493493511,0.0562444055809347,0.2949136744903028,0.2138797354112637
81,81.0,0.0558863448924051,0.060336129298786,0.0562202124660972,0.1910008149232645,0.069579212319749,0.0560821131531913,0.2961193921792105,0.2147757807672961
82,82.0,0.0557862957813478,0.0603123107051472,0.0554691769684733,0.1909973845389961,0.0687739146404633,0.0559219108088449,0.2971629476122349,0.2155760589444922
83,83.0,0.0556768868987784,0.060247232964692,0.0547486208378911,0.1909990910801407,0.0679668633546754,0.0557482625686706,0.2981414640734674,0.2164715782216842
84,84.0,0.0555391037969752,0.0601580937445673,0.0540403730758268,0.1911675459643477,0.0671626770454944,0.0554661092393475,0.2993085890953857,0.2171575080380552
85,85.0,0.0553564628322859,0.0600414614995741,0.053403568585996,0.1913147304667113,0.0664044973062569,0.055200185662966,0.3003837986952445,0.217895294950965
86,86.0,0.0551480111642925,0.0599690443686907,0.0527834818655355,0.1914723781660534,0.0656581149170847,0.0549420100332804,0.3014305684896676,0.218596390995395
87,87.0,0.0549118733820948,0.0598629554412944,0.0521842544215891,0.1914748667070532,0.0649218800327807,0.0546554479839011,0.3026571316319895,0.2193315903992969
88,88.0,0.0546483915649641,0.0597052613718874,0.0516330098549714,0.1914813761521383,0.0642263158444134,0.054372416074389,0.3038831675116554,0.2200500616255809
89,89.0,0.054385788653895,0.0595435262375858,0.0511219008312591,0.1914069217332029,0.0635730110266458,0.0540913855464785,0.3050325966204461,0.2208448693504866
90,90.0,0.0541821496492234,0.0594349143605344,0.0506145869942694,0.1915439934304405,0.0630030482329907,0.053832688170904,0.3054141864021071,0.2219744327595303
91,91.0,0.0539725020704399,0.0595206707673331,0.0501437522897589,0.1916266745898127,0.0624522630588491,0.0535204768340829,0.3057731287488375,0.2229905316408856
92,92.0,0.0537701444732989,0.0596415416834614,0.0497211403245641,0.191702792981849,0.0619464316931266,0.0532173249984784,0.3059986911031417,0.2240019327420797
93,93.0,0.0535526473024443,0.0597351511493804,0.0492358876016817,0.1917124389672029,0.0614635845353151,0.0529018814000061,0.3065035825434637,0.2248948265005057
94,94.0,0.0533444264320228,0.0598373214799382,0.0486622828192697,0.1920130760563392,0.0608180350192853,0.0525985944105993,0.3068524323674144,0.2258738314151308
95,95.0,0.0531332145759344,0.0598695036251916,0.0481229818406953,0.1921758568021602,0.0602065532564297,0.0522964650058456,0.3072564566112241,0.2269389682825189
96,96.0,0.0529358653909995,0.0598956694697846,0.0476015491090886,0.1923377028732556,0.0596514942577741,0.0520126784866545,0.3076902953444674,0.2278747450679754
97,97.0,0.052745509030406,0.0599113024747543,0.0470753373645244,0.1925195939682446,0.0591957102922193,0.0517411307131622,0.3081131631543058,0.2286982530023832
98,98.0,0.0526797192754416,0.0601127036627181,0.0467459395635352,0.1925248784704329,0.0589009657418772,0.0513436516329713,0.3081282405075538,0.2295639011454697
99,99.0,0.052623897937494,0.0603072594509216,0.0464608088827253,0.1924975090540338,0.0586188543131139,0.0509654633799215,0.3081553806855853,0.2303708262962044
100,100.0,0.0525401261593079,0.0604923914514071,0.0462173496395353,0.1923871661744326,0.0583790108780255,0.0506068258567986,0.3081813128759724,0.2311958169645203
101,101.0,0.0525556587388535,0.0610280008341495,0.0460495896184683,0.1919947462408439,0.0582703244798216,0.0502680403201905,0.3080869414931947,0.2317466982744776
102,102.0,0.0525580673479462,0.0617491441040501,0.0459004487405539,0.1915290218325222,0.058177965952692,0.0499314551494299,0.307983039899798,0.2321708569730075
103,103.0,0.05252724761877,0.0622552195344055,0.0458124161260324,0.1910490942637533,0.0580948609569124,0.0496630236376433,0.30794697426926,0.2326511635932228
104,104.0,0.0524748384003341,0.0629005210810926,0.0457297763648258,0.1908269128947116,0.0580144777659993,0.0494285346881743,0.3079145879306985,0.2327103508741636
105,105.0,0.0524310320856115,0.0634117996522372,0.0456409517185009,0.1906187021870972,0.0579669511345241,0.0492204916489808,0.3079912715439296,0.2327188000291184
106,106.0,0.0523441482760257,0.0638637870060892,0.0455864831703469,0.1904359668210891,0.0579475617295766,0.0490371882721405,0.3081057296031996,0.232679135121532
107,107.0,0.0522556875043966,0.0642379005144316,0.0455499640876423,0.1902421128473271,0.0579431496306307,0.0488674656253662,0.3080741518879921,0.2328295679022132
108,108.0,0.0521670884948938,0.0642018325497131,0.0454782831573764,0.190021398654321,0.0583236467649356,0.0487640289586813,0.3080997938681447,0.2329439275519339
109,109.0,0.0520750288879781,0.0641266213944156,0.0454704155435882,0.1897750687283056,0.0587636097640606,0.0486708765343069,0.3081660397912076,0.2329523393561371
110,110.0,0.051983636774283,0.0640214595440557,0.0454377472648336,0.1895083617671518,0.05917093975132,0.0485915703159058,0.3083421441700675,0.2329441404123823
111,111.0,0.0521623337567218,0.063266173401924,0.0454647696612857,0.1892728885476638,0.0596218479671438,0.0485694466662248,0.3085940486864347,0.2330484913126013
112,112.0,0.0523385124435288,0.0624897597408808,0.0455005019168233,0.1891158870646192,0.0600636509421425,0.0485559365408383,0.3087960125485898,0.233139738802577
113,113.0,0.0524920065800475,0.0616481763077604,0.0457631474507976,0.1889194670533837,0.0604740459849524,0.0485319356249745,0.3090610160203315,0.2331102049777521
114,114.0,0.0525967660740934,0.0608607285975668,0.0459867655976166,0.1889014488284509,0.0609032706132328,0.0484916269555491,0.3093166046372894,0.2329427886962007
115,115.0,0.052667374244656,0.0600635333551195,0.0461989798442736,0.1890738781443782,0.0612989972151747,0.0484431376363095,0.3095811646890415,0.2326729348710466
116,116.0,0.0527088525347892,0.0592677121378323,0.0463482094091861,0.1891898551549604,0.0616635486620635,0.0483900697313387,0.3101206273703343,0.2323111249994952
117,117.0,0.0527879388656881,0.0585355788550579,0.0463005641892746,0.1893428849543042,0.0620499019913425,0.0483872799335689,0.3107024167237571,0.2318934344870064
118,118.0,0.0528149749892026,0.0578187105067472,0.0462054100973198,0.1894906463899941,0.061984689095308,0.0483457304996138,0.3116624674008569,0.2316773710209574
119,119.0,0.0528195587408985,0.0571136917920054,0.0460937126109823,0.1896268421386083,0.061879531092557,0.0482393316454481,0.3125365967711425,0.2316907352083575
120,120.0,0.0528464232038525,0.0564323682390641,0.0459777402961097,0.1897243004104034,0.061750294226207,0.0481317738748374,0.3134097278364044,0.2317273719131213
121,121.0,0.0526971653550849,0.0558114523025168,0.0458912736321884,0.1897022555326745,0.0616308404774748,0.0482932663596892,0.3145306458472783,0.2314431004930925
122,122.0,0.0525299270105657,0.0552478070496999,0.0457929826269841,0.1896533074913515,0.0614841899239348,0.0484434867984185,0.3157548197019152,0.2310934793971298
123,123.0,0.0523482322369481,0.0547119666980031,0.0457250774673093,0.1894794579110051,0.0613148556200839,0.0485830305563037,0.3171359454997285,0.2307014340106178
124,124.0,0.0521736278884417,0.054224920396273,0.0456664101633175,0.1892886266223887,0.0611785796810516,0.0484593964297719,0.3185931460198365,0.2304152927989186
125,125.0,0.0519795725106007,0.0537590186274498,0.0455890406130437,0.1890500317776976,0.061015483538623,0.0483159720209885,0.3202498671751763,0.2300410137364197
126,126.0,0.0517499126103185,0.0533562886263234,0.0455285751038821,0.1888358026484078,0.0607478429611686,0.0481326592302256,0.3218001861948104,0.2298487326248629
127,127.0,0.0514896782298016,0.0529629232534436,0.0454682646546978,0.188458281905218,0.0604469114953157,0.047955724708371,0.3235092972582213,0.2297089184949304
128,128.0,0.0512313118329855,0.0526026699316375,0.0454590064282652,0.1880571670752203,0.0601457337071055,0.047778535498074,0.3251366465563051,0.2295889289704065
129,129.0,0.0509948010764318,0.0522966095104387,0.0454645650073578,0.1873501505122994,0.0598628860517035,0.0475883109027087,0.326943992106992,0.2294986848320676
130,130.0,0.0507636814207991,0.0519906739691943,0.0454675973014225,0.1866684295229795,0.0596358609953713,0.0473472865740827,0.3286839767526469,0.2294424934635029
131,131.0,0.0505375864744692,0.051715258477943,0.0454653162251878,0.1860675906154477,0.0594124773486906,0.0471109333139596,0.3303146551605568,0.2293761823837446
132,132.0,0.0503080780917014,0.0514249735638051,0.0454488052213138,0.1854808335483968,0.0591844759925508,0.0468710930302505,0.3317999493990722,0.2294817911529086
133,133.0,0.050091694002373,0.0511715679661395,0.0454318534506273,0.184766857243863,0.0589264185235525,0.0466442590576425,0.3333018758572629,0.2296654738985387
134,134.0,0.0499337685263302,0.050949772205365,0.0454128418973493,0.1841399114476042,0.0586799989114841,0.0463628765869998,0.3346466442703104,0.2298741861545566
135,135.0,0.049786047693227,0.050756928122566,0.0453921102826793,0.1835303466675866,0.0584436792221809,0.0460915698739786,0.3360797948182609,0.2299195233195203
136,136.0,0.0496494823635907,0.0505935041026175,0.0453694489682112,0.182939749001453,0.0581882297421972,0.0458332301977137,0.3375009608732787,0.2299253947509376
137,137.0,0.0495267633735086,0.0504268868148051,0.0453494748042809,0.1824910165050444,0.0579464418946159,0.0455900479924308,0.3387501575517498,0.229919211063564
138,138.0,0.0493684714715461,0.0502841960870549,0.0453282122033552,0.1820240471550895,0.0577589857794192,0.0453888204419501,0.3398982771652659,0.2299489896963187
139,139.0,0.049378055245398,0.0501555510661174,0.0452962739716985,0.181611319665495,0.0575746385330033,0.0451927263927987,0.340836201196055,0.2299552339294336
140,140.0,0.049388936992892,0.0500489854696609,0.0452128247039571,0.1812400005283103,0.0575618422235665,0.0449827663491441,0.3416611679467365,0.229903475785732
141,141.0,0.0494943473851781,0.0501058485214397,0.0452697334807291,0.181091483808928,0.0576441526029361,0.0449230814977806,0.3423489910068418,0.2291223616961662
142,142.0,0.0496040441674417,0.0501770557275453,0.0453215852389316,0.1809523767290685,0.0577363936687042,0.0448762623856581,0.3429463642253929,0.2283859178572572
143,143.0,0.0497178258138675,0.0502621013080604,0.0453695492892384,0.1807958362870607,0.0578049328610649,0.0448428719454111,0.3435220547403623,0.2276848277549343
144,144.0,0.0498002954537351,0.0503259486373548,0.0453488885002105,0.1806980688481948,0.0581485180669813,0.0447855337574394,0.3439934496784554,0.2268992970576281
145,145.0,0.0498843077717486,0.0503484388982748,0.0453276461751488,0.1806249567860885,0.0584939908468509,0.0447392865700026,0.3444041243644175,0.2261772485874679
146,146.0,0.049931578721418,0.050673987327561,0.0452676596413318,0.1803940983474877,0.058764896931751,0.0446669643709823,0.3448270433768658,0.2254737712826021
147,147.0,0.0499782116419866,0.0510043091932184,0.0451748239211874,0.1801925014232548,0.0586979280283768,0.0446047284894472,0.3455345232629055,0.2248129740396229
148,148.0,0.0499941600119833,0.0513059335659262,0.0450027047096652,0.1799901196598447,0.0585978973294141,0.0445225935073336,0.3461089629686138,0.2244776282472187
149,149.0,0.0499833685846167,0.0515803512373168,0.045084984359121,0.1797519471282494,0.0584371438029327,0.0444250977238014,0.3465866114056477,0.2241504957583138
150,150.0,0.0499682781311445,0.0518459231586109,0.0451657607006598,0.1795568418905564,0.058273032676262,0.0443332249539026,0.3469874740036578,0.2238694644852055
151,151.0,0.0498330439284906,0.052094482771993,0.0452872522283233,0.1793732950646719,0.0579897598472548,0.0442382023630901,0.3474528461673314,0.2237311176288446
152,152.0,0.0498524585432503,0.0528452379003227,0.0455053500351573,0.1791120017553454,0.0578462944357055,0.04427773205903,0.3468179916751583,0.2237429335960301
153,153.0,0.0498560023063119,0.0535629957892546,0.0457040966536368,0.1788896326123724,0.0576931560995446,0.0443101416969389,0.3460306034989636,0.2239533713429769
154,154.0,0.0498562006301393,0.0542254290944264,0.0458951991441505,0.1786837690586281,0.0575424656562036,0.0443454256414882,0.345249731882273,0.2242017788926905
155,155.0,0.049854406546178,0.0548096717277889,0.0460786369009547,0.1785840805806996,0.057396510795892,0.0443839538847331,0.3441870404205177,0.2247056991432357
156,156.0,0.0498482946262837,0.05531921412022,0.0462501716674388,0.1785615901500854,0.0574923305259636,0.0444239274091514,0.3427846260706186,0.2253198454302382
157,157.0,0.0498153904131703,0.055769980691033,0.0463217038021165,0.1785244078756754,0.0575471484547457,0.0444419287713158,0.3416750185922459,0.2259044213996971
158,158.0,0.0498182787180486,0.0562601136513882,0.046420123481509,0.178518569294374,0.057308942344756,0.0444978118244102,0.3406425315480392,0.2265336291374745
159,159.0,0.0498485000800631,0.0567425432686353,0.0465369299807188,0.177868265742527,0.0571045688873395,0.0445823311380516,0.33987393589762,0.2274429250050447
160,160.0,0.0498727145259508,0.0571828647920748,0.0466381451351724,0.1772002434132242,0.0569037875275881,0.0447133124169658,0.3391913131383499,0.2282976190506738
161,161.0,0.0499031518557918,0.0575920200792084,0.0467143938665078,0.176637405394318,0.0567205160742698,0.0448202375383148,0.3386109356070055,0.2290013395845838
162,162.0,0.0499310418374676,0.057961534619057,0.0467807163927352,0.1760943078811199,0.0565453260225255,0.0449232449916394,0.33808453958298,0.2296792886724752
163,163.0,0.050030284776898,0.0583210937491546,0.0466074372804517,0.1757075457910335,0.0561952976675442,0.0450942030403632,0.3377033094964806,0.2303408281980739
164,164.0,0.050104564507004,0.0586210159399398,0.0464081250886057,0.1750367496570596,0.0558360361388604,0.0452390045016175,0.3376050210940275,0.231149483072885
165,165.0,0.0505370480129891,0.0585054718216659,0.0461984352508484,0.1744029036372246,0.0554829045239217,0.0453711028671554,0.3375769905791106,0.231925143307084
166,166.0,0.0509538969430121,0.058350203073965,0.0462377968240831,0.1738239206983212,0.055137193112336,0.0454889363051939,0.3375977218054918,0.2324103312375967
167,167.0,0.0518026105909199,0.0582399689611741,0.0462998789045034,0.1730759427493692,0.0548787414779167,0.0456737496531361,0.3369136818504911,0.2331154258124892
168,168.0,0.0526308546515977,0.0581030396214224,0.0463583162144969,0.1724048723409683,0.0545944150946491,0.0458481192962903,0.3363223294262205,0.2337380533543546
169,169.0,0.0534327316868126,0.0579437313318646,0.0461752457394657,0.1717484449136814,0.05432845137264,0.0460116946941826,0.3358078562077276,0.2345518440536253
170,170.0,0.0541873660573134,0.0577020126600382,0.0459755534934358,0.171095464334333,0.0540634654000302,0.0461457149456049,0.3354284870287985,0.2354019360804457
171,171.0,0.0549568129777008,0.0574968386251762,0.0458278866046408,0.1704986761027636,0.0540776761462526,0.0463198431092563,0.334851130672456,0.2359711357617535
172,172.0,0.0556736110874829,0.057268461758488,0.0456695476209495,0.1699076258076424,0.0540853854609847,0.0464688162364597,0.3343374899579704,0.2365890620700222
173,173.0,0.0563387086115311,0.0569798972198089,0.0455038586368998,0.1692994024920557,0.0540469040139466,0.0467816564371588,0.334013710979038,0.2370358616095609
174,174.0,0.0569442079643757,0.0566750194630587,0.0455072861086855,0.1688082338208317,0.054000034427941,0.0470558649878085,0.3337108797951944,0.2372984734321043
175,175.0,0.0575008587570215,0.056367799062627,0.0455139425019076,0.1683907757370249,0.0539652067139307,0.0473121404978841,0.3334318644831995,0.2375174122464045
176,176.0,0.0579355355053027,0.056026080697165,0.0454881363827183,0.1678558957508173,0.0539061633381831,0.0478482726085675,0.3332967675993131,0.2376431481179328
177,177.0,0.0584087234012203,0.0557125551322444,0.0454614759694293,0.1674116025572797,0.0538558090736654,0.0483606976758735,0.3332299538047691,0.2375591823855181
178,178.0,0.0588281920806071,0.0554380719968128,0.0454330816907083,0.1670128155696105,0.0538104273649009,0.0488412790957208,0.3335335256604861,0.2371026065411532
179,179.0,0.0591690378136945,0.0551670747604147,0.045402708878728,0.1666537744014179,0.0537689517325031,0.0492872101539778,0.3339258693085045,0.2366253729507592
180,180.0,0.0592698138107103,0.0548892510170376,0.0451825194230211,0.1665318971354609,0.0537281301047022,0.0496940611380663,0.3345181125178743,0.236186214853127
181,181.0,0.0593146636244957,0.0546112974836097,0.0449549563234258,0.1664387202219361,0.0533026619532504,0.050046242276971,0.3355795327844051,0.2357519253319061
182,182.0,0.0593232348969669,0.054323568926766,0.0449663248582347,0.1663285348832275,0.0528647356358287,0.0503439382224879,0.3365610935158172,0.2352885690606707
183,183.0,0.0592921320943592,0.0540423497198992,0.0449079275476502,0.1662684814271254,0.0527981593813053,0.0505563174227591,0.3374496251871408,0.2346850072197604
184,184.0,0.0592299217187545,0.0537778089499788,0.0448557627298396,0.1660956333810898,0.0527456531027774,0.0507393835153325,0.3384655751754732,0.2340902614267538
185,185.0,0.0591482300356019,0.0534983427505499,0.0448171320120186,0.1661113598863395,0.0525392798694116,0.0509115088963454,0.3395428774496296,0.2334312691001031
186,186.0,0.0590067562052256,0.0532018928894248,0.0447730993071769,0.1661661697513653,0.0523765769577332,0.0510084109413059,0.3406370625386707,0.2328300314090974
187,187.0,0.0588407105591625,0.0529582888291539,0.0447312126420344,0.1662107846032854,0.0522221697620467,0.0510747091100342,0.341704222688883,0.2322579018053994
188,188.0,0.0586533802426035,0.0527036867418829,0.0446909510122509,0.1664859321605049,0.0520758048903733,0.0507790779274711,0.3427366020801686,0.2318745649447442
189,189.0,0.058735510485953,0.0524194728957246,0.0446064845821321,0.1667107658262681,0.0518552861968509,0.0505717417304053,0.343690834413844,0.2314099038688216
190,190.0,0.0587928806779408,0.0521450067480761,0.0445167618414252,0.1670426187812259,0.0516370540749928,0.0503214743410845,0.3446374816495168,0.2309067218857374
191,191.0,0.0584578943862932,0.0518837178150658,0.0444242115686525,0.1673484049440059,0.0514243764179772,0.0500362755470411,0.3457064170876569,0.2307187022333068
192,192.0,0.0580694887433544,0.051598355760253,0.0442923215617502,0.167934514115849,0.0511817682665316,0.0496852559724423,0.3466655255980322,0.2305727699817867
193,193.0,0.0577956407045103,0.0513850630752915,0.0440390384261608,0.1685246198208006,0.0510586407250611,0.0494335578697101,0.3473029332403726,0.2304605061380923
194,194.0,0.0575180262100077,0.0511916966410797,0.0437915436396222,0.1692657059540304,0.0509248583308454,0.0490328442147689,0.3479035143987544,0.2303718106108906
195,195.0,0.0572263591359716,0.0509808167493949,0.0435154129532018,0.169901097472831,0.0507665182756275,0.0485895944430542,0.348660934205649,0.2303592667642693
196,196.0,0.0569331095094254,0.0507848010044577,0.0432456870405026,0.1704692063534139,0.0506174199205312,0.0481416277654993,0.3493821811919584,0.2304259672142108
197,197.0,0.0565842609202185,0.0506054790460102,0.0429876917210761,0.1709145215904596,0.05047796754999,0.0476951429843347,0.3500655820225787,0.2306693541653315
198,198.0,0.0563139480943513,0.0501081424601911,0.0427764427775343,0.1714253398504542,0.0507950757365983,0.0472920746605318,0.3507772881658664,0.2305116882544721
199,199.0,0.0560485303814215,0.0496282163986384,0.042573484499,0.1721948647669558,0.051089129358864,0.0468947179735668,0.3512189180617731,0.2303521385597799
200,200.0,0.0563485869900485,0.0498041076619737,0.042669599177589,0.1724237611084369,0.0516332183441451,0.0467982188706668,0.3498472153356995,0.2304752925114399
201,201.0,0.0562602097479838,0.0499976202872857,0.0427527624046957,0.1724925023874821,0.0525205282487234,0.046693143531056,0.3486954001155411,0.2305878332772317
202,202.0,0.0561824117345063,0.0502704141851991,0.0428479193061138,0.1724410602332177,0.0534005290410422,0.0466075991712368,0.3475385717806344,0.2307114945480492
203,203.0,0.0560895077621512,0.0505541273254029,0.0429521678513615,0.1721955866946439,0.0542625706608909,0.046537397878688,0.346517666444891,0.2308909753819701
204,204.0,0.0560152685662144,0.0508910059409683,0.0430731609213139,0.1721441883038576,0.0551108152004828,0.0465066875746748,0.3454289295418077,0.2308299439506801
205,205.0,0.055925129926168,0.0512073011999473,0.0431758216419743,0.1720513263024375,0.0555343284066932,0.0464654973042801,0.3448914829818116,0.2307491122366875
206,206.0,0.0562490998786954,0.0515587379613548,0.0433172179957529,0.171594056087364,0.0559626053907004,0.0464726037085897,0.3444630805517378,0.2303825984258045
207,207.0,0.0565789797970085,0.0518865335606504,0.043461878731099,0.1710638367268197,0.0563626086977602,0.0464928758164327,0.3441381794781287,0.2300151071921002
208,208.0,0.0568751254386652,0.0522078466572511,0.0436066115359201,0.1701116611384812,0.0566956667209275,0.046524253917843,0.3443208630663265,0.2296579715245849
209,209.0,0.057172098174532,0.0525233566763524,0.0437536252978933,0.1692204737580913,0.0569990606492591,0.0465721855813035,0.3445592248770447,0.2291999749855232
210,210.0,0.0574603728261453,0.0528019170532544,0.0438970288420976,0.1682934322728267,0.0572647963248523,0.0466176802102812,0.3448002101011603,0.2288645623693817
211,211.0,0.0580424763883951,0.0533687977391176,0.0443369965216864,0.1674015195231039,0.0577989132516817,0.0469697223383926,0.3428309799822825,0.2292505942553397
212,212.0,0.0585543183837426,0.0541940744877171,0.0446860561619507,0.1664338631098846,0.0582397584358027,0.0472653322536274,0.3410410462829646,0.2295855508843101
213,213.0,0.0590317164883829,0.0549771918377506,0.0450074746292957,0.1655035542912207,0.058627086174472,0.0475406870273746,0.3393919576101169,0.2299203319413862
214,214.0,0.0594755118495623,0.055725915380309,0.0453030687558995,0.164582272913815,0.0589645264114694,0.0477971265366036,0.3379392379967214,0.2302123401556193
215,215.0,0.0598829778939808,0.0564257978351717,0.0455706316651061,0.1638545793896306,0.0592515108897475,0.0480327056249038,0.3364822600573425,0.2304995366441167
216,216.0,0.0602642397131211,0.0567518716862928,0.0458209268197488,0.1631544075796436,0.0594799953723065,0.0481294504749158,0.3351723443921633,0.2312267639618077
217,217.0,0.0606169571727134,0.0570368847856577,0.0460523775460295,0.1625088724355091,0.0596716160733432,0.048214588683017,0.3339450983479141,0.2319536049558157
218,218.0,0.0610155243848937,0.057287320690214,0.0462753100960654,0.1620114217882146,0.0598331463612239,0.0482945994268277,0.3326235330872394,0.2326591441653209
219,219.0,0.0613822704187765,0.0574999756197217,0.0464770049092008,0.1615725747455558,0.0599289984642731,0.0483646445658618,0.3314169428922362,0.2333575883843738
220,220.0,0.0617109068514239,0.0576710569023673,0.0466521303277364,0.1611337202511567,0.0599884545445609,0.0484181305145624,0.3303072128155967,0.2341183877925954
221,221.0,0.0620029770805326,0.0574349099922224,0.0469217471136079,0.1607124761656939,0.0600156784604186,0.0487186671844099,0.3290881681990143,0.2351053758041003
222,222.0,0.0622599730023971,0.0571653102591036,0.0471633054573452,0.1602576163915546,0.0600132177742508,0.04900277981044,0.3280153193521782,0.2361224779527304
223,223.0,0.0624869989388379,0.056872372635809,0.0473851433484336,0.1602428962806209,0.0599882492479441,0.0492747103778435,0.3266280070852976,0.2371216220852131
224,224.0,0.0626912003703552,0.0565759226225754,0.0475930709206222,0.1602220585591793,0.0599492612809847,0.0495382871015472,0.3252927193971773,0.2381374797475584
225,225.0,0.0628401977095088,0.0562394009243976,0.0477540200818125,0.1601491967732909,0.0598697960771418,0.0497111607796308,0.3240919492486243,0.2393442784055931
226,226.0,0.0629327977485709,0.0558672465297152,0.0478654752783784,0.1600618740086935,0.0597460467518668,0.0498383958573029,0.323052464771985,0.2406356990534873
227,227.0,0.0629762120039058,0.0554692161325032,0.0479340436763828,0.1599861008243587,0.0598423399248421,0.0499258637306167,0.3221805326693351,0.2416856910380554
228,228.0,0.0629955623559973,0.0550747971449932,0.0483548214730237,0.1598495906171358,0.0599257477636281,0.0499971243683153,0.3215097109806534,0.2422926452962531
229,229.0,0.0629745644547079,0.0547251840300154,0.0485846514470551,0.1595324675421924,0.059939028224923,0.0500345440768628,0.3210517818509075,0.2431577783733358
230,230.0,0.0629306971586411,0.0543790293218947,0.0487901764537064,0.1592580050901681,0.0599383143096353,0.0500548226817941,0.3207092891136295,0.2439396658705307
231,231.0,0.0628378832848899,0.0540395903615837,0.0489720132916745,0.1590103120375435,0.059925695810066,0.0500596524599804,0.3204760405238711,0.2446788122303907
232,232.0,0.0628147192588672,0.0537963543738867,0.0492172196121651,0.1586242193230749,0.0600190136213291,0.049940268073195,0.3202118222492129,0.2453763834882689
233,233.0,0.0627567669175544,0.05358123253813,0.0494193381078323,0.1584767512358512,0.0600812921819424,0.0497889762289136,0.3199475890702573,0.2459480537195186
234,234.0,0.0626318905791123,0.0536574690476613,0.0495447360475685,0.1584859476402945,0.0600781511514632,0.0495148083328545,0.3196326316065242,0.2464543655945211
235,235.0,0.0624822771432739,0.0540997594477822,0.0496341338554813,0.1586712813916493,0.060050805223408,0.0492205491634277,0.318967401656454,0.2468737921185234
236,236.0,0.0624518482682512,0.0546723050180027,0.0498298472836864,0.1589082345646218,0.0598850865888,0.0490511742056617,0.3186781716604275,0.2465233324105483
237,237.0,0.0624387009449033,0.0552653856847746,0.0496348505591909,0.1594328200280123,0.0597365227127504,0.0489043548214766,0.3185557525840015,0.2460316126648901
238,238.0,0.0624177438025701,0.0558493620894228,0.049422695738891,0.1600071518466158,0.0595635520254142,0.0487576749695863,0.3184712840640017,0.2455105354634978
239,239.0,0.0623912569598016,0.0564204218013932,0.0491977998813522,0.1605735757510593,0.0593884458099968,0.0486129493636531,0.3184614750523902,0.2449540753803533
240,240.0,0.0623226270849628,0.0569366931144175,0.0489263095704449,0.1613699358237647,0.059175297659057,0.0484339414316071,0.3184970832177222,0.2443381120980235
241,241.0,0.0622553346853997,0.0574372126735869,0.0486548940045664,0.1618899498519781,0.0589696906325453,0.0482655650760552,0.3187496044314535,0.2437777486444145
242,242.0,0.0621934049248207,0.0580224280126302,0.0483888258317101,0.1623667237918118,0.0587754448194652,0.0481300997677794,0.3188664586908863,0.2432566141608959
243,243.0,0.062128637484806,0.058579482792473,0.0481225873270593,0.1628028998083739,0.0585858839417827,0.0483512307955354,0.3187421715100716,0.2426871063398976
244,244.0,0.0620861664742162,0.0591296860772011,0.0478834960083303,0.1630607197953255,0.0584270441054032,0.048600656737209,0.3189043862913565,0.2419078445109577
245,245.0,0.0620197657363441,0.0596247287160352,0.0476268909847862,0.163142876597912,0.0584748625541992,0.0488286975574031,0.3190608841864532,0.2412212936668667
246,246.0,0.0619377642701327,0.0600727886334181,0.0473615332342533,0.163091875726511,0.0584986876947061,0.0490396359212722,0.3194370162881558,0.2405606982315503
247,247.0,0.0618503241220301,0.0604783593991957,0.0470991405603918,0.1630116388299519,0.0585210999563288,0.0492402297278778,0.3197622213292501,0.2400369860749732
248,248.0,0.0615048759465438,0.0612913958076794,0.0469212318156462,0.1623251376538756,0.0582883120805168,0.0495094156427469,0.3201716941096461,0.2399879369433446
