,Unnamed: 0,Total_iterations,Intertwine_two,Invert_path_vertices,Insert_inside_vertex,Delete_inside_vertex,Replace_inside_vertex,Donate_between_routes,Trim_one_terminal_cb,Grow_one_terminal_cb
0,0.0,0.0,0.125,0.125,0.125,0.125,0.125,0.125,0.125,0.125
1,1.0,0.10900000000000001,0.12471740740740742,0.12471740740740742,0.12431370370370372,0.12548444444444445,0.12431370370370372,0.12431370370370372,0.1258477777777778,0.12629185185185185
2,2.0,0.31601,0.12371754141414143,0.12364578215488217,0.12298694882154884,0.1265797835016835,0.12391750437710439,0.12332259696969698,0.12729076801346806,0.12853907474747475
3,3.0,0.6191589000000001,0.12247120109632409,0.12299542479811866,0.121423263876011,0.12795569891113887,0.12361585269374156,0.12209156165187963,0.1289681873189976,0.13047880965378875
4,4.0,1.015801321,0.12088244730556302,0.12200175916405341,0.11956362247030264,0.13082545521260003,0.12294239497348333,0.12048681394074819,0.13066391546545092,0.13263359146779866
5,5.0,1.50262148669,0.11948689278435003,0.1207949364256969,0.11754039574157095,0.13399895072613768,0.12205322677262016,0.11871021937299815,0.13307074080190362,0.13434463737472271
6,6.0,2.0757334209441005,0.117896975718745,0.11941924073176202,0.11571168076091184,0.13674542485675711,0.12063456617697654,0.11678490151814182,0.1359308368933428,0.1368763733433631
7,7.0,2.7307768275633495,0.11624801713721224,0.11763791181331851,0.11410719778195329,0.13945906111798403,0.11910196990161159,0.11481163815347412,0.1391782183794943,0.13945598571495216
8,8.0,3.4630081252450404,0.11443473709846234,0.1154060034792144,0.11235656348925484,0.14255684960285567,0.1176420389774109,0.1127242213192043,0.14223120841853598,0.1426483776150618
9,9.0,4.2673862119061114,0.11247648028143858,0.11302359615273769,0.11043951503620011,0.1455688595512555,0.11599677049390347,0.1105053557617896,0.1459178341088559,0.14607158861381944
10,10.0,5.138652627782014,0.11047762846762768,0.1106009027314527,0.10846484466255904,0.14819425504121658,0.11456672156035122,0.10826168438335354,0.14950218730224912,0.14993177585119044
11,11.0,6.071405875792507,0.10845264075138068,0.10815661884927281,0.10667187310716394,0.15066795460866095,0.11283040371716085,0.10600853555631688,0.1532464983968333,0.15396547501321087
12,12.0,7.060169740244025,0.10629320520473787,0.10562057105301725,0.10478646900219947,0.15304158195885165,0.11112836959631077,0.1039136760814072,0.15713199939949368,0.1580841277039824
13,13.0,8.099455520847952,0.10413062088820046,0.10309230613405136,0.10286613546460277,0.15502599818298463,0.1093740286423282,0.10183097587389642,0.16166729955114567,0.16201263526279072
14,14.0,9.183818168183006,0.1019788562582622,0.10058762519602266,0.10093959303913794,0.15705546516688793,0.10759995146533177,0.09977061095386429,0.1662348342867333,0.16583306363376016
15,15.0,10.307906369102724,0.09983677245945848,0.09844796035151085,0.09909489709548597,0.15847354193320398,0.10553466189843892,0.09776699378739452,0.17061688526309537,0.17022828721141217
16,16.0,11.466506686239443,0.09769272367537025,0.09632912734596522,0.0971719183247354,0.1600816372225254,0.10347553328608564,0.09580407600646362,0.17532120132587697,0.17412378281297775
17,17.0,12.654581904800096,0.09556307121905398,0.0942013097858164,0.09496998401725185,0.16150822089150213,0.1013339110433856,0.09382441604500898,0.18059217122656207,0.17800691577141922
18,18.0,13.867303782456686,0.09343588542968388,0.09212371840791374,0.0928037367617793,0.16288525168114065,0.09920787887142672,0.0918868114406061,0.18623698524205806,0.18141973216539173
19,19.0,15.100080434523047,0.09158347592698972,0.09035570581857429,0.09089031525076122,0.1643514506658201,0.09732543530735449,0.09020374091510484,0.19110709982967888,0.1841827762857166
20,20.0,16.348578617037543,0.08970878948762252,0.08864964080026479,0.08898800271448941,0.16597459700339376,0.09537342264707256,0.08853582376559106,0.19633615218239386,0.18643357139917213
21,21.0,17.608741195130214,0.08791362907214388,0.08699215961642925,0.08716309679678591,0.16758582870915156,0.093638377762164,0.08694475240028307,0.20117825329040268,0.18858390235263972
22,22.0,18.876800103462312,0.08619051077106747,0.08541010447985856,0.08537074419583987,0.169092909160764,0.09194986919790958,0.0854212700431611,0.20590127875057973,0.19066331340081974
23,23.0,20.14928511992658,0.08457469811495831,0.08414532322951973,0.08344684533597513,0.1707979952704134,0.09034108264789271,0.08396285729191427,0.21013641715848128,0.19259478095084523
24,24.0,21.423028783545156,0.08306364798968757,0.0829832656130998,0.08161621998088585,0.17227659775412435,0.08881077421110775,0.08260222933292653,0.21436424018816252,0.19428302493000565
25,25.0,22.695167792966423,0.08166748057876592,0.08206159015147271,0.07985437555806583,0.1738632352265499,0.08737325026566493,0.08138566226749505,0.21819849771780447,0.1955959082341812
26,26.0,23.963141223515898,0.0803854993328528,0.0812449447972757,0.07817884055244795,0.17541671670789463,0.08585573426177574,0.08027371699387334,0.22165237247303501,0.1969921748808448
27,27.0,25.224685898775267,0.0791703903398702,0.08048233286694445,0.07660867373798522,0.17676029546263533,0.08421634117620495,0.0792560502085807,0.22490978737010708,0.19859612883767203
28,28.0,26.477829247520948,0.07782779021780944,0.07956313849890251,0.07536612408251891,0.1782318728395651,0.08253102911226637,0.07835587206497595,0.22825977034255773,0.19986440284140397
29,29.0,27.720879968916847,0.076574724929218,0.07931202284037822,0.074215899745378,0.17978969998911257,0.08092874186693023,0.07753123377260585,0.23072910128184485,0.20091857557453227
30,30.0,28.95241681848399,0.0753902864826954,0.07870629593492166,0.07312785647198942,0.18149326977119007,0.07989989721302605,0.07676455057812381,0.23251725161443043,0.20210059193362306
31,31.0,30.17127581490958,0.07431688381120918,0.07816467863081294,0.07215832500923418,0.18240304140746802,0.07935146874425306,0.07608953382758171,0.234174178525935,0.20334189004350578
32,32.0,31.376536153543515,0.07340592744804701,0.0779200318463519,0.07132640454422788,0.1834605322539556,0.07876313060981267,0.07555554712816742,0.23482294509673374,0.20474548107270368
33,33.0,32.567505096778625,0.07256024839486327,0.0775949241503402,0.07051943608859973,0.18459537810710813,0.0782145681769951,0.07495589406358766,0.23545929692841125,0.20610025409009458
34,34.0,33.74370209472243,0.07181300033911389,0.07731492352497896,0.06979991394773077,0.18584092634308744,0.0777404681210039,0.07391865132843299,0.23641446428465857,0.20715765211099338
35,35.0,34.90484237192463,0.07112139374111418,0.07717370324488007,0.0691754571146362,0.18698291785169122,0.07735093170031151,0.07292040675654791,0.23728543362240878,0.20798975596841004
36,36.0,36.05082019768737,0.07052515428958998,0.07686683623435348,0.0687483666266201,0.18818544435725554,0.07689003658130117,0.07210363074355132,0.23868701936884673,0.2079935117984816
37,37.0,37.18169203889697,0.06967621531488491,0.07659219255668491,0.06843943104999023,0.18932058453110973,0.07649056943548596,0.07135188862262463,0.24017174310554062,0.20795737538367887
38,38.0,38.29765977559663,0.06887698691953985,0.07632216122710006,0.06815773224292447,0.1902885968765295,0.07611470422198668,0.07063468255506081,0.24150751357007808,0.2080976223867804
39,39.0,39.399054140870355,0.06813497026679774,0.07575993991011395,0.06811680954302103,0.19200554614072135,0.0757650628710469,0.06996046982948817,0.24202145981347334,0.20823574162533737
40,40.0,40.48631852820801,0.06746181883565269,0.07504175685225675,0.06811430742026604,0.19334482555702553,0.07582301949406528,0.06901258789663049,0.2427819958098742,0.20841968813422887
41,41.0,41.55999329152982,0.06680361914765146,0.07429814826096308,0.06817634823724708,0.19443738210221392,0.07582377474393093,0.06803183606698522,0.24404558346877267,0.2083833079722355
42,42.0,42.62070064560415,0.06618188158597967,0.07355649141213566,0.06819435855295039,0.19536361278927875,0.07582425711563745,0.06708168648189476,0.24529125268536292,0.20850645937676024
43,43.0,43.669130257815,0.06559661591486494,0.07277721946471255,0.06833505400446929,0.1961644703770036,0.07577994415187841,0.06627677362359155,0.2466543575406046,0.20841556492287486
44,44.0,44.70602560622662,0.06504324545426858,0.07199993667881885,0.06847339714408013,0.19689718624743158,0.07569125574438351,0.06550412655975087,0.24819748796196173,0.20819336420930457
45,45.0,45.73217116373481,0.06453125273066203,0.07123561214097764,0.06846890370528641,0.19743833087003326,0.07556670431530271,0.06479523773486055,0.24995655410484632,0.2080074043980309
46,46.0,46.748380453854836,0.06404109847213199,0.07047078438596022,0.06843374492486402,0.19786240378775846,0.0754213639693387,0.06414959996971217,0.2519978977626024,0.20762310672763182
47,47.0,47.755485010424316,0.06356862789787669,0.06982825712466739,0.06836321189593142,0.19810248903107452,0.07521062881204296,0.06352410209301382,0.25418865151817155,0.2072140316272214
48,48.0,48.7543242612326,0.06312412824656895,0.06931633627087178,0.06826808295871827,0.19823523026621467,0.07498717717224157,0.0629351459259276,0.2563724118720426,0.20676148728741428
49,49.0,49.745736344347726,0.06270661550501401,0.0688470276656735,0.06812146781432706,0.19838553560299646,0.07475395567775904,0.062377041623956755,0.25834946232054834,0.20645889378972462
50,50.0,50.730549855707864,0.0622374233495113,0.06838709990315014,0.06796541714527124,0.1984594906936883,0.07447567011187738,0.061951490552567615,0.2602916344313426,0.20623177381259117
51,51.0,51.70957651737491,0.061906150166864744,0.0681731871200257,0.06779968816010506,0.19862048849368294,0.07430877844072864,0.06167016983485046,0.2619151503862302,0.20560638739751202
52,52.0,52.68360474770151,0.06152963900763768,0.06768385277781178,0.0677329481747731,0.19894874107124205,0.07451330578879553,0.06133433257709947,0.26341949426258926,0.20483768634005095
53,53.0,53.65339410751842,0.06117867905104122,0.06720538588155202,0.06765354347772452,0.19937126113789044,0.07471000897238099,0.061023249835787365,0.26479794100586707,0.20405993063775618
54,54.0,54.61967059027847,0.06085894503490529,0.06674385389839099,0.06756850377451934,0.19976401664335272,0.07478051253586013,0.06074390672481526,0.2660675663055099,0.20347269508264623
55,55.0,55.58312271885972,0.06052357759370672,0.06643505089796817,0.06747189151732684,0.1998522168338129,0.07520773740868865,0.06048893253862613,0.26722740474675866,0.20279318846311178
56,56.0,56.544398407394254,0.06018835592635229,0.06601867946488126,0.0673433158309348,0.1996798116073688,0.0758898787843962,0.06012933237617302,0.26837158320420706,0.20237904280568644
57,57.0,57.504102543001395,0.05988791420586075,0.0656372721429724,0.06726183134149977,0.19940592171059068,0.07652127674473878,0.05980986109949458,0.2693760616371489,0.20209986111769404
58,58.0,58.462795239617805,0.0596114828235496,0.06528157279277254,0.06713401444021246,0.19891504037980445,0.07708572764111357,0.059516053742182856,0.270571420076404,0.20188468810396037
59,59.0,59.42099071417639,0.05935463138852401,0.06494339042297004,0.06698902910423234,0.1983675264639212,0.07761392942015628,0.05924296008110797,0.27168365312537807,0.20180487999370997
60,60.0,60.379156734137354,0.05909410175203525,0.06445911822597544,0.06686133467655982,0.1977948780790076,0.0777891126229487,0.05896944978050507,0.2728423152176934,0.20218968964527456
61,61.0,61.337714584760846,0.05885255811439067,0.06398930376890308,0.06671726310963028,0.19726369543454478,0.07792534511713248,0.058718944777229505,0.2740431593818429,0.20248973029632616
62,62.0,62.29703950447439,0.05862173834839426,0.06362980136931916,0.06659557748161626,0.19667305438182586,0.07801619307710203,0.05843469878670468,0.2752223912350585,0.20280654531997916
63,63.0,63.257461537171835,0.0584092670932741,0.06328211625858535,0.06646482275072679,0.19621364285766946,0.07811264459004938,0.05816804637491471,0.276275155656546,0.20307430441823413
64,64.0,64.21926675122782,0.05821506887831366,0.06299346060394975,0.06666259591876451,0.1957136633339762,0.07784352056787955,0.05786735546161367,0.27742404092378703,0.2032802943117155
65,65.0,65.18269877636592,0.05803727730457093,0.06251674425591795,0.06690237175003334,0.19539610921991862,0.077470998244117,0.05758553626479689,0.2785826642117079,0.20350829874893717
66,66.0,66.14796061122655,0.05799714914770579,0.06254343303038565,0.06666079659600503,0.1952149123387428,0.07701032916427743,0.05735324297784296,0.27918198132738625,0.2040381554176539
67,67.0,67.11521665648885,0.05791656779335627,0.06249254190952681,0.06634564667783216,0.19495346395473717,0.07655110677273086,0.057083811375519294,0.27975984795619335,0.20489701356010398
68,68.0,68.08459493066005,0.05780728370966325,0.06249990350823263,0.06610249313592333,0.19459982840709616,0.07612154808935498,0.05677250522064123,0.28044770327290325,0.20564873465618505
69,69.0,69.05618942810752,0.0576701562066623,0.0624415266131673,0.06556405948031942,0.1941665415593592,0.0756421819322336,0.05677222878084452,0.2814497180984961,0.2062935873289175
70,70.0,70.03006258152917,0.05754555756113957,0.06239205265025311,0.06487266711136006,0.1938032302198721,0.07512367173539851,0.05675274967753558,0.2825167221019099,0.20699334894253105
71,71.0,71.00624779379335,0.057450239634518833,0.06233810345416234,0.06417076960820634,0.19348496129923082,0.0745535686508457,0.056734668541925576,0.28363851370597293,0.20762917510513737
72,72.0,71.98475200689319,0.05734911611804072,0.062275532458892294,0.0634622549985768,0.1931233121098017,0.0739736158434941,0.05671425536137214,0.28455603192113094,0.20854588118869125
73,73.0,72.96555827861411,0.05725402808554639,0.06214138417592609,0.06272366345637805,0.19280109721385544,0.07340380093601102,0.05670430997561946,0.2854865689958613,0.20948514716080224
74,74.0,73.94862834037681,0.05715898229977709,0.06200497845324519,0.06199835979802729,0.1924373367885556,0.07290836614803475,0.056757315088617956,0.28679392466075404,0.20994073676298808
75,75.0,74.93390511255946,0.05706966925235188,0.0618746006595466,0.061299394484727876,0.19200881090800387,0.07242721816661336,0.056815549533688225,0.28811776851507576,0.21038698847999246
76,76.0,75.92131515639825,0.05687881391593891,0.061680363706158335,0.06051272114171355,0.1916268162265974,0.07191901479889426,0.05677008829090709,0.28962637149628534,0.21098581042350512
77,77.0,76.91077104428919,0.05665876766949038,0.06140909447648798,0.05964648395491188,0.19146513355966052,0.07132876999841392,0.0566643839129915,0.29105851683892636,0.2117688495891175
78,78.0,77.90217363294813,0.056458352112424344,0.0611116689452645,0.05878967319029078,0.19132610843666473,0.07108232926530787,0.05655306805402428,0.2924005055663625,0.21227829442966112
79,79.0,78.89541422641172,0.05623589604448532,0.06075303120807647,0.05794557039176447,0.19123299262509166,0.07074349221521686,0.05641443633342286,0.2937062257379319,0.21296835544401055
80,80.0,79.89037661826481,0.05605761747358653,0.060369702102571754,0.057061841160719155,0.19110097443127028,0.07037204934935112,0.056244405580934735,0.2949136744903028,0.2138797354112637
81,81.0,80.88693900474995,0.05588634489240516,0.060336129298786095,0.05622021246609722,0.19100081492326454,0.06957921231974909,0.05608211315319137,0.2961193921792105,0.21477578076729612
82,82.0,81.88497576253909,0.055786295781347806,0.060312310705147296,0.05546917696847332,0.19099738453899615,0.06877391464046337,0.055921910808844934,0.29716294761223494,0.21557605894449228
83,83.0,82.88435908692391,0.05567688689877844,0.060247232964692005,0.05474862083789112,0.19099909108014076,0.06796686335467549,0.055748262568670603,0.2981414640734674,0.21647157822168428
84,84.0,83.88496048800103,0.055539103796975284,0.060158093744567334,0.05404037307582683,0.1911675459643477,0.06716267704549442,0.05546610923934753,0.29930858909538577,0.21715750803805525
85,85.0,84.88665214409042,0.05535646283228597,0.06004146149957419,0.05340356858599601,0.19131473046671138,0.06640449730625697,0.055200185662966084,0.3003837986952445,0.21789529495096502
86,86.0,85.88930811312994,0.05514801116429252,0.05996904436869076,0.05278348186553556,0.19147237816605348,0.06565811491708476,0.0549420100332804,0.3014305684896676,0.21859639099539505
87,87.0,86.89280540413424,0.05491187338209488,0.059862955441294455,0.05218425442158915,0.19147486670705322,0.06492188003278071,0.05465544798390117,0.30265713163198954,0.21933159039929698
88,88.0,87.89702491199675,0.05464839156496412,0.05970526137188744,0.05163300985497143,0.19148137615213834,0.0642263158444134,0.054372416074389064,0.3038831675116554,0.2200500616255809
89,89.0,88.90185221995306,0.05438578865389507,0.059543526237585805,0.051121900831259184,0.1914069217332029,0.06357301102664589,0.05409138554647853,0.30503259662044613,0.2208448693504866
90,90.0,89.90717827491419,0.05418214964922342,0.05943491436053449,0.05061458699426946,0.19154399343044057,0.06300304823299073,0.053832688170904065,0.3054141864021071,0.2219744327595303
91,91.0,90.91289994163006,0.0539725020704399,0.05952067076733318,0.05014375228975899,0.1916266745898127,0.06245226305884914,0.05352047683408298,0.30577312874883755,0.22299053164088567
92,92.0,91.91892044225806,0.05377014447329897,0.059641541683461405,0.049721140324564136,0.19170279298184909,0.06194643169312662,0.0532173249984784,0.3059986911031417,0.22400193274207975
93,93.0,92.92514968840067,0.053552647302444314,0.059735151149380446,0.04923588760168173,0.1917124389672029,0.06146358453531518,0.05290188140000611,0.3065035825434637,0.2248948265005057
94,94.0,93.93150451304501,0.05334442643202282,0.059837321479938275,0.04866228281926978,0.19201307605633927,0.06081803501928531,0.052598594410599386,0.30685243236741444,0.22587383141513084
95,95.0,94.93790881009448,0.05313321457593441,0.059869503625191695,0.04812298184069537,0.19217585680216023,0.06020655325642975,0.052296465005845616,0.30725645661122414,0.22693896828251894
96,96.0,95.94429358933806,0.05293586539099954,0.05989566946978464,0.04760154910908867,0.19233770287325563,0.05965149425777419,0.05201267848665459,0.30769029534446746,0.22787474506797542
97,97.0,96.9505969547639,0.05274550903040603,0.059911302474754305,0.04707533736452442,0.19251959396824464,0.05919571029221935,0.051741130713162276,0.3081131631543058,0.22869825300238325
98,98.0,97.9567640140995,0.05267971927544164,0.06011270366271816,0.046745939563535205,0.19252487847043298,0.058900965741877226,0.05134365163297139,0.3081282405075538,0.2295639011454697
99,99.0,98.96274672736057,0.052623897937494,0.06030725945092169,0.046460808882725385,0.1924975090540338,0.058618854313113936,0.050965463379921506,0.30815538068558535,0.23037082629620448
100,100.0,99.96850370202192,0.052540126159307976,0.06049239145140718,0.046217349639535325,0.19238716617443263,0.05837901087802559,0.05060682585679868,0.30818131287597245,0.2311958169645203
101,101.0,100.97399994219691,0.05255565873885357,0.061028000834149575,0.04604958961846839,0.19199474624084398,0.05827032447982168,0.05026804032019054,0.30808694149319477,0.23174669827447764
102,102.0,101.97920655893245,0.05255806734794624,0.06174914410405011,0.04590044874055393,0.1915290218325222,0.058177965952692076,0.049931455149429926,0.30798303989979803,0.23217085697300754
103,103.0,102.98410044840509,0.05252724761877008,0.06225521953440554,0.045812416126032415,0.1910490942637533,0.058094860956912436,0.04966302363764337,0.30794697426926004,0.23265116359322285
104,104.0,103.98866394444643,0.05247483840033419,0.06290052108109263,0.04572977636482582,0.19082691289471163,0.05801447776599937,0.0494285346881743,0.3079145879306985,0.23271035087416364
105,105.0,104.99288445143917,0.052431032085611555,0.06341179965223727,0.04564095171850093,0.19061870218709723,0.05796695113452418,0.04922049164898082,0.3079912715439296,0.23271880002911846
106,106.0,105.99675406321822,0.05234414827602578,0.06386378700608929,0.04558648317034694,0.19043596682108915,0.05794756172957666,0.04903718827214055,0.3081057296031996,0.23267913512153204
107,107.0,107.0002691731872,0.052255687504396665,0.06423790051443165,0.04554996408764239,0.19024211284732712,0.05794314963063072,0.0488674656253662,0.3080741518879921,0.2328295679022132
108,108.0,108.0034300804274,0.052167088494893814,0.06420183254971314,0.04547828315737643,0.19002139865432102,0.058323646764935635,0.04876402895868138,0.3080997938681447,0.2329439275519339
109,109.0,109.00624059613932,0.05207502888797812,0.06412662139441568,0.04547041554358826,0.1897750687283056,0.05876360976406067,0.048670876534306996,0.3081660397912076,0.2329523393561371
110,110.0,110.00870765431864,0.051983636774283096,0.06402145954405573,0.0454377472648336,0.18950836176715183,0.059170939751320054,0.04859157031590587,0.30834214417006756,0.23294414041238232
111,111.0,111.01084093013685,0.05216233375672184,0.06326617340192407,0.0454647696612857,0.18927288854766383,0.05962184796714382,0.048569446666224814,0.3085940486864347,0.2330484913126013
112,112.0,112.01265246907188,0.05233851244352887,0.06248975974088089,0.045500501916823394,0.18911588706461926,0.06006365094214254,0.048555936540838306,0.3087960125485898,0.23313973880257702
113,113.0,113.01415632942268,0.05249200658004754,0.06164817630776045,0.04576314745079769,0.18891946705338375,0.0604740459849524,0.048531935624974556,0.30906101602033154,0.23311020497775214
114,114.0,114.01536824044418,0.05259676607409346,0.06086072859756685,0.04598676559761665,0.18890144882845095,0.06090327061323283,0.048491626955549115,0.30931660463728944,0.23294278869620078
115,115.0,115.01630527795908,0.05266737424465604,0.06006353335511953,0.046198979844273694,0.18907387814437826,0.061298997215174775,0.048443137636309544,0.3095811646890415,0.23267293487104668
116,116.0,116.0169855589429,0.05270885253478925,0.05926771213783234,0.046348209409186165,0.1891898551549604,0.061663548662063514,0.048390069731338796,0.3101206273703343,0.23231112499949524
117,117.0,117.01742795623892,0.052787938865688146,0.05853557885505796,0.04630056418927469,0.18934288495430424,0.0620499019913425,0.04838727993356891,0.31070241672375715,0.2318934344870064
118,118.0,118.01765183424293,0.052814974989202616,0.05781871050674724,0.046205410097319835,0.18949064638999413,0.061984689095308,0.0483457304996138,0.3116624674008569,0.23167737102095745
119,119.0,119.01767680610413,0.05281955874089856,0.0571136917920054,0.04609371261098233,0.18962684213860836,0.061879531092557054,0.04823933164544817,0.31253659677114254,0.23169073520835756
120,120.0,120.01752251271817,0.05284642320385253,0.05643236823906413,0.0459777402961097,0.1897243004104034,0.061750294226207,0.0481317738748374,0.3134097278364044,0.23172737191312134
121,121.0,121.01720842354362,0.05269716535508496,0.05581145230251687,0.04589127363218846,0.18970225553267459,0.06163084047747484,0.04829326635968924,0.31453064584727836,0.23144310049309258
122,122.0,122.01675365905109,0.052529927010565795,0.05524780704969997,0.04579298262698416,0.18965330749135154,0.06148418992393481,0.0484434867984185,0.3157548197019152,0.23109347939712985
123,123.0,123.0161768344173,0.052348232236948164,0.054711966698003156,0.045725077467309354,0.1894794579110051,0.06131485562008395,0.04858303055630374,0.3171359454997285,0.23070143401061782
124,124.0,124.01549592390272,0.05217362788844171,0.054224920396273,0.04566641016331752,0.18928862662238877,0.0611785796810516,0.04845939642977197,0.31859314601983657,0.2304152927989186
125,125.0,125.01472814520056,0.05197957251060079,0.05375901862744985,0.045589040613043794,0.1890500317776976,0.061015483538623086,0.04831597202098857,0.3202498671751763,0.23004101373641977
126,126.0,126.01388986291661,0.05174991261031858,0.05335628862632347,0.04552857510388218,0.18883580264840788,0.06074784296116867,0.048132659230225625,0.32180018619481043,0.22984873262486294
127,127.0,127.0129965102319,0.051489678229801605,0.052962923253443664,0.045468264654697804,0.18845828190521804,0.06044691149531576,0.04795572470837106,0.3235092972582213,0.22970891849493047
128,128.0,128.01206252771334,0.05123131183298555,0.05260266993163752,0.04545900642826528,0.1880571670752203,0.0601457337071055,0.047778535498074017,0.3251366465563051,0.2295889289704065
129,129.0,129.0111013181695,0.05099480107643182,0.05229660951043871,0.04546456500735786,0.18735015051229942,0.05986288605170351,0.04758831090270872,0.32694399210699204,0.22949868483206767
130,130.0,130.01012521639834,0.05076368142079917,0.05199067396919432,0.04546759730142256,0.18666842952297955,0.059635860995371374,0.04734728657408279,0.32868397675264693,0.22944249346350298
131,131.0,131.0091454726403,0.05053758647446929,0.051715258477943,0.04546531622518787,0.18606759061544775,0.059412477348690665,0.047110933313959685,0.3303146551605568,0.22937618238374466
132,132.0,132.0081722485317,0.050308078091701486,0.05142497356380512,0.04544880522131384,0.18548083354839687,0.05918447599255089,0.04687109303025058,0.33179994939907226,0.22948179115290868
133,133.0,133.00721462434865,0.05009169400237307,0.05117156796613958,0.04543185345062735,0.184766857243863,0.05892641852355257,0.04664425905764252,0.33330187585726295,0.22966547389853875
134,134.0,134.0062806163404,0.049933768526330274,0.050949772205365,0.04541284189734939,0.1841399114476042,0.05867999891148414,0.04636287658699982,0.3346466442703104,0.22987418615455663
135,135.0,135.00537720296956,0.04978604769322705,0.050756928122566,0.045392110282679345,0.18353034666758664,0.05844367922218093,0.04609156987397861,0.33607979481826095,0.2299195233195203
136,136.0,136.00451035890612,0.04964948236359075,0.050593504102617516,0.045369448968211205,0.18293974900145307,0.058188229742197256,0.045833230197713716,0.3375009608732787,0.22992539475093762
137,137.0,137.00368509565993,0.04952676337350865,0.05042688681480514,0.04534947480428098,0.1824910165050444,0.057946441894615924,0.045590047992430896,0.3387501575517498,0.22991921106356406
138,138.0,138.0029055077818,0.04936847147154615,0.050284196087054915,0.045328212203355256,0.1820240471550895,0.0577589857794192,0.04538882044195017,0.3398982771652659,0.22994898969631877
139,139.0,139.00217482361367,0.049378055245398074,0.05015555106611745,0.04529627397169852,0.18161131966549504,0.05757463853300335,0.045192726392798734,0.34083620119605507,0.22995523392943362
140,140.0,140.0014954596262,0.04938893699289208,0.05004898546966098,0.04521282470395719,0.18124000052831038,0.0575618422235665,0.044982766349144145,0.34166116794673657,0.229903475785732
141,141.0,141.00086907744122,0.04949434738517815,0.05010584852143976,0.04526973348072911,0.18109148380892803,0.057644152602936136,0.044923081497780605,0.34234899100684185,0.2291223616961662
142,142.0,142.0002966427003,0.04960404416744178,0.05017705572754536,0.04532158523893166,0.18095237672906853,0.05773639366870426,0.04487626238565818,0.3429463642253929,0.2283859178572572
143,143.0,142.99977848500652,0.04971782581386753,0.05026210130806043,0.045369549289238434,0.18079583628706072,0.05780493286106491,0.04484287194541113,0.34352205474036235,0.22768482775493437
144,144.0,143.99931435823203,0.04980029545373517,0.050325948637354866,0.04534888850021057,0.1806980688481948,0.05814851806698135,0.04478553375743943,0.34399344967845547,0.22689929705762818
145,145.0,144.99890350055264,0.04988430777174863,0.05034843889827481,0.04532764617514888,0.18062495678608856,0.0584939908468509,0.044739286570002645,0.34440412436441753,0.2261772485874679
146,146.0,145.9985446936357,0.04993157872141808,0.050673987327561065,0.0452676596413318,0.1803940983474877,0.058764896931751,0.04466696437098231,0.3448270433768658,0.2254737712826021
147,147.0,146.99823632047406,0.04997821164198665,0.051004309193218494,0.045174823921187476,0.1801925014232548,0.05869792802837682,0.044604728489447215,0.3455345232629055,0.22481297403962291
148,148.0,147.99797642142389,0.049994160011983355,0.05130593356592625,0.045002704709665206,0.1799901196598447,0.05859789732941413,0.04452259350733365,0.3461089629686138,0.22447762824721876
149,149.0,148.99776274806447,0.049983368584616716,0.051580351237316864,0.045084984359121096,0.17975194712824946,0.0584371438029327,0.04442509772380149,0.3465866114056477,0.22415049575831386
150,150.0,149.99759281456036,0.04996827813114459,0.05184592315861093,0.04516576070065984,0.17955684189055648,0.05827303267626204,0.04433322495390265,0.3469874740036578,0.22386946448520556
151,151.0,150.99746394626104,0.04983304392849065,0.05209448277199301,0.045287252228323395,0.1793732950646719,0.0579897598472548,0.044238202363090194,0.3474528461673314,0.22373111762884462
152,152.0,151.99737332532905,0.04985245854325035,0.05284523790032279,0.045505350035157315,0.17911200175534545,0.05784629443570556,0.04427773205903006,0.3468179916751583,0.22374293359603012
153,153.0,152.99731803323698,0.04985600230631194,0.05356299578925465,0.04570409665363682,0.17888963261237242,0.05769315609954469,0.04431014169693892,0.3460306034989636,0.22395337134297694
154,154.0,153.99729509002177,0.049856200630139375,0.054225429094426444,0.045895199144150536,0.17868376905862812,0.057542465656203697,0.04434542564148828,0.345249731882273,0.22420177889269052
155,155.0,154.99730149022784,0.049854406546178,0.05480967172778892,0.04607863690095474,0.17858408058069963,0.057396510795892024,0.04438395388473319,0.34418704042051773,0.22470569914323577
156,156.0,155.99733423551103,0.04984829462628372,0.055319214120220006,0.04625017166743886,0.1785615901500854,0.05749233052596361,0.04442392740915149,0.34278462607061866,0.22531984543023825
157,157.0,156.99739036391077,0.049815390413170305,0.05576998069103306,0.04632170380211657,0.17852440787567542,0.057547148454745796,0.04444192877131588,0.3416750185922459,0.2259044213996971
158,158.0,157.99746697583146,0.04981827871804868,0.05626011365138825,0.04642012348150902,0.17851856929437407,0.05730894234475607,0.04449781182441029,0.3406425315480392,0.2265336291374745
159,159.0,158.99756125680176,0.049848500080063154,0.05674254326863533,0.0465369299807188,0.177868265742527,0.05710456888733953,0.04458233113805162,0.33987393589762,0.2274429250050447
160,160.0,159.997670497107,0.04987271452595089,0.05718286479207483,0.04663814513517244,0.17720024341322427,0.056903787527588116,0.04471331241696585,0.3391913131383499,0.2282976190506738
161,161.0,160.99779210841066,0.049903151855791805,0.0575920200792084,0.0467143938665078,0.17663740539431805,0.05672051607426981,0.04482023753831489,0.3386109356070055,0.22900133958458382
162,162.0,161.99792363749984,0.04993104183746766,0.05796153461905703,0.04678071639273525,0.1760943078811199,0.05654532602252557,0.0449232449916394,0.33808453958298,0.22967928867247525
163,163.0,162.9980627773051,0.05003028477689805,0.058321093749154666,0.04660743728045177,0.17570754579103354,0.056195297667544275,0.04509420304036321,0.33770330949648064,0.23034082819807392
164,164.0,163.9982073753568,0.050104564507004026,0.05862101593993989,0.04640812508860578,0.17503674965705968,0.055836036138860484,0.045239004501617594,0.33760502109402757,0.23114948307288505
165,165.0,164.99835543984977,0.05053704801298911,0.0585054718216659,0.04619843525084844,0.17440290363722463,0.05548290452392176,0.0453711028671554,0.33757699057911067,0.23192514330708408
166,166.0,165.99850514349492,0.05095389694301216,0.05835020307396504,0.046237796824083174,0.17382392069832123,0.05513719311233603,0.045488936305193926,0.3375977218054918,0.2324103312375967
167,167.0,166.99865482534062,0.05180261059091998,0.05823996896117413,0.046299878904503426,0.17307594274936927,0.05487874147791678,0.04567374965313615,0.33691368185049114,0.2331154258124892
168,168.0,167.99880299074837,0.0526308546515977,0.05810303962142243,0.04635831621449694,0.17240487234096835,0.05459441509464913,0.04584811929629036,0.33632232942622053,0.23373805335435466
169,169.0,168.99894830970783,0.05343273168681267,0.05794373133186461,0.04617524573946575,0.17174844491368146,0.054328451372640016,0.04601169469418269,0.3358078562077276,0.2345518440536253
170,170.0,169.99908961367427,0.05418736605731349,0.05770201266003829,0.045975553493435885,0.171095464334333,0.05406346540003023,0.04614571494560492,0.3354284870287985,0.23540193608044574
171,171.0,170.99922589110733,0.054956812977700845,0.05749683862517621,0.0458278866046408,0.17049867610276367,0.05407767614625267,0.04631984310925637,0.334851130672456,0.23597113576175355
172,172.0,171.99935628188598,0.055673611087482984,0.057268461758488015,0.045669547620949526,0.1699076258076424,0.05408538546098473,0.046468816236459744,0.33433748995797047,0.2365890620700222
173,173.0,172.99948007076793,0.05633870861153114,0.056979897219808964,0.04550385863689983,0.16929940249205574,0.05404690401394667,0.04678165643715881,0.33401371097903804,0.2370358616095609
174,174.0,173.99959668005403,0.056944207964375784,0.056675019463058765,0.045507286108685506,0.16880823382083177,0.05400003442794104,0.047055864987808504,0.3337108797951944,0.2372984734321043
175,175.0,174.99970566161096,0.057500858757021524,0.056367799062627094,0.045513942501907684,0.1683907757370249,0.05396520671393078,0.047312140497884125,0.3334318644831995,0.2375174122464045
176,176.0,175.9998066883961,0.05793553550530274,0.05602608069716509,0.04548813638271837,0.1678558957508173,0.053906163338183155,0.04784827260856753,0.3332967675993131,0.23764314811793283
177,177.0,176.99989954561875,0.05840872340122037,0.05571255513224442,0.045461475969429316,0.16741160255727972,0.05385580907366547,0.04836069767587353,0.3332299538047691,0.23755918238551815
178,178.0,177.99998412166295,0.058828192080607196,0.055438071996812874,0.0454330816907083,0.1670128155696105,0.053810427364900916,0.04884127909572089,0.33353352566048616,0.23710260654115323
179,179.0,179.00006039888612,0.05916903781369452,0.055167074760414714,0.04540270887872806,0.16665377440141796,0.05376895173250319,0.04928721015397784,0.3339258693085045,0.23662537295075928
180,180.0,180.0001284443981,0.05926981381071038,0.05488925101703763,0.04518251942302111,0.16653189713546093,0.05372813010470227,0.049694061138066396,0.3345181125178743,0.23618621485312705
181,181.0,181.00018840091488,0.05931466362449571,0.0546112974836097,0.0449549563234258,0.16643872022193615,0.053302661953250445,0.050046242276971006,0.3355795327844051,0.23575192533190614
182,182.0,182.00024047777083,0.05932323489696699,0.05432356892676608,0.04496632485823472,0.16632853488322755,0.052864735635828775,0.05034393822248799,0.3365610935158172,0.2352885690606707
183,183.0,183.0002849421635,0.05929213209435928,0.054042349719899276,0.044907927547650245,0.16626848142712547,0.052798159381305304,0.05055631742275917,0.3374496251871408,0.23468500721976043
184,184.0,184.00032211069524,0.05922992171875452,0.053777808949978835,0.04485576272983964,0.16609563338108985,0.052745653102777464,0.05073938351533255,0.33846557517547327,0.23409026142675382
185,185.0,185.00035234126688,0.0591482300356019,0.053498342750549946,0.04481713201201863,0.16611135988633957,0.05253927986941163,0.050911508896345437,0.33954287744962963,0.23343126910010314
186,186.0,186.00037602536867,0.05900675620522561,0.0532018928894248,0.044773099307176906,0.16616616975136533,0.0523765769577332,0.051008410941305954,0.3406370625386707,0.2328300314090974
187,187.0,187.0003935808066,0.0588407105591625,0.05295828882915399,0.04473121264203447,0.1662107846032854,0.05222216976204678,0.051074709110034255,0.34170422268888306,0.2322579018053994
188,188.0,188.00040544489266,0.058653380242603595,0.052703686741882916,0.04469095101225098,0.16648593216050492,0.052075804890373355,0.05077907792747118,0.34273660208016865,0.2318745649447442
189,189.0,189.0004120681212,0.05873551048595306,0.052419472895724614,0.04460648458213212,0.16671076582626815,0.05185528619685091,0.05057174173040534,0.343690834413844,0.23140990386882163
190,190.0,190.00041390834568,0.0587928806779408,0.052145006748076116,0.04451676184142522,0.1670426187812259,0.051637054074992875,0.05032147434108454,0.34463748164951685,0.23090672188573746
191,191.0,191.00041142546425,0.05845789438629322,0.05188371781506588,0.04442421156865259,0.1673484049440059,0.05142437641797725,0.05003627554704111,0.3457064170876569,0.23071870223330684
192,192.0,192.00040507661635,0.058069488743354464,0.05159835576025301,0.044292321561750225,0.167934514115849,0.0511817682665316,0.049685255972442374,0.3466655255980322,0.23057276998178677
193,193.0,193.00039531188708,0.05779564070451039,0.051385063075291504,0.04403903842616085,0.16852461982080066,0.05105864072506111,0.049433557869710175,0.34730293324037265,0.23046050613809232
194,194.0,194.00038257051185,0.05751802621000777,0.05119169664107979,0.043791543639622205,0.16926570595403045,0.05092485833084544,0.04903284421476893,0.3479035143987544,0.23037181061089065
195,195.0,195.00036727756904,0.05722635913597168,0.050980816749394905,0.04351541295320188,0.169901097472831,0.05076651827562756,0.04858959444305427,0.348660934205649,0.23035926676426935
196,196.0,196.0003498411448,0.05693310950942542,0.050784801004457786,0.04324568704050261,0.17046920635341395,0.05061741992053125,0.048141627765499385,0.3493821811919584,0.23042596721421083
197,197.0,197.00033064995154,0.05658426092021858,0.0506054790460102,0.04298769172107616,0.17091452159045967,0.05047796754999006,0.04769514298433472,0.3500655820225787,0.23066935416533157
198,198.0,198.0003100713781,0.05631394809435137,0.05010814246019118,0.0427764427775343,0.1714253398504542,0.05079507573659832,0.047292074660531806,0.3507772881658664,0.2305116882544721
199,199.0,199.00028844994821,0.05604853038142152,0.04962821639863843,0.04257348449900004,0.1721948647669558,0.05108912935886403,0.046894717973566875,0.35121891806177313,0.2303521385597799
200,200.0,200.00026610616183,0.056348586990048584,0.049804107661973726,0.042669599177589015,0.17242376110843696,0.05163321834414514,0.0467982188706668,0.34984721533569957,0.23047529251143997
201,201.0,201.00024333569246,0.05626020974798381,0.04999762028728571,0.04275276240469576,0.17249250238748212,0.052520528248723435,0.046693143531056025,0.3486954001155411,0.23058783327723179
202,202.0,202.0002204089131,0.056182411734506346,0.05027041418519913,0.04284791930611384,0.1724410602332177,0.05340052904104224,0.04660759917123688,0.3475385717806344,0.23071149454804923
203,203.0,203.00019757072255,0.056089507762151214,0.05055412732540292,0.0429521678513615,0.17219558669464397,0.054262570660890956,0.04653739787868809,0.346517666444891,0.23089097538197018
204,204.0,204.00017504064385,0.056015268566214416,0.05089100594096833,0.04307316092131397,0.17214418830385764,0.0551108152004828,0.04650668757467487,0.3454289295418077,0.23082994395068016
205,205.0,205.0001530131666,0.05592512992616805,0.05120730119994735,0.04317582164197438,0.17205132630243752,0.05553432840669329,0.04646549730428014,0.3448914829818116,0.23074911223668754
206,206.0,206.00013165830538,0.05624909987869544,0.05155873796135489,0.04331721799575297,0.17159405608736406,0.055962605390700415,0.04647260370858978,0.3444630805517378,0.2303825984258045
207,207.0,207.00011112234722,0.05657897979700858,0.05188653356065043,0.04346187873109902,0.17106383672681977,0.05636260869776029,0.04649287581643278,0.34413817947812875,0.23001510719210022
208,208.0,208.00009152876143,0.05687512543866521,0.05220784665725117,0.04360661153592013,0.17011166113848125,0.05669566672092756,0.046524253917843005,0.34432086306632653,0.22965797152458498
209,209.0,209.0000729792466,0.05717209817453209,0.05252335667635241,0.043753625297893305,0.16922047375809135,0.05699906064925914,0.046572185581303535,0.34455922487704477,0.22919997498552325
210,210.0,210.00005555489076,0.05746037282614536,0.052801917053254474,0.04389702884209764,0.16829343227282678,0.05726479632485239,0.04661768021028122,0.34480021010116035,0.2288645623693817
211,211.0,211.00003931742162,0.05804247638839519,0.05336879773911767,0.04433699652168644,0.16740151952310392,0.057798913251681766,0.046969722338392694,0.3428309799822825,0.22925059425533972
212,212.0,212.0000243105252,0.05855431838374266,0.05419407448771717,0.04468605616195072,0.1664338631098846,0.058239758435802716,0.04726533225362741,0.3410410462829646,0.2295855508843101
