,Unnamed: 0,Total_iterations,Intertwine_two,Add_vertex,Delete_vertex,Invert_path_vertices,Insert_inside_vertex,Delete_inside_vertex,Replace_inside_vertex,Donate_between_routes
0,0.0,0.0,0.125,0.125,0.125,0.125,0.125,0.125,0.125,0.125
1,1.0,1.0,0.12310519282168768,0.13051260022909508,0.12680889652539137,0.12310519282168769,0.13051260022909508,0.11974513172966782,0.11940148911798398,0.12680889652539137
2,2.0,2.0,0.12445200302343161,0.13222978080120942,0.13148904006046866,0.11741496598639459,0.13111866969009828,0.11809523809523811,0.11741496598639459,0.12778533635676495
3,3.0,3.0,0.12422558922558927,0.1312626262626263,0.14089225589225587,0.11348484848484852,0.13422558922558928,0.12119528619528624,0.11419191919191922,0.12052188552188557
4,4.0,4.0,0.12321548821548826,0.12722222222222226,0.13624579124579125,0.11314814814814819,0.13685185185185186,0.12661616161616165,0.11318181818181823,0.12351851851851856
5,5.0,5.0,0.12094276094276096,0.13151515151515153,0.13942760942760943,0.1113804713804714,0.1372053872053872,0.12454545454545456,0.11111111111111112,0.12387205387205388
6,6.0,6.0,0.11729668479668481,0.13497992747992751,0.13805426055426057,0.10871730121730125,0.13711797461797462,0.12949689199689202,0.11375097125097126,0.1205859880859881
7,7.0,7.0,0.11362951862951863,0.14247752247752246,0.13862174862174861,0.10874976874976874,0.13927165427165425,0.12576035076035075,0.11420431420431419,0.11728512228512228
8,8.0,8.0,0.11189754689754688,0.1420923520923521,0.1377320827320827,0.11380230880230878,0.1396440596440596,0.124028379028379,0.11247234247234246,0.11833092833092831
9,9.0,9.0,0.1111427364058943,0.1483545304597936,0.14322114532640842,0.11708801919328234,0.1351573085783612,0.12724321487479381,0.10617374827901144,0.11161929688245475
10,10.0,10.0,0.117113756126914,0.15207553168079482,0.14510222720749033,0.11372402207928523,0.12864719831825094,0.12581718719876614,0.10296644632170948,0.11455363106678894
11,11.0,11.0,0.11661295518493663,0.1535345165956621,0.14416548693251477,0.11464554351164256,0.13206467408866793,0.12996423009967903,0.10257217828038263,0.10644041530651441
12,12.0,12.0,0.11168308929918837,0.152248381706586,0.15184904248371733,0.11937798699408603,0.12092576669976052,0.12975449158111696,0.10935201881022313,0.1048092224253215
13,13.0,13.0,0.10874836685788696,0.1547861193101131,0.14956613289817622,0.11761957605804353,0.12647179474578854,0.13131323863328503,0.10646441177787926,0.10503035971882721
14,14.0,14.0,0.10662521223473233,0.15567967020366397,0.14892274850479179,0.11482265076111821,0.12672043499442878,0.13527219634224277,0.10623769405116153,0.10571939290786037
15,15.0,15.0,0.11118062568790281,0.1519462972510274,0.15193069466189532,0.11485462325895919,0.12419276128493835,0.13640668304024883,0.10324022391260111,0.10624809090242686
16,16.0,16.0,0.10514189630786266,0.15178766572674135,0.15383979932299255,0.11536823043125562,0.1300608992625799,0.14394258324930587,0.0988152595925705,0.10104366610669129
17,17.0,17.0,0.10051194305064272,0.15736792175259667,0.15331805606960403,0.11651908949896564,0.13283702193918911,0.1476801737134554,0.09510157183144799,0.0966642221440983
18,18.0,18.0,0.10307009983480568,0.1589301874595992,0.15563149269031618,0.11243758420229005,0.1306517393282099,0.14903418476947886,0.09302295743472212,0.09722175428057776
19,19.0,19.0,0.10214150500915205,0.15964859758977404,0.16054885746062209,0.11355697407167993,0.12911174609704018,0.14927636633518981,0.09207802273978744,0.09363793069675422
20,20.0,20.0,0.09944476111500607,0.16323751877413203,0.1614075119665037,0.11182307132899404,0.12500791123570096,0.15772790574590945,0.09134789944205744,0.09000342039169602
21,21.0,21.0,0.10489983981160449,0.1621490241784359,0.16447217760453048,0.10824587286351989,0.12178037920684977,0.16322577313753778,0.0855572472190119,0.08966968597850947
22,22.0,22.0,0.10646877577759929,0.1540453827218533,0.16635457298692588,0.10786144683203507,0.12451749829691007,0.16110849227025698,0.08845539536716006,0.09118843574725924
23,23.0,23.0,0.1037126150349643,0.15792137497581507,0.17235194762289138,0.1052422344809924,0.12460526131316678,0.16375343116139485,0.08488777756306796,0.08752535784770708
24,24.0,24.0,0.1022851404415858,0.1585842987754665,0.17999782414233773,0.1055958847082124,0.11971841568146986,0.16670990514761716,0.08135915265801287,0.08574937844529748
25,25.0,25.0,0.10143644970848935,0.15758751052585154,0.18416051893920266,0.09634312241314968,0.12365441394358875,0.1721595372958292,0.0806331803371085,0.08402526683678016
26,26.0,26.0,0.09797021656655962,0.15787071508072792,0.1853643792057564,0.09903748936370858,0.12583820329378675,0.1726528161188293,0.0785624892176558,0.08270369115297535
27,27.0,27.0,0.09434249140570088,0.1620145140377338,0.19829139571967225,0.09566429543777323,0.1274901910859083,0.1672859056530367,0.07520372530615044,0.07970748135402415
28,28.0,28.0,0.09653868591562086,0.15610622349786432,0.2037056265887535,0.09152628059361802,0.1282507646865232,0.17020378973165348,0.074673699050634,0.07899492993533236
29,29.0,29.0,0.10087247031263022,0.15456530788224265,0.2036436392790742,0.09333063564059517,0.1266230457082361,0.17027844377685514,0.07334810857064047,0.07733834882972578
30,30.0,30.0,0.09519906969518849,0.15642553658342007,0.2067537500335207,0.09137846964393828,0.12606458761952993,0.1755656088032024,0.07300966891883119,0.07560330870236866
31,31.0,31.0,0.09515133652277862,0.1590357190248082,0.20451728454622187,0.09317762724309214,0.12290215420955455,0.17688468106494662,0.072699824000583,0.07563137338801473
32,32.0,32.0,0.08841093764682176,0.16342636502989621,0.20924369542183718,0.09096180917225515,0.1204191414659838,0.17533822430058338,0.07621028221100952,0.07598954475161274
33,33.0,33.0,0.08811224858670297,0.16117453623122394,0.21942307331948133,0.08896742216602267,0.11332035286383002,0.1785148182664035,0.07589768783669754,0.07458986072963768
34,34.0,34.0,0.084778620865907,0.16259169151206906,0.22487589989925102,0.08769989596384538,0.11186792270214922,0.18013108802791974,0.07469444812634299,0.07336043290251532
35,35.0,35.0,0.08339608594165944,0.1661173416831655,0.23204713274270045,0.08668555608286309,0.10380865289126688,0.1834350941469376,0.07665565083906632,0.06785448567234051
36,36.0,36.0,0.08386520996814852,0.16653300152574288,0.2326968773418786,0.08587223388007055,0.105865052110194,0.18207298442597794,0.0768768755386279,0.06621776520935924
37,37.0,37.0,0.08188682651545884,0.16592767132116884,0.23769442258865547,0.08440540986084182,0.10572470467872717,0.18519796322005372,0.07561646681388962,0.06354653500120418
38,38.0,38.0,0.08073207371966601,0.17477360232422698,0.24000416549881404,0.07778502988875928,0.10337951255843707,0.19145486584909968,0.06938284656560417,0.0624879035953924
39,39.0,39.0,0.07904341180061196,0.17622308312664894,0.24451613110649686,0.07705244584244976,0.10048842327467494,0.19442201843622134,0.067432133507306,0.06082235290558991
40,40.0,40.0,0.07791392154034914,0.18009139647803343,0.24322298125725517,0.07623333650133253,0.1009394200479352,0.19289654071930548,0.06540912471409958,0.06329327874168926
41,41.0,41.0,0.07779534989307729,0.18116650960819783,0.2441457876625012,0.07498765366609757,0.09657731324071955,0.19550740206049624,0.06600467291887863,0.0638153109500314
42,42.0,42.0,0.07420488399491364,0.17973370524342014,0.25166713609600383,0.07386411115665002,0.09560239738623506,0.19879272337079665,0.06328508542489368,0.06284995732708668
43,43.0,43.0,0.07247885882087506,0.18123744943324327,0.2523155152319303,0.07345883104798685,0.09404760440277851,0.20388152943751306,0.06084362204450922,0.06173658958116334
44,44.0,44.0,0.0703618036368269,0.18308740973962603,0.25381910714723205,0.07558679335457022,0.09272699692307282,0.2040030880052939,0.06148509041657821,0.058929710776799586
45,45.0,45.0,0.0712049867718762,0.1807452004508686,0.25766142918169604,0.08010972426907972,0.08896997054814483,0.20469348668915707,0.05957177793278502,0.05704342415639225
46,46.0,46.0,0.07041512561672594,0.1793109293791734,0.2652192838914019,0.07862867562798613,0.08765890946115462,0.20434278613526458,0.05850807862284422,0.055916211265448906
47,47.0,47.0,0.06972591712350232,0.1850395269456261,0.2664240332624704,0.08434584570387547,0.0816996925276327,0.19874021455977298,0.05839292503338565,0.05563184484373403
48,48.0,48.0,0.06792227742936724,0.18969081520548628,0.2685027091070943,0.08172626085862064,0.08104488618497965,0.19999349819901807,0.05748926193825264,0.05363029107718094
49,49.0,49.0,0.06610796975905446,0.19188215678260212,0.2691047370301206,0.07994648132979017,0.08042163840292321,0.20103626477417277,0.06007192953252,0.051428822388816305
50,50.0,50.0,0.06506980322754154,0.19561432978972343,0.2699750517124034,0.0774744077116391,0.07909676705367327,0.20281278654939033,0.05944012290496057,0.05051673105066809
51,51.0,51.0,0.06491585979933924,0.19791768693639658,0.2705749970534557,0.07448855581484065,0.07818249385462571,0.2056262423596182,0.05816789747296077,0.05012626670876272
52,52.0,52.0,0.06205722747981995,0.20054810494601807,0.27605031092225707,0.07234492930022914,0.07672955153764822,0.2042175304434569,0.058984641884939966,0.049067703485630346
53,53.0,53.0,0.061275887982710615,0.20008616093571002,0.2804234266286569,0.07121295332807508,0.07680821490222997,0.20411508917235927,0.05793120970855919,0.04814705734169856
54,54.0,54.0,0.05938544383534788,0.2004227604705494,0.2821164065960885,0.07031848703077732,0.07713277530930393,0.20632710405747864,0.05695415907072979,0.0473428636297242
55,55.0,55.0,0.058701370455378474,0.20218703936483012,0.28337325169271227,0.06753773645449596,0.07635517886704897,0.20904040382566655,0.05612681610663059,0.04667820323323677
56,56.0,56.0,0.054725570196243134,0.20331784485141421,0.2760448143541019,0.06906754844920165,0.07748716195327908,0.21418425352265402,0.05616776835731082,0.0490050383157949
57,57.0,57.0,0.05421819074700497,0.2054826328831232,0.2772430870234185,0.06845113977893685,0.075250526220256,0.21614515481700508,0.05558025235100205,0.04762901617925295
58,58.0,58.0,0.05121615746467348,0.2084876820093307,0.2818776330296714,0.06644257418226043,0.07575331240843583,0.21278204325370328,0.055644385927245514,0.04779621172467894
59,59.0,59.0,0.050388596107213,0.21020194836337738,0.28714844710533255,0.06453991700853391,0.07534795740395293,0.21140781048403257,0.05365850042080664,0.047306823106750676
60,60.0,60.0,0.049367764485020914,0.20843218356612522,0.28848891458913395,0.06346481365990206,0.07673412199250744,0.21171590410805488,0.05434262137426264,0.04745367622499271
61,61.0,61.0,0.05043482510544336,0.2045021621744893,0.2917143024322684,0.06345422874737781,0.08021021196416352,0.20786623706006,0.054299993244206396,0.04751803927199086
62,62.0,62.0,0.049797599307655746,0.20419437931062628,0.29396029999606116,0.0628209597230258,0.08060368588420204,0.20657821863987874,0.05504668576127641,0.046998171377273516
63,63.0,63.0,0.04902201632539314,0.20351575577311484,0.2937549735179759,0.06368247773694936,0.08197653629320585,0.20629935858510623,0.05430931828684548,0.047439563481408945
64,64.0,64.0,0.047992591023570674,0.20621198388503587,0.29367043678132904,0.06258998806744184,0.08036226461873446,0.2099552578616133,0.05261226722696159,0.04660521053531299
65,65.0,65.0,0.04778587431148814,0.20514001938619628,0.29391713153107873,0.061747828675367315,0.07937354795339059,0.21388038393870715,0.052555213336911884,0.04560000086685964
66,66.0,66.0,0.04716324487355861,0.20691531961465054,0.29644614567818733,0.06130620670558906,0.07940509204890889,0.21199239178361268,0.05184545117083198,0.04492614812466054
67,67.0,67.0,0.046594631786304616,0.21107135259204846,0.2976724015472087,0.05836635759267015,0.07950258907410686,0.21131149414488615,0.05119104273930473,0.044290130523470035
68,68.0,68.0,0.04601650916051543,0.21128737220598964,0.3010510131429599,0.057522105812445566,0.08119880423234743,0.20819275791619862,0.05141810503053779,0.04331333249900542
69,69.0,69.0,0.04459298950821814,0.2136687718438225,0.30439303474445206,0.057575946385220296,0.07891330118517202,0.2069184693570238,0.051000451667686644,0.04293703530840428
70,70.0,70.0,0.04423674471361885,0.21477907191356635,0.30656633159128877,0.05735174387132296,0.07852486260694874,0.20537096989053077,0.05058387272225356,0.0425864026904698
71,71.0,71.0,0.04424671139349383,0.21626598028078894,0.30501925197872115,0.056512722489805246,0.07890809266228069,0.20561154083718514,0.051182971191323555,0.042252729166401305
72,72.0,72.0,0.04453303079913302,0.21971075554667713,0.3057640311466804,0.05582423691859701,0.07745523346323742,0.2037493585619646,0.05057932646431129,0.04238402709939906
73,73.0,73.0,0.044411706535218205,0.2149996975611792,0.30525667094777076,0.05549854166455432,0.082065036765735,0.20608323682024174,0.04944488296694536,0.042240226738355126
74,74.0,74.0,0.04635296622579823,0.21571161340133413,0.3030315582778432,0.0560943086746978,0.08259709397462699,0.2026279461442834,0.04852990900964345,0.04505460429177246
75,75.0,75.0,0.0466661379014209,0.21793187344674678,0.2972190858936444,0.055781512498679735,0.08204926020255199,0.20284841608714635,0.05267944962460101,0.04482426434520855
76,76.0,76.0,0.04636870092423563,0.22078313205161124,0.2954091790363965,0.05459690486167831,0.08036377810604421,0.20387168744004186,0.05207319779173423,0.04653341978825776
77,77.0,77.0,0.04659067368815601,0.22206541708346791,0.2942367757964061,0.05388490085499967,0.0785615371262975,0.2064094046273513,0.05235979636390685,0.04589149445941441
78,78.0,78.0,0.046112676226616814,0.22333973278839206,0.29699929456587093,0.052503773902496595,0.07800542270314954,0.20594155891749352,0.051810340138605575,0.04528720075737469
79,79.0,79.0,0.04617325744933233,0.22063347382262943,0.30004820410398503,0.05389566976858753,0.0765837665724263,0.20448805918623958,0.053140758085667004,0.04503681101113262
80,80.0,80.0,0.04503517885775283,0.22299035009760246,0.2980809405097491,0.05465583354344991,0.07805754351732229,0.20438242173184534,0.05185514621972264,0.044942585522555076
81,81.0,81.0,0.04464866578125022,0.2225290351629723,0.30071217634542957,0.054161723934046516,0.07794509022352748,0.20335556372769084,0.05220532169955805,0.04444242312552487
82,82.0,82.0,0.04326285089855145,0.2235222300481069,0.3009791409778459,0.05231281340398326,0.07736715738262377,0.2079465422892957,0.0508017568752208,0.043807508124371904
83,83.0,83.0,0.04346519179650247,0.22462967267685757,0.3030601844927451,0.051923058096018854,0.07680028146248132,0.20714074849563965,0.04962125126432697,0.04335961171542782
84,84.0,84.0,0.04244362839528996,0.22544680392802532,0.30408826340546175,0.05280411683464279,0.07557405115631602,0.2047072361075241,0.048203657645888826,0.04673224252685097
85,85.0,85.0,0.04406480559251551,0.22459522807423507,0.30588418793776007,0.05247956885966832,0.07394708145869407,0.2040549950494335,0.050190392157306765,0.04478374087038644
86,86.0,86.0,0.04375941340439152,0.22671753452023108,0.3055637012034528,0.05335852306289659,0.0737330602736532,0.20208731588237203,0.05052288869731312,0.044257562955689604
87,87.0,87.0,0.040385320437826194,0.22719256877397687,0.3073966348182811,0.05293470840919842,0.07296917024738407,0.20377560746749404,0.05150586947192677,0.043840120373912266
88,88.0,88.0,0.04083021248459039,0.22958264585662222,0.30676593967811083,0.05565237501048805,0.07278057005467055,0.1987374013626618,0.052083038306535365,0.04356781724632067
89,89.0,89.0,0.040610077037711384,0.23364903324071293,0.3051778360252572,0.05560362429759796,0.06871867600942673,0.20000822960090353,0.05223160165408955,0.044000922134300534
90,90.0,90.0,0.04024297272175015,0.23415180478406233,0.30569406646842007,0.05558684961986333,0.06546002158393875,0.2014933156561316,0.052239236622467725,0.04513173254336563
91,91.0,91.0,0.04075921252379442,0.2350298722999026,0.30530086432143794,0.05553496700872808,0.06541480310854196,0.20013733795135719,0.05249367810174537,0.04532926468449221
92,92.0,92.0,0.040494838042895116,0.23484705435450376,0.3038357014834856,0.05645894016208777,0.06701087160429411,0.2009127465201761,0.05218694565610372,0.044252902176453605
93,93.0,93.0,0.04044231419540545,0.23492208219227437,0.30534646634566465,0.051138293659725186,0.06649973024581521,0.20283788054306146,0.055368919523910945,0.04344431329414244
94,94.0,94.0,0.04005801351578713,0.23561384852995343,0.30437173568060294,0.05155149020936394,0.06854958071996121,0.20196419470727897,0.05480658017091385,0.043084556466138395
95,95.0,95.0,0.03924670268513566,0.23526872063485763,0.3055810407518066,0.051310855563444946,0.06992753744113794,0.20211714339582706,0.053722959512176545,0.042825040015613394
96,96.0,96.0,0.03882907600324797,0.23711645119121014,0.3043184475550435,0.050833135547813726,0.06975375012558487,0.20314416667967664,0.05329157308484779,0.04271339981257514
97,97.0,97.0,0.03917134148341344,0.235669069432836,0.30379605175187113,0.05221647435075501,0.06925861179265856,0.20440416958683835,0.054530307076430695,0.040953974525196564
98,98.0,98.0,0.041912269514063856,0.2364796175287352,0.3005435172250168,0.051836075865789207,0.0692760894237583,0.20582655927981083,0.05361105157620955,0.04051481958661606
99,99.0,99.0,0.04123388986473365,0.23660858802789242,0.30129425299096724,0.05260338003023548,0.06880730297344492,0.20577150584865578,0.05340970204066119,0.04027137822340902
100,100.0,100.0,0.03944857911545795,0.2382065735684029,0.30083916161153207,0.05213004705615249,0.0682571895976977,0.20728747289501087,0.05391654876239879,0.0399144273933469
101,101.0,101.0,0.03919521093111804,0.23818490215865357,0.3008648402070774,0.054065246601915876,0.06705694104232664,0.2070028249466454,0.05404884666687911,0.039581187445383706
102,102.0,102.0,0.039201344270685716,0.24032106869485773,0.30002015787813296,0.05468749908376255,0.06661928914127026,0.20558534928597622,0.054041826193321325,0.03952346545199304
103,103.0,103.0,0.0395958449740338,0.24306888736813367,0.299675595454995,0.05281768646302017,0.07069650039983907,0.2043828563843989,0.05203540012842914,0.03772722882714997
104,104.0,104.0,0.03971495353947571,0.24244093640490189,0.2983108958783483,0.05190315976007049,0.07052139393829107,0.2051097216904336,0.054126001958272635,0.03787293683020613
105,105.0,105.0,0.039559053353280256,0.24462407237033237,0.2993940406510994,0.051613021035002996,0.06827645495615217,0.20504401661058688,0.05385678419486651,0.037632556828679165
106,106.0,106.0,0.039795190391738,0.2453289383801239,0.29752662178090233,0.05183984749897357,0.06638400596603307,0.20716014021695853,0.05411133731184516,0.037853918453425325
107,107.0,107.0,0.04000773609507625,0.24587243396376454,0.29894469123083894,0.05155617340205239,0.06573644639207979,0.20524056594478746,0.0523658357226309,0.0402761172487696
108,108.0,108.0,0.03728410313413591,0.24524144722047045,0.30428427620846044,0.05167003299695904,0.06574328497411101,0.20631271485337693,0.04917220484786354,0.040291935764622526
109,109.0,109.0,0.037388098015228244,0.24295974271348253,0.3027075334419625,0.05164879507742713,0.06602023660350469,0.20702932208000943,0.049950142186680695,0.04229612988170453
110,110.0,110.0,0.039291310793983535,0.24106793490045633,0.30289153002566016,0.051665863743157354,0.06600644580180533,0.2049264544985503,0.05182629657526174,0.04232416366112513
111,111.0,111.0,0.038399426008266103,0.24104172127074416,0.3026470402142866,0.05172063014092408,0.06466223289252289,0.2083714435465618,0.05176450284209342,0.04139300308460072
112,112.0,112.0,0.03848917604391901,0.24384421967827413,0.302308852611814,0.05221475840476222,0.0656149272718885,0.20698130600368858,0.05136928346630989,0.03917747651934347
113,113.0,113.0,0.03828932714828648,0.2473483644688467,0.3023275709265255,0.05079289445729532,0.0652956695185727,0.20786895767767735,0.04922706150516855,0.038850154297627185
114,114.0,114.0,0.03833735238414911,0.24574625827104193,0.30346356865525964,0.05208680218964302,0.06661909717047652,0.20742744677101968,0.04747831006623294,0.03884116449217693
115,115.0,115.0,0.038256548833303344,0.24384728267550695,0.3066705816809869,0.05100072790313825,0.06648940861918008,0.2085077776168566,0.046420399147929246,0.03880727352309843
116,116.0,116.0,0.03817008276678443,0.2451566194818176,0.30705341393996266,0.055257481115541324,0.061948635695665014,0.21002396923221892,0.04426973611064585,0.03812006165736401
117,117.0,117.0,0.03859052474389635,0.24596506480159377,0.3059571888453351,0.056004709861371,0.061926842663572505,0.21014136723315155,0.04348928099901226,0.03792502085206726
118,118.0,118.0,0.038226648917187155,0.24526124168349156,0.30458408377365553,0.05840579394181967,0.06208544016603165,0.2105937190163707,0.043117652933338406,0.037725419568105246
119,119.0,119.0,0.03812115908463732,0.2464818200108973,0.3047666006614963,0.05829374714310954,0.06182306305892787,0.20911177182674542,0.043856201525424056,0.03754563668876192
120,120.0,120.0,0.03703663703164673,0.2455525252416829,0.30503137314858664,0.05791184921646417,0.06428665299594162,0.20963959456435297,0.04384838539201259,0.03669298240931217
121,121.0,121.0,0.036782930563603315,0.2499638702250982,0.3019996648040081,0.057670411200126316,0.06396894960864952,0.20916808247691138,0.04353829317833946,0.036907797943263515
122,122.0,122.0,0.03678357664622674,0.24785951712524318,0.2987260501532441,0.05780773089592022,0.06353940800879557,0.21017411408921932,0.04495248886212589,0.040157114219224674
123,123.0,123.0,0.03664261671913741,0.24891985225303992,0.2996868245230864,0.05767975669188707,0.062218576034873824,0.2107937473711783,0.04475802378865216,0.03930060261814461
124,124.0,124.0,0.03678398152268881,0.24653704229875906,0.29968761580515574,0.05887735438568945,0.06075647549379806,0.21159263949926135,0.04479412966203943,0.040970761332607936
125,125.0,125.0,0.0364414687390329,0.2460721864364278,0.30294768036007014,0.05702886066251027,0.06066440776004025,0.211435188107328,0.04466417099905303,0.0407460369355374
126,126.0,126.0,0.03648073175920742,0.24649925034501255,0.3033221452867693,0.05647038206634263,0.059822547665996505,0.2118745731743136,0.04470604045869143,0.040824329243666316
127,127.0,127.0,0.03716208807311832,0.2523487514272243,0.3038013454912248,0.056484526972143914,0.05992003140842102,0.21065833968842157,0.04201835235008937,0.03760656458935649
128,128.0,128.0,0.037060096963535724,0.2523760223658003,0.30539040805048695,0.05635743888469593,0.059795049446719255,0.21062131573334714,0.04087633639167161,0.03752333216374288
129,129.0,129.0,0.03786254306538608,0.25900880079030114,0.3041094962472352,0.059487026256988276,0.061571920380203954,0.20266603889107596,0.04011242851505494,0.0351817458537543
130,130.0,130.0,0.037789930066143645,0.2597342464924081,0.30550823980538716,0.059352681470572426,0.0617495439183785,0.1990045463518633,0.040096998283897,0.03676381361134958
131,131.0,131.0,0.04106809851921269,0.2576451277165239,0.29956549311759656,0.0610856941371943,0.0624782300868405,0.1978689769623311,0.04163280754292948,0.038655571917371324
132,132.0,132.0,0.041987527457931766,0.25914821107465896,0.2987200072171699,0.06189189470091481,0.06280572234613119,0.1944476339126434,0.0419824705155039,0.039016532775045985
133,133.0,133.0,0.042850118678392425,0.26154182657890385,0.2874050784877918,0.06211589737452505,0.06460530345429552,0.19630763752023925,0.0458894527067005,0.039284685199151514
134,134.0,134.0,0.04362227668070362,0.2648762274069468,0.2839649444777589,0.06251182998598431,0.06658869187336486,0.194160070618772,0.045360586399947896,0.03891537255652142
135,135.0,135.0,0.0435579461357628,0.2666162163193001,0.2825085358215181,0.06246114591123592,0.0659376790478128,0.19595936703180808,0.04573252783729165,0.037226581895270394
136,136.0,136.0,0.045454204729249666,0.2669921769235194,0.2836680480005251,0.06398826361733927,0.06573523087033883,0.19269545994423687,0.04672007234998153,0.03474654356480926
137,137.0,137.0,0.04288084798784231,0.2678847761239307,0.282479382269275,0.06386527722650207,0.06528332022446792,0.1942862407035427,0.0461189741805458,0.0372011812838934
138,138.0,138.0,0.04440424226545282,0.2673700967075793,0.2815369037173952,0.061094162986572845,0.06519519333989283,0.1942810906154811,0.049191493642768494,0.036926816724857106
139,139.0,139.0,0.04429326787058258,0.26658268573050103,0.2797950783070782,0.06086734170362885,0.06524823006248266,0.19487310897356797,0.051484645510719615,0.03685564184143884
140,140.0,140.0,0.044591461152517935,0.26723111279483375,0.2805917378708702,0.0602469864035451,0.06564564814963587,0.19370250417395185,0.05129767003646315,0.036692879418181897
141,141.0,141.0,0.04857075832956995,0.2666474422219317,0.28190799863901994,0.05874766162320519,0.06664300671652826,0.19004099014041662,0.05008908224229077,0.03735306008703735
142,142.0,142.0,0.05079605913212873,0.26633885885262076,0.28044835165469234,0.060287270156817827,0.06630280100141166,0.188805478244133,0.04977135412759701,0.037249826830598534
143,143.0,143.0,0.050261751180872734,0.271472697301096,0.2801333613994977,0.05727222414742146,0.06519852161491481,0.18548707159403738,0.04960151957125514,0.04057285319090466
144,144.0,144.0,0.04951596829517919,0.26914870369003446,0.28203163971596557,0.057398042921894474,0.06666464677430212,0.18459177981896852,0.05003978905345895,0.04060942973019658
145,145.0,145.0,0.0502289297370718,0.26851398825215805,0.2781208327945203,0.058507744854704787,0.06770606540040075,0.18548804738375027,0.050075721806941156,0.04135866977045267
146,146.0,146.0,0.053076975468434366,0.27140462611302224,0.27902882739370105,0.05737495157131133,0.06563382185371212,0.1832963350737001,0.04948036982096982,0.04070409270514881
147,147.0,147.0,0.05338224451072425,0.2663245492319774,0.27939652896758227,0.05965879166044054,0.06536781770709926,0.18560769151658216,0.04961119107118237,0.04065118533441154
148,148.0,148.0,0.05162917660012388,0.26510294763058445,0.2827353892238709,0.059853793395931214,0.06616942604179474,0.18429808172433138,0.04947042067066023,0.040740764712702944
149,149.0,149.0,0.051714606621519145,0.2621967997454017,0.2847852433751164,0.05995749043429289,0.0646442409136637,0.1848917213687166,0.04963617137632219,0.042173726164967014
150,150.0,150.0,0.05151634809885177,0.265292370495613,0.2859135726998294,0.05772263196019912,0.06548665045660254,0.18363369290738937,0.05047239927022222,0.039962334111292346
151,151.0,151.0,0.048524655887691,0.26419616023471487,0.28815285790659184,0.058886341691419146,0.06635481253933374,0.1846931461119326,0.048966882686705106,0.04022514294161148
152,152.0,152.0,0.048862046884325654,0.2645855229826389,0.2884852793020503,0.05744532415444293,0.06688872977234972,0.18475324419631214,0.04831609090027619,0.04066376180760401
153,153.0,153.0,0.05158546249673982,0.2603772485404669,0.290440706139689,0.05886208794614793,0.06478352738099288,0.18423150804539334,0.047828468298128375,0.0418909911524415
154,154.0,154.0,0.04738645302630981,0.2661701221592993,0.29485349629889285,0.05824103391546291,0.06450256507392439,0.18238491494257467,0.04467679031684802,0.04178462426668776
155,155.0,155.0,0.052826711889052164,0.2658197086869336,0.29329468767142797,0.05794665651970511,0.06155939730998719,0.18328614289038533,0.045256006427460645,0.04001068860504776
156,156.0,156.0,0.05410172802941849,0.26658455461954306,0.29127446580608024,0.054253672427728536,0.0628391068401296,0.18432384896001067,0.04631959113648028,0.04030303218060895
157,157.0,157.0,0.0554277196134034,0.2698604601488635,0.2904465132383489,0.0511962101763472,0.06328197277625662,0.18462834628701605,0.0444772303159558,0.0406815474438083
158,158.0,158.0,0.05444024611445221,0.2715533398080877,0.28772144042083103,0.05022416599514324,0.06219787581736348,0.18616320147879226,0.043779771013400665,0.043919959351929175
159,159.0,159.0,0.054340393510227576,0.27584453971860845,0.28761042487027644,0.04958268542307486,0.06164486330325693,0.1843766137201092,0.04323653367035961,0.043363945784086685
160,160.0,160.0,0.04527787887971677,0.2744173551822483,0.29357159340780803,0.04944803935354564,0.06165362450593423,0.18897892149938805,0.04325494472139643,0.04339764244996226
161,161.0,161.0,0.04334845233109658,0.27708047881611364,0.2965340731482234,0.0489694104291531,0.060880808651211996,0.18848120348667394,0.043179148446083185,0.04152642469144397
162,162.0,162.0,0.04282751363271653,0.2736627827626941,0.29649348457168845,0.051097005747643,0.06116750249342151,0.1906518942328905,0.043135675701766886,0.04096414085717886
163,163.0,163.0,0.042750998150116654,0.27480362697779354,0.30077973894569693,0.050438344856902455,0.06062280410202719,0.18305686975237306,0.043363696495140415,0.04418392071994963
164,164.0,164.0,0.04217768345083538,0.2751521675347901,0.29846369441021614,0.05069139593911262,0.06482833547200847,0.18058624937649503,0.044146134175183836,0.04395433964135821
165,165.0,165.0,0.04210561384874942,0.2739679981870448,0.29885349215682866,0.050578706463479305,0.06462050770653036,0.18197478972024683,0.044035210301549894,0.04386368161557057
166,166.0,166.0,0.03912888006179152,0.2726318207346934,0.3059559797234633,0.04908989946387373,0.06855657838782875,0.17606854770038033,0.04492845960669359,0.043639834321275314
167,167.0,167.0,0.03881833244762346,0.2713494868384526,0.308090684618098,0.04943264695796305,0.06871332355570783,0.17552298168123967,0.04467155743157751,0.04340098646933778
168,168.0,168.0,0.039820412448421806,0.26794456214963486,0.3090976395975325,0.04766894343357077,0.06694683184171346,0.17742008703498266,0.046633989829521126,0.04446753366462261
169,169.0,169.0,0.039125360187400385,0.271498716640912,0.3135564011863503,0.04947984735772183,0.0613296591350216,0.1760746407903268,0.04582500130604346,0.04311037339622333
170,170.0,170.0,0.03890601389900804,0.27426337290182906,0.31475131033439996,0.04917559057960837,0.060497650453598124,0.17404763696753417,0.04547999865908899,0.042878426204933054
171,171.0,171.0,0.03832429687558096,0.2746683530822285,0.31360641737406836,0.049481332699173174,0.06374095955818712,0.17302468133424131,0.04486627688629669,0.04228768219022363
172,172.0,172.0,0.038446090762080574,0.2729856200988996,0.31316708006346433,0.049842721789983994,0.06378581510878803,0.1742499764980804,0.0448863011134432,0.042636394565259625
173,173.0,173.0,0.04122991274293877,0.2733411583203953,0.31467652246932437,0.0502971284306628,0.06050112707019331,0.17431716652381946,0.045170076395084864,0.0404669080475808
174,174.0,174.0,0.041415528252317535,0.2711687441153549,0.3160697850820035,0.05129698337746942,0.05871017789301664,0.1747459269775045,0.043726867084741064,0.0428659872175921
175,175.0,175.0,0.04274792535329418,0.2622305187139168,0.3141070518938054,0.05295003771194122,0.06327812630482743,0.17529311640336426,0.04501667132349108,0.04437655229535941
176,176.0,176.0,0.04270449115368953,0.26328916581497996,0.3157876066877855,0.05400734122061964,0.06309175281379235,0.17185270521001622,0.04495641698821957,0.04431052011089689
177,177.0,177.0,0.04330261467565907,0.2617195516897209,0.3143288103225411,0.05491669818160898,0.06784560445778151,0.16969919641631676,0.04462437060445469,0.04356315365191675
178,178.0,178.0,0.04323940517431654,0.2636717739370227,0.31447307830539944,0.05159839619321794,0.0689809561297741,0.17060635922532924,0.04373934673838621,0.043690684296553525
179,179.0,179.0,0.04449425090446923,0.2609800565695238,0.31345951123416765,0.05156342063354934,0.0718777264170808,0.1689186515618593,0.04500734661231561,0.043699036067033965
180,180.0,180.0,0.045334545676514564,0.2628365209300513,0.31164289183328014,0.05154572204505992,0.07367478076544916,0.16829838136896422,0.045819734574056775,0.040847422806623644
181,181.0,181.0,0.04518283526960184,0.2602234431311624,0.3129013400788168,0.0514530123091673,0.07488858250561801,0.1687628710973503,0.04480011797265128,0.04178779763563176
182,182.0,182.0,0.0446546020644846,0.26089553033030494,0.314880335218593,0.050853094516236444,0.07535325710191923,0.16796919988057993,0.04417025875127387,0.04122372213660771
183,183.0,183.0,0.04476102145899327,0.26168436181896465,0.31686973362316084,0.051860738253113485,0.07349759997730557,0.16475353309662252,0.0444169646944297,0.042156047077409796
184,184.0,184.0,0.04494989061772294,0.2628392549077557,0.3196023089919386,0.050685121138694084,0.07432736983380023,0.15989945589812765,0.044691132126817766,0.04300546648514277
185,185.0,185.0,0.045125321059565356,0.25983697631643293,0.32021633600280136,0.050928572641588316,0.07451780174789174,0.1623080508222907,0.04581019335917368,0.04125674805025567
186,186.0,186.0,0.04684822185731596,0.2555862949881442,0.3190690357251382,0.04931953838597789,0.07582063619190402,0.16360840587523823,0.0471085812016995,0.042639285774581794
187,187.0,187.0,0.047251551017588156,0.2511503623252383,0.3213162112191824,0.05071653414992996,0.07709186795186711,0.16340483546627785,0.046317400798826895,0.04275123707108903
188,188.0,188.0,0.046992662637502965,0.24774059136625806,0.32299870532143743,0.05060104524993744,0.07686156746384519,0.166362059530521,0.04604557546424877,0.042397792966248946
189,189.0,189.0,0.046652741643304386,0.2502588169415881,0.3224694332235621,0.05074516430091131,0.07726778214249631,0.16435922156278926,0.04571142684605882,0.04253541333928945
190,190.0,190.0,0.0465004660766301,0.25289433107097375,0.32013668347136526,0.050961185543849416,0.07299471529305189,0.16443455464212375,0.04645183883873876,0.045626225063266836
191,191.0,191.0,0.05070294806970439,0.2551550217048112,0.31790197731533315,0.050908492986669295,0.07341889465722229,0.15887346215406103,0.04695061712810934,0.04608858598408907
192,192.0,192.0,0.0476042811835951,0.2551439733786707,0.3188177329200288,0.051397789063522985,0.07383638423369804,0.15774440527903638,0.04726326189927946,0.04819217204216821
193,193.0,193.0,0.04816483276489214,0.25794770951388046,0.3205095143022903,0.04853230422043689,0.07359532775532249,0.15699620715991502,0.04641769064972248,0.04783641363353975
194,194.0,194.0,0.047802257042160415,0.257990906383809,0.32197592212522486,0.04808304507271221,0.07160863703431913,0.1591495739381459,0.046044170531069656,0.04734548787255847
195,195.0,195.0,0.05164747715971875,0.2540054652435884,0.32174431892594,0.049619127511206895,0.07120580991177466,0.15862575996638043,0.045944799096359575,0.04720724218503087
196,196.0,196.0,0.05553957722204205,0.2563394028919992,0.3174517705321288,0.04912407396589164,0.06817972266246507,0.1619738681558357,0.04553689242981558,0.045854692139821664
197,197.0,197.0,0.05339018386253768,0.26184068753165546,0.31712422353764264,0.04840834663230001,0.06907182982371377,0.1608935287336824,0.044041437958456935,0.04522976192001078
198,198.0,198.0,0.05396720401087844,0.2639484840493439,0.3157193888364675,0.047323200170772094,0.07242230556444641,0.15561765858969928,0.044385085919944584,0.04661667285844744
199,199.0,199.0,0.05781573839460322,0.26467978750104465,0.3170800472970721,0.04603765733304101,0.07145035855365069,0.15252069202978047,0.04412852518800755,0.046287193702799954
200,200.0,200.0,0.0581186007507053,0.26799905371687216,0.31705010317925114,0.045532411218495904,0.06868820250359753,0.15242024946648963,0.044019625703555214,0.04617175346103287
201,201.0,201.0,0.054378265056649104,0.2716698841436544,0.3169944231496734,0.04887283314149495,0.0656627986814605,0.15087480696972871,0.04400135395751578,0.047545634899823025
202,202.0,202.0,0.054037319194030244,0.2745042172239527,0.31664674124748937,0.05077332854617944,0.06475483668211036,0.14859587299637722,0.043761589644354344,0.046926094465506156
203,203.0,203.0,0.05592505869110891,0.2739983426564454,0.3158452573026816,0.05056924097819921,0.06585955833205684,0.14773781289747961,0.04347808258347874,0.04658664655854945
204,204.0,204.0,0.05691877403236333,0.27536128269048327,0.3157600195096997,0.05062206040785173,0.0642584259441379,0.14676217001857955,0.04369265919605172,0.04662460820083256
205,205.0,205.0,0.05230444684440185,0.2745754464685951,0.3172354274205083,0.05042714625105337,0.06457510913084866,0.14624901732608628,0.04530229970026455,0.04933110685824168
206,206.0,206.0,0.05322801651244627,0.2801197366551929,0.30741029549799115,0.0500536133150645,0.06568182898204326,0.14814030729106653,0.04640901955145915,0.04895718219473604
207,207.0,207.0,0.05294417873920192,0.28131948267674284,0.30834651614842673,0.04977733568157847,0.0649238999549686,0.14860103477708259,0.04539939999736072,0.04868815202463783
208,208.0,208.0,0.052117839397682296,0.2826566962348017,0.30852127700585935,0.04440021894858778,0.0661599828794161,0.14903105635065414,0.04595459573483019,0.05115833344816808
209,209.0,209.0,0.04994692865088965,0.27771598262298125,0.3092490914692503,0.044645185575492956,0.06854811235280285,0.149894149544908,0.048855700021675184,0.05114484976199946
210,210.0,210.0,0.049871090704898445,0.27640959005534665,0.3084417128036017,0.04494633403776818,0.07047019852734707,0.15105819952683705,0.04784386946535854,0.05095900487884215
211,211.0,211.0,0.049693080049843324,0.27529476580207185,0.3131875762313159,0.04485306979098888,0.07018995631975612,0.15133792863188897,0.04658434491438789,0.048859278259746806
212,212.0,212.0,0.04773979081777134,0.2778236346506698,0.3126767683249903,0.044368839134551835,0.07262890245055753,0.15067781537174899,0.04609158037844922,0.047992668871260746
213,213.0,213.0,0.048536268896858116,0.2764424703455873,0.312319544302108,0.04467016555906666,0.0736436432116751,0.14888799745588363,0.04641323200621609,0.049086678222604846
214,214.0,214.0,0.04818037303285082,0.2742307196291271,0.31008936929229836,0.04783681336483798,0.07466543468624386,0.14988443328683396,0.04651655336218779,0.04859630334561988
215,215.0,215.0,0.05150898871057065,0.27646808128287315,0.3091368483100963,0.0468647204334637,0.07079318159694346,0.15017575940713612,0.046519706955581094,0.048532713303335195
216,216.0,216.0,0.05283887867432853,0.27682648656300396,0.31024025755544016,0.045958281716589215,0.07103555415964628,0.1495719681399037,0.045962978344655944,0.04756559484643188
217,217.0,217.0,0.052475408236310674,0.2727414591232707,0.31349864072378936,0.04583792882290185,0.07477913979839038,0.1476735988598827,0.045837440450138975,0.04715638398531511
218,218.0,218.0,0.052411403216272835,0.2779843680054361,0.308005821905433,0.04622002439741867,0.07573211023667593,0.1451737217465913,0.04567666587923233,0.04879588461293948
219,219.0,219.0,0.05222927272157654,0.2780955505827779,0.3079118416180026,0.04719002435185528,0.07766177226412087,0.1428042369193779,0.045471620273865705,0.04863568126842283
220,220.0,220.0,0.04821140019585883,0.27847171526818665,0.3117161257830404,0.050042175185653175,0.07670112899474353,0.14203112774819587,0.04526406404123349,0.04756226278308774
221,221.0,221.0,0.04903138912608113,0.28133211633878763,0.30969963608639417,0.05007641283012418,0.07580934120577464,0.14197078903649593,0.04445322873905487,0.0476270866372871
222,222.0,222.0,0.048827217766375955,0.2807734153424374,0.31396607817671807,0.049976071864915025,0.07512854605585666,0.142738389599335,0.041882085613647944,0.046708195580713714
223,223.0,223.0,0.048596627441332,0.28177339141385566,0.31653400210330673,0.05353861261561085,0.0727942818859267,0.14164798590849728,0.04167448293452932,0.04344061569694107
224,224.0,224.0,0.048886771606651384,0.28069198279173574,0.31494534307410976,0.05362209706604328,0.07229407131451036,0.14447173629027266,0.04171617632172648,0.04337182153494997
225,225.0,225.0,0.04880160784142263,0.2832859810567881,0.3160924035560743,0.05357506039506194,0.07273602340847332,0.1404613472137179,0.041665102012276814,0.04338247451618475
226,226.0,226.0,0.04795388197887062,0.28367158366538153,0.318017353261369,0.05275856392653681,0.07586311565512387,0.13694760428581754,0.04186683281931674,0.04292106440758369
227,227.0,227.0,0.04716108073182859,0.28407481693080394,0.31867175467189185,0.05215036693473927,0.07856337404219786,0.13646217798783736,0.04068041217904487,0.04223601652165608
228,228.0,228.0,0.046509702800415796,0.2843664384158631,0.3209358189114011,0.046347505124142305,0.07901005834553604,0.13954719923561207,0.04084535078069276,0.042437926386336575
