Total_iterations,Unnamed: 0.1,Intertwine_two,Add_vertex,Delete_vertex,Invert_path_vertices,Insert_inside_vertex,Delete_inside_vertex,Replace_inside_vertex,Donate_between_routes
0,0.0,0.125,0.125,0.125,0.125,0.125,0.125,0.125,0.125
1,1.0,0.1247934660175639,0.1256008734249713,0.1251971697212676,0.1247934660175639,0.1256008734249713,0.1244272193585337,0.1243897623138602,0.1251971697212676
2,2.0,0.1247253837215871,0.1263624948326982,0.1258587540919575,0.1240216800178834,0.1262513837215871,0.1236999065414825,0.1235920133512167,0.1254883837215871
3,3.0,0.1246387344684422,0.1270099115054792,0.1274508044684422,0.1228679937277015,0.1271962078017755,0.1232992831316788,0.1224899641317419,0.1250471007647385
4,4.0,0.1244556085871732,0.1272310732545132,0.1285534178568701,0.1217021745804391,0.1283794695508095,0.1234597696355791,0.1213141292838062,0.1249043572508095
5,5.0,0.1240511213630414,0.1278593232476138,0.1299408754585263,0.1203906294068125,0.129564482483304,0.1234287007018244,0.1199674841025734,0.1247973832363041
6,6.0,0.1232913916425125,0.1288077841205573,0.1311471197523727,0.118853820153968,0.1306986619110287,0.1239070499450253,0.1189309257235353,0.1243632467510001
7,7.0,0.1221809712088615,0.1304728798395597,0.1323585598316022,0.1173725733902881,0.1319989844884183,0.1240198085607706,0.1179915579330097,0.1236046647474898
8,8.0,0.120922881119585,0.1320529953745244,0.1334225212018437,0.116458477261825,0.1332792420431418,0.12396549956374,0.1169350573110525,0.1229633261242874
9,9.0,0.1196248656478505,0.1342017107599151,0.1349720883097959,0.1159378001007104,0.1340464469118324,0.1242387338457004,0.1153097201835709,0.1216686342406244
10,10.0,0.1189689324029719,0.1366491829258656,0.1366372974652273,0.1151442931352333,0.1340970288843081,0.1243720867421529,0.1134348268540616,0.1206963515901793
11,11.0,0.1183099606256228,0.1391520698542571,0.1381269609750406,0.1145080862989801,0.1344298019309174,0.1249212596436175,0.111603312248047,0.1189485484235175
12,12.0,0.117206929383027,0.1414198790683159,0.1402963989485675,0.1144101190667232,0.1335917556555525,0.1254449711076401,0.1105426218159413,0.1170873249542324
13,13.0,0.1158654906197222,0.1438229661477042,0.1421361286015391,0.1141957861433614,0.133265456922769,0.126115281335212,0.1092873336937546,0.1153115565359374
14,14.0,0.1143747090328141,0.1461847311401328,0.1438018468928416,0.11375743188179,0.1329287154663581,0.1271664358839033,0.108106673391956,0.1136794563102041
15,15.0,0.113411051981933,0.1480319317286903,0.1456529969868436,0.1133767624849532,0.1323107979799199,0.1283069812521094,0.1067256423130734,0.1121838352724773
16,16.0,0.1119175834351957,0.1497176927611867,0.1475727195143056,0.1131002993527698,0.1322603056729399,0.1301680591222819,0.1050053637260712,0.1102579764152491
17,17.0,0.1100427095461368,0.1518136030226746,0.1493109662617695,0.1129892477513605,0.1324704808002152,0.1323545334931224,0.1030238431803219,0.1079946159443989
18,18.0,0.1085158310594452,0.1539116920160132,0.1511468028946365,0.1125164491979007,0.1324447755650548,0.1346110179346846,0.1009533905359863,0.1059000407962786
19,19.0,0.1069943236266109,0.1559219980774713,0.1533356392392043,0.1122020808367697,0.132249711167925,0.1368103037570096,0.0989161853555781,0.103569757939431
20,20.0,0.1053067643614709,0.1581274316463423,0.1554635895821176,0.1117593079698324,0.1316323900736654,0.1397594755639558,0.0969413067372798,0.1010097340653356
21,21.0,0.1042748488600401,0.1600545732700346,0.1577446506783861,0.111003730176633,0.130687803097567,0.1431432012311898,0.0945289166855546,0.0985622760005946
22,22.0,0.1035092684148675,0.1609995810947834,0.1600531204725287,0.1102576889864739,0.1300223124891773,0.1461776519640358,0.0925578637591513,0.0964225128189819
23,23.0,0.102574225013576,0.1621681453787242,0.1627934952759976,0.109300368258682,0.1293770991013296,0.1493224599157732,0.0903861296610592,0.094078077394858
24,24.0,0.1016013223932897,0.163243677910207,0.1661200047745332,0.1084335632886145,0.1282600041112153,0.1525927441834152,0.0880237229612908,0.091724960377434
25,25.0,0.1006476791422053,0.1640653845722325,0.1696689109965798,0.1066997858002434,0.1275628025620269,0.1562221348487564,0.0857583139963761,0.0893749880815794
26,26.0,0.0994506646076992,0.1647684622830794,0.1731282287025033,0.1053052561218944,0.1271146162165927,0.1596972883543341,0.083461125479415,0.0870743582344817
27,27.0,0.0979957745301464,0.1657466346465186,0.1776566777942585,0.1036501823512049,0.1268636831556861,0.1624177907404198,0.0810087930603818,0.0846604637213836
28,28.0,0.0968694600800965,0.1659988395135392,0.1824800522430005,0.1016669556040345,0.1267201658402338,0.1652067124448847,0.078690640580158,0.0823671736940525
29,29.0,0.0962858477731077,0.1659728061721387,0.1870271462593579,0.0999610802861747,0.126443534346961,0.167774178156291,0.0764315748846619,0.0801038321213067
30,30.0,0.0952391228604689,0.1660213240520971,0.1915967068797214,0.0981642714539794,0.1261405153077576,0.170638656455397,0.0743337371303943,0.077865665860184
31,31.0,0.0942918965902002,0.1662300505135117,0.1956372353208567,0.0966592012468186,0.1255507955545947,0.1733978636742449,0.0724014579776131,0.0758314991221599
32,32.0,0.0927739474586884,0.1667850256144065,0.1998351524976935,0.0950482405132529,0.1247452600889406,0.1757613726686787,0.0710164362213823,0.0740345649369567
33,33.0,0.0913342942361973,0.1670257337194996,0.2047253011758526,0.0933580728390105,0.1232671381234069,0.1782019586765702,0.0697905956632396,0.0722969055662228
34,34.0,0.0896730231073807,0.1673255745672851,0.209818695365609,0.0916662628052448,0.1216921174856628,0.1805632416557225,0.0686280861116104,0.0706329989014842
35,35.0,0.0879906815766063,0.1679006575168496,0.2152704454660711,0.0900025361183434,0.1193704299827697,0.1830144754125833,0.0678386114065637,0.0686121625202123
36,36.0,0.0864775406452088,0.1684419649973785,0.2204097618891712,0.0883906800794981,0.1173309333811437,0.1850885810090057,0.0672383770363029,0.0666221609622907
37,37.0,0.0848917521549114,0.1688495190746808,0.2256577723491659,0.0867681427806202,0.115366692883824,0.187237617959363,0.0666685102156176,0.0645599925818165
38,38.0,0.08331901797767,0.1700716923670235,0.230732322556572,0.0846221938852241,0.1132679373421563,0.1897770449301962,0.065621747618155,0.0625880433230024
39,39.0,0.0817088215836673,0.1713636155099462,0.2358433327334282,0.0825492098347719,0.110991064178442,0.1923760226718472,0.0645222009640833,0.0606457325238134
40,40.0,0.080120041705208,0.1729617723498821,0.2404006548914052,0.08054664561533,0.1088819515993875,0.1945830148252853,0.0633594074215304,0.0591465115919709
41,41.0,0.0786562214482189,0.1745789210601223,0.2446227487377677,0.0785766364431689,0.1064681142820024,0.1968135291564389,0.0623929452266363,0.0578908836456441
42,42.0,0.0769711279115609,0.1759569503483415,0.2491699984320915,0.0766553841095084,0.1040992611004944,0.1991364629145477,0.0612872877787556,0.0567235274046994
43,43.0,0.0752542787719984,0.1773853186756719,0.2533523324472147,0.074857816268819,0.1017268453016491,0.2017325465080797,0.060068027714086,0.0556228343124807
44,44.0,0.073469654828476,0.1788943675084832,0.257256424080203,0.0734388115906486,0.0993828179257289,0.204102667428331,0.0590425964363944,0.0544126602017343
45,45.0,0.0719167330808944,0.1800602209514492,0.2611199655840091,0.0726354802893854,0.0968309324398815,0.2063038203307131,0.0579528019778944,0.0531800453457725
46,46.0,0.0704329999294657,0.1809729117379431,0.265318353044382,0.0718391196939361,0.0943245197750024,0.2082336845510522,0.0568818067937993,0.0519966044744187
47,47.0,0.0690285405007301,0.1823505733788453,0.2692163860042947,0.0717620077249612,0.0914061705801205,0.2093713962076503,0.0559226584874583,0.0509422671159391
48,48.0,0.0675911368116823,0.184082487217311,0.2729045597252602,0.0715564868481474,0.0886171108899366,0.2104143532460344,0.0549937613676974,0.0498401038939301
49,49.0,0.0661193541306848,0.1859164271095236,0.2762401003602502,0.0712952378462367,0.0859689101435159,0.2113530826876254,0.0544409757250449,0.0486659119971181
50,50.0,0.0646908192209195,0.1879998476099578,0.2792577647666682,0.0708994188175375,0.0833975696194064,0.2122724231834444,0.0539365975219764,0.0475455592600894
51,51.0,0.0633935332993767,0.1901814065968135,0.281940830136007,0.0703103463909693,0.0809489278021457,0.2132865788443639,0.0534104698498446,0.0465279070804788
52,52.0,0.0619553360030359,0.1924852142893416,0.2847894620244665,0.0696076006498356,0.0785721915954382,0.2139818443827278,0.0530662036623551,0.0455421473927989
53,53.0,0.0605838434013861,0.1945930757181529,0.287703150783698,0.0688893051721037,0.0764225689452816,0.2144996961007528,0.0527102052582023,0.0445981546204221
54,54.0,0.0591673760909782,0.1965787418097426,0.290421971422199,0.068176629093975,0.0745242210604176,0.2150831180662034,0.0523443116751854,0.0437036307812984
55,55.0,0.0578263288510579,0.1985807093682095,0.2929115388582513,0.067278564145399,0.0727640338623034,0.2157919676718404,0.0519783716280157,0.0428684856149225
56,56.0,0.0562305567252593,0.2005316240194543,0.2943239229451818,0.0666258786142422,0.0713289751426711,0.2168768016481507,0.0516946052554172,0.0423876356496231
57,57.0,0.0547285740018265,0.202531788217065,0.2955321048044401,0.0660012374675242,0.0698753405898057,0.2180223168750102,0.0514251955504666,0.0418834424938613
58,58.0,0.0530714823899557,0.2046619493541961,0.2969000329005877,0.0652627028989244,0.0686710999673494,0.2186981978022734,0.0512306907416407,0.0415038439450721
59,59.0,0.0514787905542731,0.20678877833957,0.2985080255959775,0.0644195547826454,0.0676175700311013,0.2191099058143576,0.0509011848149096,0.0411761900671651
60,60.0,0.0499323827954689,0.2085600796469195,0.299975669985302,0.0635544147653899,0.066885313421062,0.2194342314343324,0.0507006147322562,0.0409572932192688
61,61.0,0.0486416756914829,0.2097599697235624,0.3015042211660458,0.0627738342475527,0.0666723795549066,0.2192639745142474,0.0505522589112825,0.0408316861909192
62,62.0,0.0474342482122564,0.210756514430664,0.3030066177977568,0.0620147888240623,0.0666554647914632,0.2188679640696109,0.0505308852674425,0.0407335166067436
63,63.0,0.0462936386936802,0.2115199209621039,0.3042477789404711,0.0614258614533028,0.066917008756192,0.2183607712096634,0.0504830702454817,0.0407519497391044
64,64.0,0.0451914313730965,0.2123965679997021,0.3052514422410244,0.0608091440155051,0.0671415664323708,0.2181492734371159,0.0503085941001422,0.0407519804010425
65,65.0,0.0442067847098677,0.2130165080425098,0.3060635986319004,0.060187690822799,0.067377003656261,0.2182694978937775,0.0501688969115999,0.0407100193312842
66,66.0,0.0432941306651851,0.213673219217319,0.3069259761273915,0.0595998221309114,0.0677120170102854,0.2181450095497127,0.049996056389557,0.0406537689096376
67,67.0,0.042454571858329,0.2146122835763605,0.3077199431557436,0.0587938192426675,0.0681402094818133,0.2179033540985208,0.0497935530243784,0.0405822655621868
68,68.0,0.0416825572688594,0.2154436341510487,0.3086718992247502,0.0579797168487255,0.0688088280179354,0.217308071970043,0.0496479811219902,0.0404573113966474
69,69.0,0.0408887316920235,0.2163884270126009,0.3097866529861874,0.0572478326410924,0.0693059341578719,0.216553736057957,0.0494929023126412,0.0403357831396255
70,70.0,0.0401757067715733,0.2173225740432844,0.3109533248737473,0.0565699977402741,0.0698105594962654,0.2156237311234211,0.0493267489832342,0.0402173569682001
71,71.0,0.0395755913905761,0.2182865621863247,0.3118047516784698,0.0558838616526964,0.0703901883374596,0.2147082561646752,0.0492496920710651,0.0401010965187331
72,72.0,0.0391108306882716,0.2194784232225943,0.3125776587225184,0.0552037792251267,0.0708517474178783,0.2136071433210069,0.0491393091686143,0.0400311082339892
73,73.0,0.0387346356309148,0.2200823156799281,0.3131544027665129,0.0545653400918444,0.0717941657809584,0.2127509517399428,0.048940920379629,0.0399772679302695
74,74.0,0.0386469567573946,0.2206461842943565,0.3133719838209277,0.0540596535886318,0.0727982567384675,0.2115681731001922,0.0486759126996851,0.0402328790003443
75,75.0,0.0386764230334728,0.2213263463429531,0.3128831552760504,0.0535936026689993,0.0737451435953797,0.2104363170491439,0.048850899812331,0.0404881122216695
76,76.0,0.0387530961329041,0.2221896733182144,0.3121055782061119,0.0530775751759267,0.0745118347230217,0.2094440947288701,0.0489860485285483,0.0409320991864025
77,77.0,0.0389204552466977,0.2230808306864692,0.3111215545274711,0.0525571433283511,0.0750801520737551,0.2087491422864662,0.049167213722993,0.0413235081277964
78,78.0,0.0390999808873725,0.2240001497523609,0.3103433373063303,0.0519639195455492,0.0755708400976257,0.2080535031407258,0.0493072426018723,0.0416610266681631
79,79.0,0.0393377390396438,0.2245503068454475,0.3098143923337103,0.051574606271206,0.0758946395320922,0.2072609584942017,0.0495913413629371,0.0419760161207611
80,80.0,0.039506268701627,0.2252419675264946,0.3090439536166314,0.0513234513367572,0.076340327988005,0.206509375573811,0.0497539632285282,0.0422806920281452
81,81.0,0.0396745831913228,0.2257958144716851,0.3085040522237597,0.0510813247568799,0.0767473744242402,0.2057089956066243,0.0499563522854558,0.042531503040032
82,82.0,0.0397372255696785,0.2263609284177828,0.3079669186746334,0.0507093237737556,0.0770679000907544,0.2054242171735273,0.0500206356483979,0.0427128506514698
83,83.0,0.0398490940532824,0.2269518882484491,0.3076217250549419,0.0503515822544496,0.0773026781715216,0.2051125604555322,0.0499682513262246,0.0428422204355984
84,84.0,0.0398837803258369,0.2275422430654496,0.3073682432828692,0.0501334355193523,0.0773863314465051,0.2046090000509261,0.0497758760738059,0.0433010902352547
85,85.0,0.040102714171553,0.2279674504239967,0.3072869023424596,0.0499313554734202,0.0772807996213262,0.2040915539415375,0.0497856896134916,0.0435535344122149
86,86.0,0.0403088363280947,0.2285286454677911,0.3071676196786131,0.0498628609862666,0.0771310816785348,0.2034287189374606,0.0498318184786476,0.0437404184445911
87,87.0,0.0401914427430887,0.2290631133231051,0.3072275194578826,0.0497937911032248,0.0768859663133468,0.2029875825617527,0.049978543236936,0.043872041260663
88,88.0,0.0401322164982071,0.2297644366556609,0.307220050898812,0.0500348040416759,0.0766073345047466,0.2020946194621898,0.0501835856652063,0.043962952273501
89,89.0,0.0400638792929896,0.2308004484853798,0.3070499777181562,0.050303016324681,0.0759121088279813,0.2013844633154121,0.0504019747118183,0.0440841313235814
90,90.0,0.0399711273541449,0.2318116221340151,0.3069298134829532,0.0505957359913414,0.0748886059481582,0.2008800690516899,0.0506175846200296,0.0443054414176674
91,91.0,0.0399419930430651,0.2328328869958714,0.3067699879864269,0.0509039065665073,0.0738686456651355,0.2002966489099069,0.050853294205372,0.0445326366277145
92,92.0,0.0398975069098107,0.2337557134300425,0.3064649375191082,0.0513199680039149,0.0730257498344244,0.1998475185295985,0.0510511634265796,0.0446374423465208
93,93.0,0.0398581903164637,0.2346046734138182,0.306315176224383,0.0512137483689271,0.0721558806686352,0.1996464668695153,0.0515588009347425,0.0446470632035146
94,94.0,0.0397902165532789,0.2354410881207687,0.306073230893837,0.05115871580531,0.0715214219626113,0.1994100659285977,0.0519975419426811,0.044607718792915
95,95.0,0.0396505870529725,0.2361610761716065,0.3059593956513336,0.0510890507775033,0.071058486386881,0.1992381412384134,0.0523121371662344,0.0445311255550551
96,96.0,0.0394791189908296,0.2369849149176282,0.305726901064409,0.0509807982987735,0.0706131561477109,0.1992149013672066,0.0525662424481589,0.0444339667652829
97,97.0,0.0393525238530418,0.2375829469759462,0.3054513318207659,0.0510202283207012,0.070154251038944,0.1993592784269614,0.0529260639074161,0.0441533756562229
98,98.0,0.0395108692084015,0.2381830918625912,0.3048615132481128,0.0510296379522401,0.0697340278117009,0.1996819056616368,0.0531740201024157,0.0438249341529007
99,99.0,0.0396095560663488,0.2387190845671489,0.3043625701490891,0.0511229014162053,0.0693043688782713,0.2000282113659108,0.0533814160390984,0.0434718915179272
100,100.0,0.0395360865015577,0.2393401715899093,0.303837329050443,0.0511743100225059,0.0688576938415617,0.2005489161492204,0.0536190399143022,0.0430864529304996
101,101.0,0.0394437520009507,0.2398856467892036,0.303337198246827,0.0514236550930893,0.0683296564105474,0.2010564712268204,0.0538491062809146,0.0426745139516469
102,102.0,0.0393587788736628,0.2405731836758834,0.3027778887102806,0.0517367068198872,0.0677979303788466,0.2014309867677917,0.0540574613673697,0.0422670634062778
103,103.0,0.0393201787834087,0.2414642275914126,0.3022124765767536,0.0518609800345699,0.067715311663797,0.20168934508969,0.0540441819869495,0.0416932982734184
104,104.0,0.0393001062206306,0.2422194186168329,0.301541766887697,0.0518909403217739,0.067653256061458,0.202021489222949,0.0542212029089705,0.0411518197596879
105,105.0,0.0392705993686991,0.2431196193141349,0.3010141339347277,0.0518890129021336,0.0674015934999073,0.2023447307595723,0.0543526479529419,0.0406076622678829
106,106.0,0.0392705414456523,0.2440153310732478,0.3003363214571993,0.0519072009521832,0.0669946009100622,0.2028742533616806,0.0544914451666331,0.0401103056333411
107,107.0,0.039296990374705,0.2448889572878823,0.2998400001756545,0.0518945292530035,0.066557445672366,0.2032017251449137,0.054438011421486,0.0398823406699886
108,108.0,0.039055538571962,0.2456219569734827,0.2999183164305782,0.051891127124723,0.0661564798238397,0.2036240530486812,0.0540498362063883,0.0396826918203446
109,109.0,0.0388309170832243,0.2460496811422942,0.2998747863811385,0.0518837304760397,0.0658191737746081,0.2041026955027822,0.0537294959330968,0.0397095197068159
110,110.0,0.0388046508305559,0.2462145527286338,0.2998823364656208,0.0518764310048117,0.0655162298784187,0.2043524532190994,0.0535910115885284,0.039762334284331
111,111.0,0.0386966893242169,0.2463088496150864,0.2998947744961179,0.0518732324478665,0.0651140612401539,0.2049274740813805,0.0534425491549674,0.0397423696402101
112,112.0,0.0386055263389176,0.2466212953702034,0.2998996726204997,0.0519182405499303,0.0648428606201758,0.2053404187977981,0.0532526305640553,0.0395193551384195
113,113.0,0.038502331259635,0.2472251402719466,0.2999300445638276,0.0518195266255893,0.064574574953381,0.2058172430820317,0.0528486481651429,0.0392824910784455
114,114.0,0.0384121281707534,0.247609622305704,0.3000949543493232,0.0518498085452343,0.0644726715641081,0.2062227509931326,0.0522739729956284,0.0390640910761158
115,115.0,0.0383221172778094,0.2477471249361856,0.3005977606019012,0.0517708247807083,0.0643894539146964,0.2067077881554859,0.0516030176219411,0.0388619127112717
116,116.0,0.0382318051830628,0.2479628125616432,0.3011492976659099,0.0521177137450996,0.0638814802849193,0.2073139406577539,0.050732265297154,0.038610684604457
117,117.0,0.0381919512713393,0.2482097140257345,0.3015950996767955,0.0525360343613391,0.0634027962690181,0.207898317995633,0.0498059174018172,0.038360168998323
118,118.0,0.0381236809028428,0.248339096539365,0.30190263187111,0.0531873180789999,0.0629730808688984,0.2084919232704213,0.0488718751254186,0.0381103933429437
119,119.0,0.0380527182680844,0.2485468200858143,0.3022244770538026,0.0538144535036517,0.0625512228910517,0.2088989912562277,0.0480475497139477,0.0378637672274197
120,120.0,0.0378810840996683,0.2486201917999481,0.3025660362030118,0.0543854785295685,0.0624106281063698,0.2093202625229194,0.0472629617483974,0.0375533569901164
121,121.0,0.0376927982306092,0.2490966841754273,0.3025949219722981,0.0549105209581287,0.0622710827103226,0.2096554487746121,0.046491677594471,0.0372868655841306
122,122.0,0.0375143068800484,0.2493237638638699,0.3022876051278964,0.0554243900158322,0.0621195163628779,0.2100528458993893,0.0459094075801546,0.0373681642699308
123,123.0,0.0373322613694964,0.2496195266288616,0.3020714818551726,0.055897908156163,0.0618652223692448,0.210473679321783,0.0453563488727422,0.037383571426536
124,124.0,0.0371756604438513,0.2496404353781678,0.3018532034646072,0.0564616527371982,0.0614936812575236,0.2109355192952396,0.0448562233725688,0.037583624050843
125,125.0,0.0369965515431934,0.2495817337355163,0.3019611034919953,0.0568083305042968,0.0611427154259616,0.2113420013341974,0.0443924936190089,0.0377750703458299
126,126.0,0.0368337290065772,0.2495365131749974,0.3021055257779953,0.057066697936651,0.0607378770914922,0.2117527055436893,0.0439820405605692,0.0379849109080281
127,127.0,0.0367517943825399,0.2500503921504518,0.3022955920509285,0.0572946799576468,0.0603741176704572,0.212001934659949,0.0433511039960945,0.0378803851319319
128,128.0,0.036671957046854,0.250538593914986,0.3026406154868977,0.0574790534379432,0.0600296951327351,0.2122091025193601,0.0426557319757655,0.0377752504854582
129,129.0,0.0366842294540884,0.251659627630025,0.3028505433245805,0.0579467321619067,0.0598950554852736,0.2115841480407428,0.0419357124139667,0.0374439514894158
130,130.0,0.0366997964567882,0.2528145942753736,0.3031919422635369,0.058369611475783,0.059808410805325,0.2105663586645693,0.0412679189462429,0.0372813671123806
131,131.0,0.0370525249406184,0.2537143489007692,0.3029280896152371,0.0589333348248819,0.059822710541348,0.2094211731639329,0.0408087765445713,0.0373190414686408
132,132.0,0.0375020792057235,0.2547137441875964,0.3025724476767482,0.059542829488566,0.0598948847251527,0.2079328499463753,0.0404387549903078,0.0374024097795297
133,133.0,0.0380377916488862,0.2558969061650359,0.3010823526545745,0.0601372656053662,0.0601689079776031,0.2066445072509957,0.0405118709658424,0.0375203977316955
134,134.0,0.0386452719182588,0.2573516412316745,0.2992604809919472,0.0607316376893239,0.0606582317014824,0.2051668734376998,0.0405785645305568,0.0376072984990562
135,135.0,0.0392353411538245,0.2589101475446373,0.2973222002648166,0.0612793060803776,0.0610928263721373,0.2039068646188479,0.040723603101228,0.0375297108641304
136,136.0,0.0399992553750017,0.2604274599744723,0.2955455621838667,0.0619367378012449,0.0615121652847361,0.2023669909972536,0.0410029815134617,0.0372088468699625
137,137.0,0.040483991993463,0.2619479482508555,0.2937089461960535,0.0625366429691026,0.061886609897344,0.2010434675032191,0.0412514831758937,0.0371409100140682
138,138.0,0.0410965629377829,0.263324288036696,0.2918494483125658,0.0628127325387557,0.0622487644635048,0.1997842090817852,0.0418310615283513,0.037052933100558
139,139.0,0.0416698561414606,0.2645247108329534,0.2898985922304434,0.0630213453276272,0.0626094715340724,0.1986550471536403,0.0426556015535024,0.0369653752263
140,140.0,0.0422418734702552,0.2656905138049938,0.2881214525736789,0.0631255212713632,0.0630002372915826,0.1974839215565476,0.0434672804682849,0.0368691995632935
141,141.0,0.0431781146606982,0.2666967754124384,0.2865783558123776,0.0630405617940134,0.0634781164386116,0.1960259429419846,0.0441552366078538,0.036846896332022
142,142.0,0.0442971882490415,0.2675710591903023,0.2849969004570402,0.0630751301160518,0.0639058360022052,0.1945303614712339,0.0448019627783407,0.036821561735784
143,143.0,0.0453159123922557,0.2688589764318506,0.2834966061236936,0.0627768584053544,0.0642043253207818,0.1927952486502777,0.0454167267896373,0.0371353458861485
144,144.0,0.0462076442204654,0.2698118397968303,0.2823025366080864,0.0624659494005947,0.0646295201863809,0.1910710361633479,0.0460556892758408,0.0374557843484534
145,145.0,0.0471145822507904,0.2705993139204565,0.2808340843829743,0.062246422424805,0.0651366886939091,0.1895440791181454,0.0466741897865484,0.0378506394223707
146,146.0,0.0482467745260821,0.2715762511611235,0.2795761443244068,0.0618981820425539,0.0654116097630805,0.1879100862291142,0.047205320367792,0.0381756315858468
147,147.0,0.049344576487497,0.2719457707391383,0.2784752952597772,0.0617679174027284,0.0656346604315798,0.1866244907617202,0.0477191705104642,0.0384881184070946
148,148.0,0.0501976681419427,0.2720999659841407,0.2778276294643175,0.0616490881430116,0.0659128984394539,0.1853263258693891,0.0481864788044242,0.0387999451533199
149,149.0,0.0509883087176652,0.2718781567325891,0.2774987932611238,0.0615345585656319,0.066013359409751,0.1842070589892791,0.0486364707582168,0.0392432935657429
150,150.0,0.0516873223625872,0.2718912719113418,0.2773885381118608,0.0611922254172674,0.0661743240523513,0.1830807625748417,0.0491350833122012,0.0394504722575484
151,151.0,0.0520155556792636,0.2717274655319722,0.27759848734408,0.0609658006222907,0.0663991317030072,0.1821785704256278,0.0494466561120156,0.0396683325817427
152,152.0,0.0523097957660201,0.2715436630123594,0.2779262274982482,0.0605971219638053,0.0666544071202624,0.1813977530566364,0.0496571947189526,0.0399138368637155
153,153.0,0.0528124759165255,0.2708878319001934,0.2785223268388014,0.0603754695722453,0.0666759779831773,0.1806763987208489,0.0497845061667943,0.0402650129014136
154,154.0,0.0528327169707394,0.27077176542753,0.2796192790542287,0.0600987432005118,0.066648371023072,0.1798780716016038,0.0495643582930372,0.0405866944292769
155,155.0,0.0533404971663619,0.2705862478222141,0.2806029973578133,0.0598016746335254,0.066307749923092,0.179274768422474,0.0493752711379552,0.0407107935365639
156,156.0,0.0539198631036856,0.2704481011793379,0.2814132385476409,0.0591464643329018,0.0660816783599932,0.1788756799128988,0.0492702585221783,0.0408447160413632
157,157.0,0.0545757102549328,0.2706127242880834,0.2821582726342969,0.0582021009181507,0.0658900748316183,0.1786014316774528,0.0489620044120698,0.0409976809833949
158,158.0,0.0550757454347449,0.2709226504104846,0.2826391784365761,0.0571849105193363,0.065583140939638,0.1785683629308246,0.0485699820417554,0.0414560292866397
159,159.0,0.0555094368429504,0.2716370108056738,0.2831117147234145,0.0561356836579545,0.0652177465342224,0.1784358906684706,0.0481149360638848,0.0418375807034287
160,160.0,0.054981817213957,0.2721792919968374,0.2841781013367909,0.0551123848934092,0.0648540388573064,0.1788363036407963,0.0476584517649697,0.0421996102959329
161,161.0,0.0542169775096585,0.2729560380641253,0.2855280321835812,0.0540869096574806,0.064417416219096,0.1792483296932039,0.0471960011979791,0.0423502954748751
162,162.0,0.0533678426541663,0.2733545843268623,0.2868489714976855,0.0533255664847105,0.0640177591532488,0.1799285509529272,0.0467352798857369,0.0424214450446623
163,163.0,0.0524905664457488,0.2738304423691939,0.2885628874485202,0.0525522059327727,0.0635750953882486,0.179888481071426,0.0463074367422166,0.042792884601873
164,164.0,0.0515462907052886,0.274303300509078,0.2899959758656951,0.051860347933491,0.0635677282238843,0.1796370400272965,0.0459711842785819,0.0431181324566843
165,165.0,0.0505955495061213,0.2746189445704562,0.291409412401259,0.0512147172666303,0.0635529210718899,0.1795590892154472,0.0456392141729133,0.0434101517952824
166,166.0,0.0493573096916012,0.2747628970166273,0.2934661948374857,0.0504784088584637,0.0639438775695712,0.1789224662878442,0.0454137259696123,0.0436551197687941
167,167.0,0.0481095548008182,0.274742910065738,0.295655667368413,0.0498361209465767,0.0643575399424548,0.1782664098652128,0.0451802437055006,0.0438515533052856
168,168.0,0.0469938711756614,0.2743504951087829,0.2978512383166878,0.0490776567335531,0.0645967447427832,0.177838235338379,0.0451612660448552,0.044130492539297
169,169.0,0.0458485160996457,0.2742886777670596,0.3003855923418254,0.0485620422012471,0.0642738126633988,0.1773141521567291,0.0450780145357733,0.0442491922343206
170,170.0,0.0447285303432699,0.2744816081743388,0.3029177099676995,0.0480767414959251,0.0638705313885268,0.1766273817973009,0.0449760577806068,0.0443214390523318
171,171.0,0.0436041462957464,0.274693561206205,0.30520046253862,0.0476815335639286,0.0637981803422516,0.1758811954621886,0.0448279639324625,0.044312956658597
172,172.0,0.0425515815474236,0.2747157935553119,0.3072950656697425,0.0473799833255653,0.0637369777478233,0.1753035921356919,0.0446970650213856,0.0443199409970556
173,173.0,0.0418416005641654,0.2747540547570936,0.309389872872276,0.0471786561597504,0.063353914982588,0.1747799319880427,0.0446095258905012,0.0440924427855824
174,174.0,0.0412150623519586,0.2745571194538261,0.3114673921117945,0.0471286319279068,0.0628015356970347,0.1743468862458847,0.0443920252467167,0.0440913469648776
175,175.0,0.0407864223300738,0.2734521713873568,0.3131869100382435,0.0472905990671904,0.0627202756031776,0.1740158544278447,0.0443186035095659,0.0442291636365473
176,176.0,0.0404159179206492,0.2724513663109064,0.3149117330700012,0.0475986942298609,0.0626340826766192,0.1733866572920291,0.0442534791907422,0.0443480693091918
177,177.0,0.0401651620366944,0.2713020583246158,0.3163269528982365,0.0480310020422709,0.0630364709084873,0.1725896894696049,0.0441686920433992,0.0443799722766909
178,178.0,0.0399645353173904,0.2703670782953354,0.3175950961161772,0.0481571058359942,0.0635602468198607,0.1719342297797915,0.0440084380097942,0.044413269825656
179,179.0,0.0399422045416014,0.2691894714886501,0.3186038481270929,0.0483015145979505,0.0643755292619266,0.1711622665870679,0.0439883184542286,0.0444368469414816
180,180.0,0.0400516567842245,0.2682331776494949,0.319278619627899,0.0484623316852183,0.0653640108661744,0.170383036544075,0.0440616399319745,0.0441655269109392
181,181.0,0.040187821650817,0.2670572388471718,0.3199354015252319,0.0486286299937684,0.0664581321830069,0.1697073319264689,0.0440432485482261,0.0439821953253087
182,182.0,0.0403074968464263,0.2659977646878352,0.320654064132345,0.0487465505153244,0.0675736133310125,0.1690103860406552,0.0439712790749591,0.043738845371442
183,183.0,0.0404693175141061,0.265072098749723,0.3214420630300661,0.0489745087984216,0.0684697770894652,0.1680511562034264,0.0439331669400974,0.0435879116746939
184,184.0,0.0406767600703398,0.2643206113449934,0.3223787962808238,0.0490909718363141,0.0694095796866005,0.1666694653990029,0.0439311207395041,0.043522694642421
185,185.0,0.0409237327206082,0.2633292312572323,0.3232554940347031,0.0492360752137306,0.0703236231169034,0.1655991030724294,0.0440487853960789,0.043283955188314
186,186.0,0.0413603140690144,0.2619769984960103,0.3238994004051092,0.0492226898021229,0.0713184874348872,0.1647329019613065,0.0443021364508797,0.0431870713806696
187,187.0,0.0418484492764902,0.2602524887095414,0.3246553300410793,0.0493513109939098,0.072386009984639,0.1639217189595392,0.0444790988074213,0.0431055932273796
188,188.0,0.0423159131426208,0.2582684315419782,0.325470524935459,0.049469173408079,0.0733708088102858,0.1634822078294404,0.044629565414765,0.0429933749173716
189,189.0,0.0427494060176674,0.2566293242469472,0.326126554934473,0.0496009802043471,0.0743326568077685,0.162915162532589,0.0447457306000502,0.0429001846561573
190,190.0,0.0431633554047983,0.2553539740213042,0.3264471357412568,0.049752650286248,0.0748003645739059,0.1624267956636583,0.044933977428535,0.0431217468802934
191,191.0,0.0439895291592418,0.254407631452106,0.3264490833290601,0.0498959694568167,0.075245663007038,0.161451233822599,0.0451684560172104,0.0433924337559279
192,192.0,0.0444903530387346,0.2535622922097406,0.3264569406584153,0.0500840115533125,0.0756699128710063,0.1604345447614578,0.0454285728352442,0.0438733720720885
193,193.0,0.0450282889698565,0.253097677316822,0.3265567983156773,0.0499798387309522,0.0760092968143671,0.1594178033996943,0.0455964677371593,0.044313828715471
194,194.0,0.0455075391735434,0.2527323439221587,0.3267328381493727,0.0498266819309503,0.0760919336007011,0.1586938568895325,0.0457184333661433,0.0446963729675977
195,195.0,0.0463463335473036,0.2520575853775562,0.3268205445195287,0.0498250126862156,0.0760811910304834,0.1579944808036965,0.0458215226604071,0.0450533293748087
196,196.0,0.0475434699260443,0.2517031752509153,0.326419463157352,0.0497719461596729,0.0757201601811694,0.1577061659370165,0.0458747451229496,0.0452608742648798
197,197.0,0.0484859144039204,0.251980696877315,0.3259360583056921,0.0496461348304874,0.0754090387577247,0.1573813256369773,0.0457697213651707,0.0453911098227122
198,198.0,0.0494408591434292,0.252539845899387,0.3252723921214002,0.0494120121060858,0.0754007049613576,0.1565965043835107,0.0456922819452513,0.045645399439578
199,199.0,0.050730426296034,0.2532302967459214,0.3247156283687486,0.0490518592509981,0.0752662258495785,0.1555706801414609,0.0455838584338771,0.0458510249133811
200,200.0,0.0519921760899743,0.2542981240369363,0.3241351907688634,0.0486470550507851,0.0748308203710127,0.1546068941861701,0.0454608339927364,0.0460289055035215
201,201.0,0.0528149815817222,0.2557632609383274,0.3235363780501127,0.0485856270245705,0.0740749888794156,0.1535630761295355,0.045333872738214,0.0463278146581019
202,202.0,0.0535370447727828,0.2575243836896624,0.3228972588640144,0.0487232634026149,0.0732198224350637,0.1523688637896312,0.0451823059900207,0.0465470570562098
203,203.0,0.0543806783386576,0.2592286050444561,0.3221793980258798,0.0488472280374926,0.0724759949426121,0.1511705367658949,0.0450033380471025,0.0467142207979042
204,204.0,0.0552547638855949,0.2610463956432941,0.3214614580850285,0.0489812982812548,0.0715802725945082,0.1499601509179582,0.0448484720050972,0.0468671885872639
205,205.0,0.05559664826051,0.2627469724305314,0.32090583854359,0.0490988777062269,0.0707325723333821,0.148787508576572,0.0448584984896232,0.0472730836595642
206,206.0,0.0559637791505769,0.2649502052980854,0.3193865636528127,0.0491806285805512,0.0700187394514627,0.1478958745533176,0.0449826323229225,0.0476215769902707
207,207.0,0.0562384555479314,0.26720478479461,0.3179930756346085,0.0492353064514396,0.0692571278503336,0.1471419210083677,0.0450076546897674,0.0479216740229414
208,208.0,0.0563700876033112,0.2695087746761094,0.3166599469091062,0.0487522251542415,0.0686519534228085,0.1465209561129571,0.0450896118467507,0.0484464442747151
209,209.0,0.0562289428964175,0.2712197734238637,0.3154515258034608,0.0482984285873971,0.0683211896799406,0.1460734980288899,0.045462133555601,0.048944508024429
210,210.0,0.0560315087231587,0.2726939951320704,0.3142211845984729,0.0478835940933457,0.0682179801555426,0.1458253972665825,0.0457301557025953,0.0493961843282315
211,211.0,0.0557744127215377,0.2739464681933616,0.3135306691388065,0.0474715440234657,0.0681195895465434,0.1456824075136137,0.0458665603174207,0.0496083485452503
212,212.0,0.0552868840701547,0.2753400638094707,0.3128546935053993,0.0470260911526052,0.0682956362792563,0.1455442606211104,0.0459472258631394,0.0497051446988636
213,213.0,0.0548522851592948,0.2764810191418725,0.3122088137812405,0.0466287436911018,0.0685988850765227,0.1452922821737773,0.0460534335622161,0.049884537413974
214,214.0,0.0543623963904958,0.2772863183814253,0.3114056118337253,0.0465682099750054,0.0690244357228709,0.1452011023070937,0.0461629506114222,0.0499889747779611
215,215.0,0.0541925378327722,0.2782042678748744,0.3105743155573272,0.0464292063712796,0.0690766159852879,0.145195006348906,0.0462653673425547,0.0500626826869977
216,216.0,0.0541458186359748,0.2790489010810716,0.3099221151606309,0.0462178143968608,0.0691649811338501,0.1451789483903962,0.0463044129356117,0.0500170082656036
217,217.0,0.0540543549154389,0.2793783440774952,0.3096641545443872,0.0460129310037124,0.0696375740616884,0.1450185894972303,0.0463235858340017,0.0499104660660455
218,218.0,0.0539498475981614,0.2801327648129507,0.3089210529697263,0.0458649954855224,0.0702096203979385,0.1446508288756784,0.0463199025316235,0.0499509873283984
219,219.0,0.0538221935193232,0.2808013777645198,0.3082337112131456,0.045832403803714,0.0709726532016954,0.1440881247622694,0.0462896506324225,0.0499598851029097
220,220.0,0.0532895883878196,0.2814136876176553,0.3079923133527752,0.0461018625789477,0.0716302095887631,0.1434915412646543,0.0462334879962928,0.0498473092130916
221,221.0,0.052841460780569,0.2822213868690428,0.3076106444330799,0.0463872023671721,0.072183540752287,0.1429339781104661,0.0460921638540076,0.0497296228333751
222,222.0,0.052379628081528,0.2828835533903538,0.3077146765309197,0.0466708661846828,0.0726497172890016,0.1424992994372409,0.0456914684622607,0.0495107906240121
223,223.0,0.0519053955167353,0.2835583994861965,0.3081276118280924,0.0473154697523142,0.0728606380427203,0.1420014391638754,0.0452719885132906,0.0489590576967751
224,224.0,0.0514745129441997,0.2840397700295195,0.3084244515953802,0.0479661928368588,0.0729997821023576,0.1418322054234702,0.0448626508421495,0.0484004342260644
225,225.0,0.0510523248390193,0.2846989254726375,0.308871522348923,0.0486036989881425,0.0731621498575489,0.141305251458118,0.0444576747619733,0.047848452273637
226,226.0,0.0505650757881258,0.2853165961881446,0.3095385898097125,0.0491455184915146,0.0736167287973954,0.140471179554067,0.0440854436430218,0.0472608677280178
227,227.0,0.0500211595795248,0.2858963730334156,0.3102891782999919,0.04960846679972,0.0743183395505419,0.1396367364579407,0.0436096074637012,0.0466201388151634
228,228.0,0.0494378964101657,0.2864291187816393,0.3112749401289132,0.0494702530973953,0.0750369080036242,0.1391624942115034,0.0431685568096309,0.0460198325571274
229,229.0,0.0488888233634699,0.2867377343159454,0.3123448248835574,0.0493089267664194,0.0758990505941663,0.1385977905894339,0.0427465040591517,0.0454763454278555
230,230.0,0.0483701032234238,0.2869374744320491,0.3136956875439363,0.0489701478596443,0.0768034904292739,0.1380194251466256,0.0423398289384931,0.0448638424265534
231,231.0,0.0478990579428741,0.2871792737421156,0.3152943545895348,0.0487519760779844,0.0774079600761931,0.1372925559931125,0.041916073154735,0.0442587484234498
232,232.0,0.0474406386875617,0.2874119838712172,0.3168695328718333,0.048802993096403,0.0772431751539125,0.1370357982485813,0.041439344824339,0.0437565332461515
233,233.0,0.0469734696640848,0.2876903028645258,0.3185349041878186,0.0488141708351914,0.076950610816172,0.1368302532703438,0.0409518276482583,0.0432544607136049
234,234.0,0.046657735245766,0.288339096430402,0.3201342819347877,0.0488127715231119,0.0764479060258435,0.1361387527355778,0.0406811418018889,0.0427883143026216
235,235.0,0.0463729589352596,0.2888433467373326,0.3217833117322179,0.0488322576805547,0.0759144200135593,0.1354719512985855,0.0404314445190718,0.0423503090834182
236,236.0,0.046166225830353,0.2895947157489763,0.3233706092891588,0.0487668431542443,0.0753329689393942,0.1346585441520546,0.0401849256194134,0.041925167266405
237,237.0,0.0460880108994344,0.2902726565610753,0.3247381378754462,0.0486432076188327,0.0748401751989238,0.1339638731564047,0.0398999758693922,0.0415539628204901
238,238.0,0.0460443662360442,0.2909996678318025,0.3259557107363923,0.0484505308302352,0.0740280882532425,0.1335907386239683,0.039669925635198,0.0412609718531167
239,239.0,0.045858741569308,0.2919423636675189,0.3271323282302406,0.0481504694666798,0.0732464840873909,0.1331369503066462,0.0394937731607952,0.04103888951142
240,240.0,0.0455573398232375,0.2929691602725003,0.3279904599564165,0.0478828639127343,0.0724414226648128,0.1325939879114607,0.0393868921627603,0.0411778732960774
241,241.0,0.0453956381174298,0.2943725705316748,0.3283889763146366,0.0477170759060597,0.0720077695015495,0.1311049833976154,0.039414616344525,0.0415983698865089
242,242.0,0.0451731464894143,0.2958853178254927,0.3287004032897137,0.0478531948045217,0.0713809685594249,0.1296721150778201,0.0394872310812075,0.0418476228724049
243,243.0,0.0450505968435272,0.2972608505356791,0.3288915728616962,0.0480603075248972,0.0706149029304939,0.1284050652228907,0.0395878962864653,0.0421288077943502
244,244.0,0.0449604301324377,0.2985713170813025,0.3289554050621184,0.0482120651029728,0.0699021009732247,0.1272519581548582,0.039712904421599,0.0424338190714863
245,245.0,0.0448976954120355,0.3001100114570425,0.3289402623606953,0.0482814374838991,0.0691230919714954,0.1260314590731799,0.0398636255543873,0.0427524166872647
246,246.0,0.0448541180827079,0.3008980879871808,0.3289218636163841,0.0487180186752552,0.0685012394156571,0.1250350739229027,0.0400003218917211,0.0430712764081908
247,247.0,0.0447762255016293,0.3016391706487081,0.328852991151285,0.0490544271770281,0.0681796004123115,0.1239674597300639,0.0401450681994245,0.0433850571795493
248,248.0,0.0447674958765377,0.3023917440050765,0.3285702207927004,0.0493983471766342,0.0678410695013567,0.1230113648902703,0.0403057379435428,0.0437140198138812
