,Unnamed: 0,Generation,Intertwine_two,Add_vertex,Delete_vertex,Invert_path_vertices,Insert_inside_vertex,Delete_inside_vertex,Replace_inside_vertex,Donate_between_routes,Trim_one_terminal_cb,Grow_one_terminal_cb
0,0.0,0.0,0.10000000000000002,0.10000000000000002,0.10000000000000002,0.10000000000000002,0.10000000000000002,0.10000000000000002,0.10000000000000002,0.10000000000000002,0.10000000000000002,0.10000000000000002
1,1.0,1.0,0.10153589915309791,0.09633778486137669,0.08794056019543875,0.10554730512185355,0.09999935411006186,0.10797355373582085,0.1014915204810356,0.10015095457075437,0.10140711567432178,0.09761595209623819
2,2.0,2.0,0.10521880256401009,0.09572895420168737,0.08583330507120282,0.10224819259157292,0.09600770907657619,0.11018541874487398,0.10077415342260573,0.09741610940140968,0.10830217043291328,0.09828518449314753
3,3.0,3.0,0.09542914116940245,0.09517744765973483,0.0866458647093707,0.10237446295450994,0.09648653047476993,0.11079634571755899,0.09839054264076373,0.09618826221738361,0.11268142198161615,0.10582998047488919
4,4.0,4.0,0.09657621260094618,0.09741473869190367,0.08507696944155563,0.1022165483834165,0.08688885244635719,0.11352036525153317,0.09954339651239313,0.10486320088467505,0.10846260473327882,0.10543711105394016
5,5.0,5.0,0.1016807367374251,0.09843875217129329,0.08554842291369576,0.10209707261686274,0.09103519990464372,0.1148388674692997,0.0958204590312647,0.08822074672129215,0.11690543646337222,0.10541430597085025
6,6.0,6.0,0.09802909046500148,0.09961247067970926,0.08295857229177409,0.10725653630969381,0.08581924693549452,0.11067538850364196,0.09565660394261251,0.08927083021807394,0.1191541990406471,0.11156706161335088
7,7.0,7.0,0.09716504516489077,0.10500236003061128,0.09008719859388792,0.09764587939144007,0.07850413887840227,0.12051258354046668,0.09674031942899643,0.08477523189333651,0.11664502041688163,0.11292222266108601
8,8.0,8.0,0.09098776663114208,0.10099022163588456,0.09105406652656786,0.1028907271690535,0.08252139536565962,0.1151199790577897,0.09528553170281333,0.08608282828724557,0.12130865959975437,0.11375882402408903
9,9.0,9.0,0.09835026677385451,0.0974578992510676,0.08634899398048382,0.09930523644681434,0.08146067166289928,0.12119695318559051,0.09855614575997308,0.08621872957660634,0.12169459881206157,0.10941050455064845
10,10.0,10.0,0.09770646309988323,0.09528064223933518,0.08868810463386742,0.09833567609778149,0.07878668485875906,0.12038482294136968,0.09411675742630697,0.08564461633694577,0.13288561681565209,0.10817061555009873
11,11.0,11.0,0.09354133566154263,0.09892189330689585,0.09515985092076681,0.1009466658768621,0.08304483862180895,0.11837427749400109,0.09523207912993603,0.07795397364428626,0.12683071822279582,0.10999436712110396
12,12.0,12.0,0.09386740415642256,0.0950097290903042,0.084818357328156,0.10313519215437675,0.08565975294671416,0.11758823872689886,0.09451186152176841,0.08156152975614891,0.12626909817042806,0.11757883614878153
13,13.0,13.0,0.0936943471495127,0.10002108074703098,0.0953912472879184,0.0961675022101964,0.0724738564289166,0.12103318968446045,0.09125976508701594,0.08875593835524519,0.12853024386845283,0.11267282918125006
14,14.0,14.0,0.09168790308593582,0.10070867448542702,0.09296154203968666,0.09968371076986324,0.07630558553396065,0.12321269270353179,0.08788282906328398,0.0731058759972092,0.13636352094844617,0.11808766537265503
15,15.0,15.0,0.0927138487037552,0.09714932285342792,0.09286838527061772,0.09341586338777783,0.08210430902998381,0.12858413591928572,0.08472302703202787,0.07782057222283004,0.1356219856820332,0.11499854989826022
16,16.0,16.0,0.09410465164172398,0.10188477731408067,0.09454632039082274,0.097969446279897,0.07047238530337319,0.12311408231880953,0.09698899774553374,0.08403176422648342,0.13060312738213722,0.10628444739713816
17,17.0,17.0,0.09549476378714081,0.10093026286443138,0.09595991138490724,0.08893166595649624,0.07516808816666048,0.1272435667587448,0.0816398130476561,0.08953280794321769,0.13383826702107138,0.11126085306967351
18,18.0,18.0,0.09575005108255011,0.09714785074608132,0.09055339402303025,0.0904572262212612,0.06768348537028886,0.12385575569561609,0.09663627204398041,0.08872155948686404,0.1324788463405535,0.11671555898977377
19,19.0,19.0,0.09402827316077109,0.10302293976995902,0.09434597890319277,0.08739617468642984,0.07447909330706157,0.13053869965423476,0.091990737082889,0.08041602861840165,0.12832266677621396,0.11545940804084584
20,20.0,20.0,0.08409742527087397,0.09943919711007644,0.0928534401717371,0.09989368676606623,0.07056176408097387,0.13085554194523574,0.08904082095768184,0.08228373143463416,0.1347668499918087,0.11620754227091153
21,21.0,21.0,0.0932514796048657,0.10645771812432256,0.09454730325307598,0.09763045843648337,0.07026742035021133,0.1282994403479991,0.08263851056623275,0.08016217440174374,0.13223130528650484,0.11451418962856016
22,22.0,22.0,0.09417140511527128,0.10715956721810271,0.10390609245580121,0.0856827409684296,0.06800812651444324,0.13248844030463408,0.07724076178509551,0.07510459302932977,0.1391257029608583,0.11711256964803393
23,23.0,23.0,0.08521375374672548,0.09520288285691557,0.0937849231315372,0.09231082565035517,0.07832209130506354,0.1260552735619555,0.08203467050836284,0.08893336861175494,0.1422791067479129,0.11586310387941637
24,24.0,24.0,0.09093488256145471,0.10291894157483854,0.09948571573314635,0.09705422483718411,0.07159942587977103,0.13358621812485985,0.0856354102408632,0.07752509871095219,0.12992500837502144,0.11133507396190812
25,25.0,25.0,0.09686564046161882,0.09691813201160597,0.09525157617402735,0.09559395171604064,0.06619436354572217,0.12834788189477858,0.08702201924195396,0.07876746711762372,0.13645698566465086,0.11858198217197749
26,26.0,26.0,0.0973499340479436,0.10073679861299764,0.09477307327191664,0.09353943945653076,0.069923216786841,0.12353200736489094,0.08432026015644399,0.07740423887989381,0.13401222067960766,0.12440881074293346
27,27.0,27.0,0.08846900068581103,0.10068925309427064,0.10035556842230871,0.09897702425370089,0.06955577892610856,0.12301611178734326,0.08602254400172678,0.07840272210010613,0.1334721047028478,0.12103989202577572
28,28.0,28.0,0.09144541881916239,0.10037858391035315,0.09611234518883643,0.09817049717879792,0.0716725209584563,0.12942498254025064,0.07499587303452471,0.08435723994413753,0.132243638135189,0.12119890029029139
29,29.0,29.0,0.09564461181872888,0.09878188330143779,0.1003842507585144,0.08776351623593567,0.07688893021911557,0.11958227505286836,0.08599934339109831,0.07815952986648629,0.137281557572753,0.11951410178306132
30,30.0,30.0,0.0941498623179775,0.10301182747300111,0.10436304384628778,0.08886805499132444,0.06791536260203969,0.13047183615398125,0.09004278910962096,0.07533296906992441,0.137992957580614,0.10785129685522828
31,31.0,31.0,0.09382385291203273,0.09690828950082761,0.10260863016841995,0.09305626638058319,0.07506004437390432,0.1230907560295782,0.08921795568536624,0.07881005111506144,0.13714253996674802,0.11028161386747788
32,32.0,32.0,0.09585419009456023,0.09735230249096913,0.10005451407018806,0.08483301235396418,0.07109544854420942,0.1294986143450068,0.09143540094629,0.07727810892841541,0.1346643061089164,0.11793410211747993
33,33.0,33.0,0.09944942169568335,0.08695761338680778,0.10290070236340423,0.09738964209229875,0.0760605243816208,0.12943580666179577,0.08308636052019332,0.07586575813547108,0.13221935103716614,0.11663481972555827
34,34.0,34.0,0.08945952724550926,0.10677811795359837,0.10021730558602256,0.09701438997300792,0.06667335711809276,0.11666367628151,0.09022104558855265,0.07539534282739442,0.13784522731284324,0.11973201011346839
35,35.0,35.0,0.10147147083322558,0.09967027540179965,0.09827087391391316,0.09054929632826887,0.07211788812584119,0.12136167718511828,0.0807078045356921,0.07617682353125545,0.13843304961215538,0.1212408405327299
36,36.0,36.0,0.0907851253020561,0.09485083585753915,0.09792192170585515,0.0981279605094578,0.06912464795484648,0.1280149226638772,0.08764827147843081,0.07672186880512692,0.14341123429827013,0.11339321142453987
37,37.0,37.0,0.09040821056358431,0.10680530308341522,0.10671004290882483,0.08867110409076617,0.0706189051329292,0.12355769174897471,0.09189210331274567,0.06992397928248242,0.13358105125363234,0.11783160862264466
38,38.0,38.0,0.0845910381144504,0.09973009922090396,0.09853193327291286,0.09196251058687836,0.06400490472713762,0.13680394387585462,0.0850426813811465,0.07416439036085762,0.14693986444105414,0.11822863401880343
39,39.0,39.0,0.09368420944369323,0.10180746170328021,0.09930113803832044,0.09054808540080206,0.05982510562538459,0.12558134726781883,0.08221417272779051,0.07916606474605574,0.1460356033260915,0.12183681172076244
40,40.0,40.0,0.08629016434441569,0.10001174442447172,0.10488840289534151,0.09232579684825616,0.07529118086403035,0.1252135862321003,0.08709266237477202,0.07717914645194843,0.13868343645803322,0.11302387910663007
41,41.0,41.0,0.09474059414381839,0.0902201554250013,0.10679117932262991,0.08883667198415193,0.0755052836915785,0.13176394153767063,0.07563119280313658,0.07549870624419815,0.14432194984835092,0.11669032499946319
42,42.0,42.0,0.09758512756880733,0.10055001176898518,0.10091266116496696,0.09495997710996537,0.06697005486411464,0.12784461347240145,0.08404338575343243,0.06450898097262245,0.13648705721483362,0.12613813010987013
43,43.0,43.0,0.0864248376450389,0.09878867490563459,0.10516284366169437,0.09978811464803782,0.06272141217693902,0.13009738516390484,0.086257297958319,0.07416139201302205,0.14293156349900893,0.1136664783284
44,44.0,44.0,0.08196061932528931,0.1071485217899927,0.10188903306208072,0.09707204791535043,0.06504452549219022,0.13219372283766007,0.07480504576169676,0.0722129291214513,0.14950895954069493,0.11816459515359305
45,45.0,45.0,0.08082985775046947,0.09903239088750086,0.107798208599078,0.09429340938880224,0.054667977262496094,0.1276860856309808,0.090339571147055,0.07945617691479803,0.1422035647678801,0.12369275765093894
46,46.0,46.0,0.09236095968111104,0.10988383717973635,0.10534771772319726,0.08884897558082958,0.06263681164962992,0.1232357695973241,0.09047449459002779,0.0693222482987573,0.1402678604197656,0.11762132527962055
47,47.0,47.0,0.08911253919864756,0.10572485746494613,0.10040850718823391,0.09252470098968088,0.06999068653709678,0.13831667137881648,0.07718274322561992,0.06878384058795972,0.13907760451274614,0.11887784891625193
48,48.0,48.0,0.09100626417162307,0.10082314506777432,0.1050046522123604,0.08167425151702265,0.0630703546903397,0.1277385490029291,0.09101415653536377,0.0761832532903319,0.14303970388358048,0.1204456696286742
49,49.0,49.0,0.09167096591850908,0.11434153683429578,0.09075870614573973,0.08582849551052825,0.0565937122258106,0.13426018466187764,0.0825367798287875,0.08418760534285923,0.1396854293404617,0.12013658419113002
50,50.0,50.0,0.08842723948636823,0.10098337464206095,0.1039716440348609,0.09490317060731393,0.0675821711794921,0.1361303175269961,0.07946900469563092,0.08092747825472847,0.13246623280780923,0.11513936676473877
51,51.0,51.0,0.09568365007495956,0.10625522896063537,0.10025435299894918,0.09324527565434754,0.06983112914090289,0.13155731396630593,0.08195892653469906,0.06973284829112295,0.13909723442718253,0.11238403995089455
52,52.0,52.0,0.09176339852779412,0.10030912890308612,0.10637725052248534,0.09747720246858954,0.05955471210955632,0.12594522925433455,0.08741620587783974,0.07041755266342827,0.14254398931345275,0.11819533035943286
53,53.0,53.0,0.09141861836290165,0.10805317564303736,0.10088887945458805,0.08483042258076876,0.055297655970109015,0.12565996970691642,0.08762170082852763,0.07814052014510595,0.15133586366177262,0.11675319364627208
54,54.0,54.0,0.1028758709647221,0.10359649552232035,0.11147526959142591,0.09429881331337833,0.05611502549474331,0.122285645953675,0.08310964343086169,0.061404892381231334,0.14232359019307222,0.1225147531545693
55,55.0,55.0,0.08306511718618102,0.11006289708595433,0.09684576929730437,0.0906204753881968,0.0619441745074797,0.1426058220221221,0.07969239691323543,0.07672640160063258,0.14271390401944203,0.11572304197945119
56,56.0,56.0,0.08898505979806144,0.11227464523457605,0.10077558208804956,0.09324223664223744,0.057724026574469844,0.13468946798553869,0.0816177025771976,0.06778769910437674,0.14903878538077134,0.11386479461472092
57,57.0,57.0,0.08775028363788637,0.09924915711709173,0.09546598316868338,0.08978102258913141,0.06652987083525241,0.12988274972814834,0.09565999969696373,0.07661222041491106,0.13850064705035053,0.12056806576158063
58,58.0,58.0,0.08175937697855785,0.10666717146731006,0.10000575905582187,0.10425771313272396,0.05848304257574616,0.13477576845949818,0.08322873890199108,0.07397241281689301,0.1458017976884112,0.11104821892304603
59,59.0,59.0,0.09230616535791293,0.10880024260529324,0.10470158922711201,0.08762330368512886,0.0701767004124409,0.12885533171412406,0.07971892349594864,0.0713480766851485,0.1402562640398642,0.11621340277702623
60,60.0,60.0,0.08281153098949463,0.11246891789403406,0.10351289956590955,0.08276436137495972,0.06539546448582065,0.13652964266539075,0.08257617086414223,0.06724408042778848,0.14275029267601194,0.12394663905644754
61,61.0,61.0,0.07938534577259718,0.11717539319698485,0.10962985271664887,0.08875100772413853,0.06048856747933316,0.12538425300744815,0.0821505631230578,0.07825795358282903,0.14125844836904386,0.11751861502791816
62,62.0,62.0,0.092802907050658,0.10946266221214059,0.1085065383024256,0.08938047264927126,0.06985245455499674,0.128105152180989,0.08180191175101136,0.061585582214410975,0.13893067696146094,0.11957164212263502
63,63.0,63.0,0.08987847833525502,0.10786949478253283,0.10113082678784906,0.08871549873450989,0.060245223302421366,0.12895225310413308,0.07871551771111528,0.06538095303351943,0.15313294815791662,0.12597880605074704
64,64.0,64.0,0.07747468738556426,0.10496406057136616,0.09521340571447912,0.09842139058364263,0.0649673063183634,0.1357997079670136,0.08169344780941004,0.06829248342578352,0.14841308804450073,0.12476042217987618
65,65.0,65.0,0.0833259633586134,0.1105242948306205,0.1069218016509155,0.0999176845030124,0.06578140516282169,0.13001028919697077,0.07622498142406085,0.06618008635071086,0.1400706274607138,0.12104286606155981
66,66.0,66.0,0.09407616668213936,0.10104255802150382,0.10337856706103676,0.08207403258038984,0.06424416981592415,0.1377097523663544,0.08162819433762672,0.07209205978782966,0.1454007596306406,0.11835373971655413
67,67.0,67.0,0.08517378699436763,0.11476430031119303,0.10643052661461043,0.09264141867087805,0.055450599033845985,0.13341732422333544,0.08079590665828318,0.07305257497165737,0.1363001379383581,0.12197342458347034
68,68.0,68.0,0.09432095336006734,0.108643991121906,0.1055843123624487,0.09866443376698626,0.05862576599886854,0.13246161768944448,0.07565765025232866,0.07132177499551462,0.14148745941959096,0.11323204103284394
69,69.0,69.0,0.08405721388452977,0.11209175674090092,0.10167729177441971,0.09330913454500543,0.06354872993787954,0.1248041786706581,0.08368512335274546,0.07549126627633732,0.1364544968564237,0.12488080796109968
70,70.0,70.0,0.0970374087618328,0.10287743922906015,0.1016731476603642,0.08948662644301261,0.06724956940344548,0.1305507257475253,0.07403100565837276,0.0694791389446395,0.14933887217936598,0.1182760659723808
71,71.0,71.0,0.08114510674759175,0.10450618016978838,0.10919170136936299,0.08919547950069646,0.06413930256830959,0.13015197675727327,0.08401840642683048,0.07862972132964699,0.1440395927742914,0.11498253235620828
72,72.0,72.0,0.0856186341606339,0.10743982722017398,0.10094511187515201,0.09272183568679625,0.06602369785433296,0.1299076704730014,0.07985231209209775,0.068627494001965,0.14764313939999435,0.12122027723585191
73,73.0,73.0,0.09153440340692715,0.10064327655652423,0.10477365967694863,0.09569432561067256,0.07529269417077633,0.1247225929809039,0.07745567911460538,0.06933299595427406,0.1374429606597229,0.12310741186864435
74,74.0,74.0,0.0924158859751734,0.11075028410347369,0.10314773903596108,0.09288386170291876,0.06304105059276646,0.122202489857079,0.08207698999333542,0.06300777786816565,0.14162491470661143,0.12884900616451467
75,75.0,75.0,0.09184412046491294,0.10903618828337613,0.1026421641768118,0.08869267500863079,0.06567063835587161,0.1298781654359812,0.07659893987006529,0.0714029046463181,0.14609157717567625,0.11814262658235548
76,76.0,76.0,0.08046342359910973,0.10028955505388867,0.10955193747872319,0.0905821561967536,0.060161656890577994,0.1267343528468198,0.0778446974280649,0.08603111088726764,0.14176036375033413,0.12658074586845983
77,77.0,77.0,0.08048090511883926,0.11518113326042663,0.10002498668990464,0.09202941548013376,0.06189518801495274,0.13105553889961785,0.08039743805725136,0.07550201153975189,0.13418945762807852,0.12924392531104284
78,78.0,78.0,0.0829579288745232,0.11748551425321493,0.10492028178414914,0.09454119024249606,0.06754924235914715,0.11957800458324522,0.08266105041775533,0.07353752938857197,0.14015320083541155,0.11661605726148491
79,79.0,79.0,0.08479744513444311,0.11634320684181935,0.10275231217016752,0.08900022703983264,0.06090394509526294,0.13483960399314304,0.07730234061751193,0.07184497318466823,0.13392457730906554,0.12829136861408524
80,80.0,80.0,0.09083601456976836,0.10528579629529664,0.10652018944056792,0.0896116330371174,0.06252465116689061,0.14002405678253702,0.07165225720318007,0.06857645723264415,0.1362354990949142,0.12873344517708318
81,81.0,81.0,0.09006951175703118,0.10183295173033487,0.10527903191625157,0.08646667058574783,0.06161537918357535,0.1309617108635848,0.07620444024383952,0.08587822585953789,0.14203824469552725,0.11965383316456926
82,82.0,82.0,0.07853368922110313,0.10516403171516384,0.10890559774448635,0.09929026851937138,0.05575424481716577,0.12843014784781392,0.09047247648997551,0.07589880380354926,0.13682953804788717,0.1207212017934832
83,83.0,83.0,0.08549046851818422,0.10986186219805263,0.10977974344921,0.09189079948444248,0.06379032357855449,0.11954981717769182,0.09286927206393251,0.07209234862802974,0.12995583996355775,0.12471952493834389
84,84.0,84.0,0.09212006238748696,0.11059027176040641,0.09736207505994274,0.08659819779580988,0.06516849185942546,0.12797738064346315,0.08723319804391681,0.06984892013115483,0.13789329474729245,0.12520810757110087
85,85.0,85.0,0.08865606305072635,0.11446805876474549,0.11041834226576448,0.08432399696513729,0.06139726892824854,0.1264124732773799,0.07989684050964807,0.06506613492229536,0.14453415619991852,0.1248266651161356
86,86.0,86.0,0.08040512500588974,0.11666367370385596,0.08897710309650449,0.09477431784504395,0.056516076536824486,0.12941223156070553,0.08996607646941175,0.0746103621449303,0.1299623026017812,0.13871273103505213
87,87.0,87.0,0.0902573140844181,0.1110528420487947,0.10866551529517776,0.08255284071045728,0.060279041065895544,0.1297661574988333,0.08168916236670738,0.07327332987024138,0.13746294320931068,0.12500085385016343
88,88.0,88.0,0.0932444798350077,0.10847477913078449,0.09820937262034228,0.09617354111917584,0.059569257239442994,0.12234326096947476,0.08766038265343205,0.07479966586559014,0.13809538489058823,0.12142987567616104
89,89.0,89.0,0.08871456699608066,0.1080274016761132,0.10044761221974567,0.08455715861836507,0.07019263268267273,0.13323760437462195,0.08353993539231586,0.0744143552403202,0.13050528502001324,0.12636344777975092
90,90.0,90.0,0.09789573198098321,0.10499275722466553,0.10686825027134776,0.09589573299153067,0.06813179126730104,0.12613110397687194,0.08041511323818476,0.06573608443325482,0.13663487679699834,0.11729855781886145
91,91.0,91.0,0.09593602714004926,0.11205212524608536,0.10186334544007743,0.09250632161224982,0.0610254542143196,0.1258391331637252,0.09123120707719819,0.06274760064358668,0.14327244624144736,0.11352633922126074
92,92.0,92.0,0.09776674003184163,0.12679708967837802,0.09955224619568215,0.09201585789041612,0.06122999139251785,0.12311089061643812,0.07800542342039665,0.05444774439953733,0.14755467629163724,0.11951934008315448
93,93.0,93.0,0.09209332644093235,0.10357943476945033,0.10334705782310279,0.08192737776967575,0.06515369202754487,0.12628028380807596,0.09268941674224332,0.0718047494411487,0.13641519937378443,0.12670946180404105
94,94.0,94.0,0.08410636405445499,0.10825936504884341,0.10390626702558267,0.08709994669804447,0.07604805655148983,0.13087829508104973,0.08425710299351255,0.06378879525323702,0.1392013750347143,0.12245443225907057
95,95.0,95.0,0.09480088974289441,0.1134868741080226,0.11010161796260184,0.08945005892824784,0.062253102378355775,0.12576680566065315,0.07640536568397922,0.070763352100353,0.13512217853890932,0.1218497548959824
96,96.0,96.0,0.10048340906684676,0.10376373894791253,0.10788758418721436,0.08856510604000493,0.05799804357035328,0.11756900984025745,0.07774491834563768,0.07206720636051309,0.14089531866150787,0.1330256649797516
97,97.0,97.0,0.08749583958053755,0.11452912765917758,0.09809144250992617,0.09636655442444517,0.06420346657376322,0.12565718490386607,0.08280243086668668,0.06835281005379502,0.13792540855096083,0.12457573487684122
98,98.0,98.0,0.08650550313212788,0.10364543530527817,0.10755803549591395,0.09873141947647276,0.055755021509527006,0.13239557398325852,0.08500107559683753,0.07294192804223498,0.13783645067180755,0.11962955678654112
99,99.0,99.0,0.0918399977174824,0.11426414274063774,0.11697492847300706,0.09339140650331465,0.05922102145672078,0.1259227040553444,0.07382470551043838,0.06615513387511011,0.134905396688406,0.123500562979538
100,100.0,100.0,0.09576548250445469,0.10319182069455006,0.09899154521295289,0.0939976139880012,0.05817736169807294,0.129667325975289,0.07160341596388989,0.06688218731283724,0.15240284229843434,0.12932040435151732
101,101.0,101.0,0.1045829107713786,0.11544972736383152,0.10064311129512685,0.09197906180873743,0.06079158408316502,0.11899941233477455,0.08435630619738024,0.0616929853698718,0.13714880800374632,0.1243560927719872
102,102.0,102.0,0.08776935832636754,0.11843533779787321,0.09291959050361967,0.09767895956308173,0.06255948366941093,0.1295006675250267,0.07251689285349541,0.06947786514962531,0.14274377535474347,0.12639806925675562
103,103.0,103.0,0.09533455438929647,0.11485310629364649,0.09700033353280042,0.09485525815107494,0.061464230011973195,0.12568705822848736,0.0793789580544771,0.0695884395385647,0.1331935034388503,0.12864455836082855
104,104.0,104.0,0.07345467286444338,0.11768581538081087,0.11321511144367395,0.09282279650805589,0.0670233581908112,0.12427016376756368,0.08612671249467506,0.0687039845603754,0.14038051006914096,0.11631687472044912
105,105.0,105.0,0.10307598365468876,0.11136348841736346,0.10913462269158643,0.09371255859834723,0.0643523023727979,0.11470758512761656,0.074465830581357,0.06620909844165372,0.13851800310471588,0.1244605270098726
106,106.0,106.0,0.09910166872182508,0.1034841941516986,0.10417821635593742,0.09345139001403216,0.06463380304279667,0.1200055561892768,0.08880381027901128,0.06308600045422837,0.14346386281616094,0.11979149797503226
107,107.0,107.0,0.08415817928315088,0.1169616635810494,0.0999897739317611,0.09412252525161302,0.05848351280548549,0.12239541032856645,0.07704335470278235,0.08531789619474466,0.13152777229137252,0.1299999116294736
108,108.0,108.0,0.08834113889969969,0.10842930734883478,0.10167542577511135,0.0886264255629008,0.06412048726140565,0.12336166534947861,0.08429817023784328,0.07140983301565411,0.13396559487684068,0.1357719516722306
109,109.0,109.0,0.08635697503160106,0.11139207242854995,0.10071732915113507,0.09330180611591408,0.06248374251354728,0.11944901669053434,0.08888335794265688,0.06502538808919034,0.14289543457978354,0.12949487745708704
110,110.0,110.0,0.09758861289156015,0.10494979071271819,0.08655849189487821,0.0876715166726447,0.06368921561406314,0.11873207602440224,0.08264715966245054,0.07534175052054291,0.14789817201908428,0.13492321398765522
111,111.0,111.0,0.09449006981423982,0.11745670888630874,0.10392746094292638,0.08633128208443792,0.06677078477838788,0.12089228765463689,0.07933799880471462,0.06693715691104468,0.14554285112498885,0.11831339899831377
112,112.0,112.0,0.09165374336488127,0.11594560521826565,0.10398376368539128,0.0887723877617633,0.06973566232449388,0.1167460079635388,0.0875022462994884,0.06975582013694984,0.1386395971648549,0.11726516608037221
113,113.0,113.0,0.09909265018106528,0.12202495837741308,0.10242393527315138,0.08676840680030974,0.05854895512904462,0.12678189670068432,0.07611533026721692,0.07304970804817837,0.13100314664778173,0.12419101257515405
114,114.0,114.0,0.09670144552148564,0.11905605927313598,0.10346261109710626,0.0828825887504166,0.06159074765209658,0.12219578385669574,0.08017537871430773,0.06065018525340417,0.1444941157714694,0.12879108410988152
115,115.0,115.0,0.08281351007589012,0.11546906075493316,0.10970687211219202,0.09235447210980538,0.05000967229385287,0.1192907033813286,0.08371253615186033,0.07278280375885954,0.13896664925321056,0.13489372010806705
116,116.0,116.0,0.08589046122118435,0.10639689841533977,0.10167920415405192,0.0914037041177199,0.0680982255646381,0.11369316308322604,0.08662621501124644,0.08024510816981947,0.1378492258000133,0.12811779446276023
117,117.0,117.0,0.09427132011976554,0.10914540571057632,0.10598090295005291,0.09404800146379469,0.05935892373220856,0.11905734548825046,0.08357502651933787,0.07061900772086202,0.14118441054641906,0.12275965574873213
118,118.0,118.0,0.09976607915115854,0.12317922275990283,0.09991469007109562,0.08551038027532701,0.06342464772999748,0.12188523417439168,0.08275092932140446,0.0743599403263134,0.12341620323819044,0.12579267295221813
119,119.0,119.0,0.09080557474166369,0.11789537492011164,0.10457805171829018,0.0826089930021588,0.06218164875546681,0.1241626983571332,0.0875243048566536,0.06664941629800913,0.14228412798766893,0.12130980936284348
120,120.0,120.0,0.09041842347665922,0.11338884614005862,0.10789986523128312,0.08035696712197,0.06780472034852837,0.13039430829907933,0.07980343942949567,0.06485648228096735,0.14623403579973135,0.11884291187222658
121,121.0,121.0,0.08331532368625469,0.11633476082951968,0.10900398062537438,0.08067984781792059,0.058797708114577796,0.12219365891542314,0.07204297919988237,0.07614309358772471,0.1429876905596396,0.13850095666368265
122,122.0,122.0,0.09253135744657325,0.11563444092500404,0.10222456600405472,0.07797407937186432,0.06743944264753697,0.12615633162325368,0.07668394496120082,0.07011873929042975,0.14192339121376996,0.12931370651631202
123,123.0,123.0,0.09308964162814604,0.1114853818660371,0.10310788179202421,0.09326955420815676,0.06537035097074598,0.11672464942004376,0.08134202652743226,0.06054363484078558,0.14521320623764392,0.12985367250898391
124,124.0,124.0,0.0940928237571129,0.1166539783842575,0.11061677897262132,0.08773973414186016,0.06817863063069311,0.12638118133844162,0.07627186317237088,0.06263966808845302,0.1306043220078216,0.1268210195063675
125,125.0,125.0,0.08937479468692122,0.11365558373588969,0.1172684138059833,0.09191162241301451,0.05802827987939566,0.12187989130339438,0.07183590790238668,0.0724731808353396,0.13523028418411023,0.12834204125356427
126,126.0,126.0,0.09041119467616257,0.11551714780275106,0.11182791617172483,0.08387783397034429,0.06210834409316829,0.12176718172442547,0.07381019518913987,0.07082446295458138,0.1447126720018021,0.1251430514158997
127,127.0,127.0,0.08833158124469427,0.10979477763162478,0.11490191841153767,0.08798998344968338,0.0632982276575432,0.12493933360583762,0.07985464949262146,0.06917038430906573,0.13771570774802866,0.12400343644936278
128,128.0,128.0,0.09158345282262151,0.10872954886902156,0.10529221584191972,0.0896811872611203,0.06461903581665296,0.12807572721809407,0.07545216282917724,0.07207974151453683,0.14072139103517842,0.12376553679167697
129,129.0,129.0,0.09400922508400081,0.11646496453552657,0.11029973047431256,0.09041867415575158,0.06062549229725489,0.13225408884590792,0.07597871007870717,0.05739121569322893,0.13380268729398542,0.1287552115413237
130,130.0,130.0,0.08361713322706789,0.11082870341143496,0.10350406345958904,0.0903631815258494,0.06767546541197453,0.11987296443623893,0.08886047229109026,0.07925889412310141,0.13728068238059724,0.11873843973305591
131,131.0,131.0,0.0870083494782953,0.11509117646206232,0.10178582506265002,0.0889533898036918,0.05838965338819744,0.1319099537566722,0.08883842108296876,0.05937575534906532,0.14007991791241786,0.12856755770397857
132,132.0,132.0,0.09541947463913464,0.11614211741160183,0.0946724730965679,0.08728335718432226,0.0703738080807379,0.11704677687020851,0.0834627584162271,0.0707563119386157,0.13778524590688107,0.12705767645570265
133,133.0,133.0,0.09321073915727003,0.10680350997600101,0.10990861113283404,0.08249435278782083,0.0635456595856384,0.130335404904603,0.0758955395514239,0.07267798563446447,0.14075467668639613,0.12437352058354778
134,134.0,134.0,0.08906342492436703,0.10864494389226795,0.11747868673704043,0.09175959851086343,0.060811931465677635,0.12063673816654061,0.07910969421319979,0.0649223759358425,0.13954668157633174,0.12802592457786846
135,135.0,135.0,0.0901004995671611,0.106018274664162,0.1039361381075364,0.0998096502714971,0.07387713072347298,0.11761461868361851,0.08184282248290208,0.05811130566985723,0.14090589666736458,0.12778366316242756
136,136.0,136.0,0.08933975553962123,0.10913405264805964,0.1147377525543201,0.08674990842872049,0.05709341052207928,0.11918096908050384,0.08321496128819673,0.0700122763022412,0.14560890359759396,0.12492801003866312
137,137.0,137.0,0.07833437577505523,0.11056779282264584,0.11229435198816104,0.09539207167708183,0.07266019853430732,0.11775747050116321,0.07662890364309623,0.06706694933269573,0.13884452591579874,0.1304533598099944
138,138.0,138.0,0.0884827623731341,0.10706376076495486,0.11279914666434161,0.08987620898203273,0.06240761513129399,0.13149704961336117,0.07342898994391076,0.06279214323903114,0.14793273910405547,0.12371958418388374
139,139.0,139.0,0.09658059624069479,0.1039533452197853,0.10930118326570952,0.09438586802685121,0.06512621438649256,0.12782994684921803,0.08182030499930251,0.0644475666675554,0.143827387710085,0.11272758663430518
140,140.0,140.0,0.09239050934444153,0.10846143200559274,0.10145966515916223,0.0938503054446824,0.0590316804783881,0.11748857564837692,0.07113237564228295,0.07942899159108838,0.1458394688074294,0.13091699587855493
141,141.0,141.0,0.09802680110005954,0.10778816902344061,0.10921756479153062,0.08286609530212564,0.06903377526449253,0.11829441893811568,0.07527832041015929,0.07511232533674846,0.14038075915870582,0.12400177067462133
142,142.0,142.0,0.08342743609575823,0.10525519298384682,0.1153034583202455,0.0936465964094968,0.07318559446442228,0.11839339577687225,0.07441505165336403,0.06333094908496255,0.14178691849660718,0.13125540671442387
143,143.0,143.0,0.08727683145506751,0.11435042745484028,0.10759369714446727,0.08922500159562892,0.06379655026394823,0.12387764053097645,0.08634493724594347,0.06538745543369678,0.13381786860353226,0.12832959027189836
144,144.0,144.0,0.08722998482933603,0.11070733077827706,0.10238640337225538,0.09249987757539667,0.0722795530298771,0.12839436373932486,0.07977439452697146,0.0690588833755256,0.13777037697303912,0.11989883179999632
145,145.0,145.0,0.09517766399881812,0.12118296249546327,0.11477870438983089,0.09678111615662327,0.06306863707456042,0.11745914005526867,0.06966820022687706,0.06538982921486432,0.13497160521931315,0.12152214116838038
146,146.0,146.0,0.09329026566268957,0.11718404832881421,0.101404327374331,0.0824914349238455,0.054398730733438164,0.1215182108407187,0.07623733826205081,0.0748124206433086,0.14368924512655512,0.13497397810424777
147,147.0,147.0,0.09202847877709598,0.10719997781974297,0.10116805442012897,0.09177144443097554,0.05712640785397446,0.1071248882008448,0.08874411129555362,0.07816597019025222,0.14505375797596073,0.13161690903547027
148,148.0,148.0,0.09210651815459826,0.11478544145763128,0.1145252650317603,0.08815865917306398,0.06503757759316818,0.1215494573942569,0.0815864146281459,0.05748880514510583,0.1401069535185912,0.12465490790367766
149,149.0,149.0,0.09534122021339095,0.11671582770474134,0.09894560397548233,0.08958146008244347,0.059610427956171094,0.12256268230468545,0.0787852534015942,0.06147009181930844,0.1420164840426285,0.13497094849955377
150,150.0,150.0,0.09494610694707552,0.09685104473411263,0.10493477524014976,0.08273787251439614,0.06252200437330224,0.13089714906531524,0.08198497391072088,0.07282595466089986,0.13848095813657102,0.13381916041745623
151,151.0,151.0,0.10122673306685903,0.10048192573441059,0.10784385659564191,0.08754082860214762,0.06778877736843615,0.12409315693185412,0.08022411331880826,0.06220227827639041,0.141510335873763,0.12708799423168843
152,152.0,152.0,0.11012178983158186,0.10706090381911511,0.09949750081431172,0.09135044492852466,0.06417436163083522,0.11206953995676983,0.06948648309764482,0.05764060010033052,0.15059421244317225,0.13800416337771354
153,153.0,153.0,0.09974133121971963,0.10223915644946587,0.10578833549854408,0.0930642335763379,0.055685850112755605,0.12325666587879318,0.08459859364260984,0.06086261517739562,0.14661131185561382,0.12815190658876396
154,154.0,154.0,0.09713929721715539,0.11220419305861626,0.10128207936777703,0.08800151903104632,0.07277148221615523,0.13120424583873644,0.07136222885636215,0.05165274651193723,0.14616672490944124,0.1282154829927722
155,155.0,155.0,0.09302728191225769,0.12349023700848491,0.1047881325558075,0.08653871493692593,0.05566113440088886,0.12621316558936388,0.07060337670893069,0.06695406553816527,0.1465394055971297,0.1261844857520451
156,156.0,156.0,0.09198014802625162,0.12070020428503236,0.1078705695022355,0.08206049658382948,0.06790864978752305,0.12336768829652123,0.07028666360977268,0.07011228433672426,0.13415089040240985,0.1315624051696996
157,157.0,157.0,0.09344356666014268,0.10574914290660926,0.10072418540845238,0.07757141026553652,0.07405809233445118,0.12782404409939832,0.0818753217302139,0.05645395760796784,0.14097270502067452,0.141327573966553
158,158.0,158.0,0.09136795900356191,0.11866590720523737,0.09854743104056371,0.08704786272778739,0.07022151651691771,0.12038295241623745,0.08526533300576328,0.062484268473978456,0.14702622214965322,0.11899054746029909
159,159.0,159.0,0.09225530819978685,0.10842204146824752,0.10487373847020501,0.0828964235128254,0.05648209664869924,0.12966515386638916,0.07985983740002259,0.06070605449006498,0.14418595254006622,0.14065339340369257
160,160.0,160.0,0.09766669090429056,0.11591589571688428,0.11623175902810115,0.08211161093187816,0.0585627036522941,0.13269386560625485,0.07176929319121282,0.05146811989646396,0.14637391176673026,0.12720614930588944
161,161.0,161.0,0.09767107345487745,0.11438963039510475,0.10672348134934698,0.08409132659062371,0.0636558789552824,0.11406489324510671,0.07198119160019514,0.0675731307129949,0.14188911637716226,0.13796027731930532
162,162.0,162.0,0.08388239397531135,0.12246731220496732,0.10344440021046437,0.08123087884233972,0.07018039462085632,0.12273244361447204,0.08623288118676961,0.055520697046304024,0.14589534934246617,0.1284132489560486
163,163.0,163.0,0.09410192364879497,0.11487481012532422,0.1193839370890279,0.07331388486247827,0.0549420404493179,0.11541954607231593,0.07832738619617462,0.06455157996044056,0.15704845545705667,0.12803643613906854
164,164.0,164.0,0.09471883480422437,0.11133216972144686,0.10363072842004861,0.08761723279363519,0.06446243728918473,0.10994949270855889,0.07860063538771044,0.06845287474455916,0.15208316960969276,0.1291524245209386
165,165.0,165.0,0.09594849469225848,0.10949888895504903,0.10329263407409009,0.08220993440152244,0.05982273526252478,0.1283664367111132,0.07999548752830875,0.07064859581805508,0.1426120599651402,0.12760473259193755
166,166.0,166.0,0.0929241224956803,0.1161364357548075,0.1110436311836204,0.07707277534784535,0.05932568000845132,0.12250248996543281,0.07727390076671371,0.06618396385963007,0.1473998554704026,0.13013714514741545
167,167.0,167.0,0.07762315511592673,0.11529072828513968,0.12384508008277399,0.09459308448779923,0.048815255403498604,0.12525297446293354,0.07288821398263207,0.059513392033510915,0.15349194992296294,0.12868616622282195
168,168.0,168.0,0.09692987875832382,0.1108457656248359,0.10798046067698878,0.09059701870508619,0.061341118701386574,0.11810024770212357,0.08346354514928567,0.05923015466685947,0.14729509125122495,0.1242167187638846
169,169.0,169.0,0.08927134150403176,0.1092019697346804,0.11383440735333991,0.08004807019677561,0.05288693023502877,0.13675526329642157,0.07731123296325028,0.06667922307369342,0.14549190300404552,0.12851965863873224
170,170.0,170.0,0.08640817953110044,0.11629090624554816,0.11374338437869343,0.08957223991515241,0.052530186954946566,0.12047305488866755,0.08904336755306351,0.06850110940606113,0.14629796165252656,0.11713960947423985
171,171.0,171.0,0.0820457669131061,0.1089667855908173,0.10453035517800699,0.09002063201680838,0.05540602123370356,0.1280600940716366,0.08583742248965093,0.07323434204783846,0.1426036016167808,0.12929497884165042
172,172.0,172.0,0.10724196176431089,0.10702046964009368,0.10578266398622552,0.08822272542420612,0.07204607604753623,0.11458403432926394,0.08239059754525756,0.06734144459020852,0.13759334459258565,0.11777668208031151
173,173.0,173.0,0.0917675502658171,0.11158593523988196,0.1059525690135001,0.07751469589280788,0.06627433635674465,0.1366092964280666,0.07217680131916751,0.06359000383649738,0.14625838041231862,0.1282704312351978
174,174.0,174.0,0.0957077588522606,0.10831395229098358,0.11430045171200429,0.08809554448029079,0.04630951414668421,0.1272868287850913,0.07344649399395412,0.06167746021582874,0.15367887603038496,0.131183119492517
175,175.0,175.0,0.09601554597428777,0.10600161048782293,0.10288907886638894,0.0855766855340565,0.06510301230813083,0.11403127128509179,0.08245136219859021,0.06277180485439146,0.1405717996106483,0.1445878288805909
176,176.0,176.0,0.09562053617455211,0.1069785270943093,0.11981772567348614,0.07223282176882895,0.05002777725210211,0.12122613486286604,0.07613339317132113,0.06936967009009012,0.15642177338852553,0.13217164052391805
177,177.0,177.0,0.07790019332265179,0.1066408783069465,0.10619742004914764,0.07657469853756216,0.06325669955796791,0.1277524345283442,0.08256902582135676,0.06956646105862352,0.16317909593095806,0.12636309288644104
178,178.0,178.0,0.09271456659207919,0.11487588995681433,0.10785932916189625,0.07959740028783316,0.052700235524978836,0.1254166917599168,0.08194279215343227,0.069342287705496,0.15355253143153796,0.12199827542601487
179,179.0,179.0,0.08858167094901763,0.10006835390464533,0.1223390518034874,0.0990575029020957,0.0655276820731647,0.11979091627223595,0.07142302266486789,0.05725852982156108,0.15603924944735703,0.11991402016156698
180,180.0,180.0,0.08362209707880328,0.10988603611349804,0.10894262790633491,0.07838033298646888,0.057514474149303184,0.132947767966266,0.07542173921109924,0.0691496529673527,0.14277741646158773,0.14135785515928564
181,181.0,181.0,0.08679540731311844,0.10580151219975645,0.11532658750959182,0.0873136511505131,0.05541004684826543,0.13595593817458362,0.06861384089399562,0.0653943966595519,0.15722571737279586,0.12216290187782738
182,182.0,182.0,0.08839625568241803,0.10527052764001918,0.11340068623769148,0.09466229734342646,0.05536021205555365,0.12340468311237399,0.06390705671022076,0.062410994154051415,0.1446171947094582,0.14857009235478646
183,183.0,183.0,0.08860749747001495,0.11577395634145944,0.11744771805663815,0.08002761304115727,0.0538171592172639,0.12265101718650215,0.07816670874489601,0.05590257173941397,0.15409685739679835,0.13350890080585537
184,184.0,184.0,0.09147717697907012,0.10756496427262903,0.12046382358447534,0.0808999526898187,0.06649250148462156,0.13513230467717635,0.06593069350580336,0.05706532006401591,0.15929232937694798,0.1156809333654413
185,185.0,185.0,0.09642305386412067,0.1156374563032726,0.11044889301954312,0.07620795775202574,0.04972412258975596,0.11901418980068412,0.08368235514774167,0.04901576591297341,0.15549465717404545,0.1443515484358369
186,186.0,186.0,0.0815447724263147,0.10652121986997728,0.10968180065127761,0.06982623725836734,0.05060632069453543,0.1325134008025534,0.06580264958746483,0.06570116661061705,0.17505165362093314,0.14275077847795883
