,Unnamed: 0,Generation,Intertwine_two,Add_vertex,Delete_vertex,Invert_path_vertices,Insert_inside_vertex,Delete_inside_vertex,Replace_inside_vertex,Donate_between_routes,Trim_one_terminal_cb,Grow_one_terminal_cb
0,0.0,0.0,0.1,0.1,0.1,0.1,0.1,0.1,0.1,0.1,0.1,0.1
1,1.0,1.0,0.10813958130642722,0.09623368612218311,0.07493344580159372,0.09745807095379144,0.10943981361460485,0.10070280301838926,0.11014417733888698,0.0920919505273052,0.1028974830312786,0.10795898828553913
2,2.0,2.0,0.10658504881940037,0.08461504633641627,0.07519780192106795,0.1058265840157812,0.10814556322865942,0.09973053761113986,0.09270534572886928,0.1071489228867337,0.10070099889415972,0.11934415055777182
3,3.0,3.0,0.10835590934370343,0.089492005915268,0.07520560154009678,0.10784077974225711,0.09417842533991358,0.11639580768521877,0.09962920497993907,0.11421618267376833,0.09528714259669749,0.09939894018313686
4,4.0,4.0,0.11593574804976166,0.08368182762285573,0.07066630947982253,0.10009011586079918,0.0881059989168534,0.10128508867854835,0.10794113119710078,0.09513009006437786,0.12729915745650183,0.10986453267337817
5,5.0,5.0,0.11314099084071115,0.08539082901644757,0.0772411409842628,0.10157385540720353,0.09516087354907264,0.09889765255920555,0.11482364881707932,0.11312139387532831,0.11130933985607767,0.0893402750946108
6,6.0,6.0,0.08965959075026014,0.08052445462489453,0.09726989306266196,0.12181213557247605,0.10626271650832793,0.1111304726347102,0.10513242014271955,0.08422675767174607,0.1131209350784856,0.09086062395371755
7,7.0,7.0,0.10132830449055635,0.08110534598109675,0.07318549443564312,0.10515465804473585,0.09035997533741798,0.1334592124570987,0.10695610611079888,0.08978287072335316,0.11925397590592277,0.09941405651337591
8,8.0,8.0,0.10304145368364487,0.0903703944697797,0.07347277071656469,0.09967085008385082,0.09693597794949232,0.11772391514615613,0.1040743504364221,0.09345559113654667,0.12095665641103018,0.10029803996651206
9,9.0,9.0,0.09804219113685467,0.1032410881426096,0.07259356350007835,0.10214762456198515,0.10202576710479097,0.1115734252042492,0.09248345609935858,0.09576257974341747,0.11709874685233362,0.10503155765432202
10,10.0,10.0,0.1270925906989356,0.08251234827140627,0.08551002036036073,0.09966384864351681,0.09789739879503102,0.0997430836551508,0.09838251217721235,0.09721267584162158,0.12100476847506926,0.09098075308169508
11,11.0,11.0,0.10597451146600415,0.08497123362728867,0.07787850981503908,0.10614942464786321,0.08974879609291032,0.11300249087454974,0.11774124033585,0.09633987321954585,0.11465139462969856,0.0935425252912499
12,12.0,12.0,0.11139265563940168,0.07799064875721842,0.07452527247705096,0.09879301060539811,0.0899330415989284,0.11794497080785363,0.10981809718392674,0.09543767941904094,0.11811093728609895,0.10605368622508164
13,13.0,13.0,0.1143293641588272,0.08754627960474975,0.07314426885644074,0.0780648531049896,0.09059472030352214,0.12855807298927335,0.11029426874341476,0.10521243941519645,0.10211321160696744,0.11014252121661822
14,14.0,14.0,0.11405406006853422,0.08075776379433985,0.07644539636881713,0.0812532915194631,0.09776307321817712,0.12391912830810083,0.10100568624187695,0.09813744043882511,0.13165642480132042,0.09500773524054483
15,15.0,15.0,0.10295641802550758,0.09716146006497503,0.07139616815736369,0.1062799591438359,0.08413291665472991,0.11957230175516205,0.10703902723510192,0.09888422676894379,0.12998491935162895,0.08259260284275069
16,16.0,16.0,0.11329764118006015,0.08894491864308515,0.06118265502021527,0.09522407908664635,0.09498296458815975,0.10740091061158748,0.10775853750133947,0.126057928781205,0.11673989186641333,0.08841047272128762
17,17.0,17.0,0.09736458939678694,0.11025896356348842,0.0696695521681811,0.09719367953295008,0.09015547128205265,0.11825151747970905,0.11710350870110234,0.07512311941569697,0.11542089852520256,0.10945869993482946
18,18.0,18.0,0.11727185745436006,0.06613318103234743,0.0749156318667105,0.0856443483442808,0.08779561985720091,0.14016575966019337,0.10198838977321059,0.09096740275630175,0.12693637646855296,0.10818143278684128
19,19.0,19.0,0.10946918283954253,0.08808765103369923,0.06111817128094635,0.10440289779263633,0.09867364937561715,0.1061738834919422,0.10185707730894075,0.10133423968783672,0.12177835582236057,0.10710489136647776
20,20.0,20.0,0.11743042223025903,0.08192383687597975,0.07064901886291064,0.11367217975211247,0.09360089109997267,0.08904161876814551,0.11049106225001455,0.0942825298083679,0.12011943700599681,0.10878900334624014
21,21.0,21.0,0.09514465142049312,0.06738474017803928,0.0694254104590058,0.1016898583523808,0.09513817531940547,0.1144275192127146,0.11284511435596324,0.1080924426901243,0.12687920325824803,0.1089728847536248
22,22.0,22.0,0.10858530942089589,0.06379225105970761,0.05535230034242392,0.10218508836971131,0.09842821063266875,0.12211811910770279,0.12338002350111918,0.09896463548227397,0.1149722037414091,0.112221858342087
23,23.0,23.0,0.09400325449045123,0.09525881757439228,0.06746628656380266,0.10414909660345224,0.07968772467619656,0.1416286282424895,0.08963092178856354,0.09607618492353306,0.12374047498144872,0.10835861015566987
24,24.0,24.0,0.0858203313346772,0.09164108193526092,0.06388576494545828,0.08041493698813973,0.10428758267675545,0.11830190549847193,0.1112970726118684,0.09854838625977,0.1393025585519207,0.106500379197677
25,25.0,25.0,0.07740753563963204,0.10262216317227198,0.07752392814173553,0.10964108057487641,0.08033824890574352,0.12648224645842426,0.09795894374583117,0.0894470957623434,0.13008854182240964,0.10849021577673165
26,26.0,26.0,0.08209655099286313,0.09519719543077605,0.0710329403563704,0.08874818779523579,0.08866899433953487,0.11618018696430123,0.09200895067284702,0.1097702998799206,0.15158624556626338,0.10471044800188706
27,27.0,27.0,0.09747684190578115,0.09173968114447009,0.05897560910450615,0.10855194743685127,0.09128886910541227,0.1301514371153797,0.0946844321294684,0.09511932100786388,0.1375338463722115,0.09447801467805522
28,28.0,28.0,0.09407900885905926,0.07655688814555188,0.07208594797842224,0.09722670379313784,0.09161632596182125,0.12054167611309485,0.10240985948880607,0.09775425946821739,0.13613572753976744,0.11159360265212127
29,29.0,29.0,0.09774229297645111,0.09353838781153809,0.05569928206141535,0.10256198788299974,0.09499135843786305,0.11741233792145137,0.10191255503041705,0.10565657126590976,0.13096471141440286,0.09952051519755115
30,30.0,30.0,0.0993612565867234,0.087880742962561,0.07511411843637668,0.10996358301917766,0.0805123190327793,0.11519358120027932,0.11657336037452212,0.09867048809227857,0.11362346690854042,0.10310708338676108
31,31.0,31.0,0.08482851513736157,0.08460574087859218,0.07582247118465972,0.09139018184191144,0.11627913773492063,0.12617442506419457,0.11726477098196654,0.09671663765096686,0.11760508435269648,0.08931303517272948
32,32.0,32.0,0.08773067355601372,0.08743825517765808,0.0576118018156153,0.12101924861790764,0.0791084682379023,0.11533121215353298,0.09841398142578406,0.10645694204554669,0.13628241355817072,0.110607003411868
33,33.0,33.0,0.09518827848654439,0.09441838388249588,0.05853117902261193,0.10046801771258977,0.0800381461470048,0.1382950768419186,0.09937005201354204,0.10921576819906156,0.1292539681281698,0.09522112956606071
34,34.0,34.0,0.08928634060395715,0.08253046188172133,0.056202894574908076,0.09924278891064665,0.11146323141225563,0.11928926671012427,0.1168508582836042,0.09985916075896172,0.13547632090865358,0.089798675955167
35,35.0,35.0,0.0907596052530685,0.0979855528445446,0.07198358154282924,0.08390260063095538,0.08785759021947068,0.12397424150995835,0.10840499532332665,0.10069664796754006,0.12458410627826064,0.1098510784300455
36,36.0,36.0,0.09746037486024686,0.08826210643130766,0.0770594191617094,0.10699311240482659,0.09410585902403362,0.1236964623714384,0.10181570998925828,0.0903456738797794,0.12088736709424305,0.09937391478315633
37,37.0,37.0,0.09679560424214594,0.08681097016692368,0.050709209744779375,0.0877873832956612,0.08279301085442466,0.1331500704807843,0.11674478765415458,0.11190046518395771,0.13510523200690117,0.09820326637026684
38,38.0,38.0,0.09589653196377178,0.08684155453028769,0.07591049476113329,0.10141434064930523,0.08473585555057585,0.11991712293017988,0.08992202006034422,0.09538937286058848,0.15425166502688253,0.09572104166693055
39,39.0,39.0,0.0908639312429922,0.09033756948016632,0.06755456942034949,0.0887398191838253,0.08126865565889663,0.13817419329862005,0.11497271938810241,0.09662567030938168,0.12361390607747497,0.10784896594019051
40,40.0,40.0,0.09251039392608204,0.08596965720236462,0.058842936873874624,0.0922203415021199,0.08860471059155631,0.141400117466959,0.1060614212492609,0.08504184888706079,0.12651125142455935,0.122837320876162
41,41.0,41.0,0.09202565794143708,0.0602370905207065,0.06154028439291032,0.11756889947592866,0.08311795882398884,0.14265801965043048,0.10704276071527383,0.08491242487541435,0.14039449337044158,0.11050241023346791
42,42.0,42.0,0.10301273055474588,0.09047235797921213,0.06582340929576083,0.08822767450959952,0.08688114665718402,0.12050574493466737,0.10027502029079907,0.07493550018098602,0.16623096068744656,0.10363545490959813
43,43.0,43.0,0.10014094143970008,0.05844126958025667,0.07700231581899131,0.09810772387906999,0.09736484540072887,0.15907018157779762,0.09906444425053132,0.07694270411872517,0.1306041922479433,0.10326138168625514
44,44.0,44.0,0.08023128299619078,0.06377580922726683,0.0743535252028704,0.1095242073629646,0.07784146076530053,0.12980022784518094,0.10539828555207503,0.12811482286986164,0.13953486645697835,0.09142551172131039
45,45.0,45.0,0.1069828511900499,0.06855121605011547,0.0793730941041067,0.0970373888068393,0.09396031432647178,0.14716943503514007,0.09309906231910957,0.09218756821043915,0.11419594766291319,0.10744312229481442
46,46.0,46.0,0.09847681052851648,0.06948468189849054,0.06535453586656317,0.08855864469969874,0.07137814723832747,0.14913615261106306,0.10689303388043978,0.08634442863013307,0.16478978927664176,0.09958377537012543
47,47.0,47.0,0.10829595625192437,0.09604256231165281,0.06522209860345335,0.0901841875506033,0.08938917689745395,0.12689458552146404,0.10045801851071484,0.09161433236174338,0.12113831667311604,0.11076076531787343
48,48.0,48.0,0.1086275781923286,0.08356116283148211,0.07805136626892425,0.10813832139878612,0.0765485589583974,0.12159477432510313,0.10080897844569471,0.07710145147859387,0.1421795045606,0.10338830354008938
49,49.0,49.0,0.09383735195728267,0.10423168440849573,0.07743729926155703,0.1000911744139195,0.10016796785356627,0.1226724018179771,0.09760634503023245,0.08314121339252682,0.13083379392844455,0.08998076793599734
50,50.0,50.0,0.0979669931710678,0.08754586990735656,0.07606542863307192,0.11638657943229726,0.07115451540199233,0.13467043730284506,0.11015272327191292,0.08801406984551517,0.11838366952450147,0.099659713509439
51,51.0,51.0,0.10617139280126206,0.08182921195238232,0.07755433091219772,0.10996177810621947,0.07583700081225005,0.1388891408010905,0.09763790287095123,0.09843528859134783,0.12444726753481847,0.08923668561747995
52,52.0,52.0,0.08939631062717905,0.08820352870126832,0.08793249966699493,0.08146098652793488,0.0743489572479275,0.1483311711181656,0.0908596822949401,0.08515337654810962,0.14584842107092305,0.10846506619655652
53,53.0,53.0,0.08733162992439224,0.10192878073287212,0.06822940863683188,0.10202099912962875,0.09120393860119674,0.1299872905914283,0.1177568872893649,0.08885772214327838,0.12311171109056662,0.08957163186043968
54,54.0,54.0,0.10306642643482478,0.07702359404890773,0.03496797428919767,0.1006438377997605,0.07656523395848285,0.14695530853629088,0.1007350843959386,0.10063710698335272,0.14198843015861115,0.11741700339463272
55,55.0,55.0,0.0835649007843331,0.10536743758444964,0.07079066476121808,0.0778807421576087,0.0938421916461068,0.14437568318404972,0.09967989698522267,0.10606033207941618,0.11780465976706833,0.10063349105052642
56,56.0,56.0,0.09787585633325172,0.06879477951924523,0.07719011443348862,0.12202770110110582,0.0785826866051156,0.1342478271680696,0.08990420513022586,0.09547725249694923,0.13008837391216405,0.10581120330038381
57,57.0,57.0,0.09390929855528338,0.08352226454082598,0.0838760895947498,0.11780347833886062,0.08102865096066629,0.10643179300307393,0.10977212564510241,0.07774247737350592,0.14365335232428372,0.10226046966364732
58,58.0,58.0,0.10156712358598802,0.06892003265590724,0.06019333235131115,0.10770935172529023,0.1061196619459606,0.12688683332308137,0.0985680826791977,0.09665110789625429,0.14085130092327344,0.0925331729137355
59,59.0,59.0,0.09690647536256777,0.08141117769604114,0.05238057977757475,0.08201183446675514,0.08568542336540964,0.14933045097146525,0.10597943765752013,0.09327432251730089,0.1393287066795423,0.11369159150582259
60,60.0,60.0,0.11562935897345032,0.08968528773905517,0.06133298840680203,0.08096049679370258,0.07699941349441786,0.14049609787165648,0.09489821149754918,0.1051256487782258,0.15320162392884895,0.08167087251629115
61,61.0,61.0,0.09582378295028143,0.0908637147790704,0.0628355076111844,0.11908717132079091,0.08965950078934855,0.13153168950859584,0.08268302881500443,0.098826614577428,0.11904098699105443,0.10964800265724109
62,62.0,62.0,0.09021273052197323,0.0708156069615703,0.063790532869164,0.10163093902640172,0.1005506539698143,0.13716290256403194,0.10124654698913658,0.08646606402568979,0.1343070795076048,0.11381694356461275
63,63.0,63.0,0.11549635511306618,0.06090378868885992,0.062157956939607004,0.08597262897873695,0.0903318924779551,0.12726370955224486,0.09080881051666885,0.1134867500075525,0.1275228010521942,0.12605530667311404
64,64.0,64.0,0.08696898010388943,0.08506433789006443,0.04882601358651222,0.09271584881383145,0.09477976026114188,0.16524986209963313,0.0969690186357631,0.07265414343710638,0.1421828610068554,0.11458917416520205
65,65.0,65.0,0.08238652773400433,0.08151908985312027,0.07947818191371547,0.08261603552764227,0.0784625205695986,0.12792325059194784,0.11633298902486484,0.08140340887582068,0.1576762131515703,0.11220178275771489
66,66.0,66.0,0.09266138761228343,0.09217909981481112,0.08091482028441734,0.10149746622758907,0.07447635253880329,0.12472992855202185,0.09963426750358663,0.08817861548590095,0.12308329385738165,0.12264476812320418
67,67.0,67.0,0.09521910195605734,0.0936587331199924,0.0701304706002836,0.0822353183468303,0.07365346613605207,0.12835397029146783,0.0935518427469899,0.12243814854585366,0.12190009492000761,0.1188588533364647
68,68.0,68.0,0.08978841703872587,0.07255470834653288,0.060916929430520184,0.08858463381678446,0.08501942983558543,0.15573945151249918,0.0886560305330152,0.11590923132982274,0.14112540461260326,0.10170576354391042
69,69.0,69.0,0.10545986404181962,0.09238047557343187,0.07089758702971653,0.09627082211146407,0.06889568847471156,0.13376500683566858,0.11983198129712108,0.09692637134904282,0.1156560825305544,0.09991612075646902
70,70.0,70.0,0.1080094394609053,0.0858712079368307,0.07181033189474689,0.10903503637747078,0.10340947302489217,0.1348902130612878,0.09830624516158655,0.07238943769741,0.11410784099923298,0.10217077438563638
71,71.0,71.0,0.09965297986903811,0.0633041214439851,0.08598412616902686,0.08933074772346808,0.0874178642444827,0.1465704256547568,0.09104340861342552,0.08996352221765405,0.13319082870917334,0.11354197535498889
72,72.0,72.0,0.1098253320623436,0.06885575157499267,0.0612115590057856,0.09177281291904832,0.07821546093119346,0.15014807502757965,0.10159264451406733,0.08594855804477286,0.14663712902532589,0.1057926768948901
73,73.0,73.0,0.10650268370015373,0.08898768037007503,0.07566258441279052,0.10694717763378318,0.07241806015010183,0.12028307958510229,0.10829379554458653,0.09324297607101248,0.12762496311558635,0.10003699941680758
74,74.0,74.0,0.11450857988895757,0.09341972646374852,0.06338617035004407,0.0950201813860484,0.06562284434603352,0.1441355167877425,0.12264289188125924,0.07678649963624237,0.11847726170323407,0.10600032755668926
75,75.0,75.0,0.06611247777375501,0.08441983746821291,0.07665910905473286,0.11563830282488215,0.0861156448544776,0.14109683654632935,0.09282536628621665,0.10268247919919286,0.13873173159259505,0.09571821439960505
76,76.0,76.0,0.10761242076429808,0.09010868843412115,0.05098365772026998,0.0901484129490778,0.07181008424565186,0.13376861806187387,0.1109021795045424,0.10130843352209964,0.13666335085288667,0.10669415394517814
77,77.0,77.0,0.0937459083843471,0.0716043593828449,0.08316758223154119,0.11036662730136777,0.08291006795478278,0.13328684435705065,0.09741218852169747,0.09184147438043315,0.11273626827827207,0.1229286792076625
78,78.0,78.0,0.10377883439814645,0.09791950361476574,0.057446038951655905,0.11265430376437148,0.07057914541972336,0.12735298778180112,0.09700754143027909,0.08320268950322453,0.13228477375110087,0.11777418138493097
79,79.0,79.0,0.09640243639748165,0.08250043128527002,0.06142971231458455,0.10154725267251,0.08771469987826527,0.12877018177350208,0.0853260607129764,0.08908439269237206,0.13907205324450447,0.1281527790285331
80,80.0,80.0,0.0962273720859158,0.08520677832901365,0.07715494925226773,0.09739042040487099,0.08427616289166334,0.12938919848744626,0.08922626890790611,0.07502915971970048,0.14455775777117047,0.12154193215004475
81,81.0,81.0,0.07561313455908472,0.08584832166026443,0.07857480668322367,0.0775331574426678,0.1119437445183496,0.11484658948367145,0.11187611886119575,0.07461898412805455,0.15378964710308013,0.11535549556040742
82,82.0,82.0,0.0764121412997757,0.07768657848329388,0.09020972191926113,0.0953705878335776,0.08104769188452428,0.11384654921535908,0.10696646935406415,0.12258682587575222,0.13962642745621834,0.09624700667817315
83,83.0,83.0,0.12274061722797336,0.08245818536637273,0.06545254588049933,0.07340757512306788,0.07660751037958423,0.1445511353945435,0.09828170711002743,0.10755279728565398,0.13602397841431685,0.09292394781796037
84,84.0,84.0,0.08487620244825789,0.0956695748054826,0.0760650167113153,0.10678141810227419,0.052839024450970176,0.14295647771031866,0.12126828282798136,0.07739900872761027,0.13082319081008975,0.11132180340569943
85,85.0,85.0,0.08415058504853726,0.08372374511580512,0.06154002031704025,0.08508030166474409,0.10296997400144092,0.14983223790962313,0.1009036480935616,0.10657719111292624,0.12231287099812252,0.10290942573819845
86,86.0,86.0,0.10799410003498626,0.06836706783617949,0.05700386402951513,0.09807423728045322,0.10284131528867885,0.1447567555229369,0.08859792901288457,0.10161951812405431,0.1412085672644599,0.08953664560585078
87,87.0,87.0,0.11057155088059839,0.08389057309831752,0.06615413818254012,0.09262610965290899,0.06421491288240411,0.14120319093239408,0.11284035370219223,0.0717837828999511,0.14883877422141795,0.10787661354727507
88,88.0,88.0,0.10783479274050803,0.10020392434927114,0.08459236465538437,0.09398678589512607,0.07936142242397953,0.11649824658301328,0.10660254282523968,0.08700062822596867,0.1362216488125036,0.08769764348900518
89,89.0,89.0,0.10934931017455238,0.07946355660347423,0.04763476211231087,0.10495846753545238,0.07126122144320585,0.14658842806198652,0.10804840393701017,0.10209043001203685,0.1301394719612199,0.1004659481587504
90,90.0,90.0,0.11005674001218627,0.0919574505067601,0.04589127966227857,0.1063734678543633,0.07351723539627955,0.14238337109373758,0.10758164196426029,0.09958606021544854,0.13022963597697965,0.09242311731770571
91,91.0,91.0,0.1082041519826826,0.08704232611503088,0.04818402218550397,0.10985769830606223,0.08892799317382935,0.13469946596195206,0.09714560989047312,0.09503090752766943,0.13581940784291463,0.09508841701388132
92,92.0,92.0,0.10748501566263732,0.08084148559526065,0.08374840508953435,0.09178668055409442,0.07800708744546198,0.1294895197091282,0.07833263410803792,0.10883313292544894,0.13025696265231537,0.11121907625808031
93,93.0,93.0,0.11053897629122468,0.06737058214488535,0.08476321598112664,0.07992012351229859,0.08422025810342887,0.1436424156320652,0.08726059718492551,0.08337395809974459,0.15934598183544407,0.099563891214856
94,94.0,94.0,0.09260224079111767,0.08272304614567355,0.0759535349378972,0.10401878923488063,0.0891516169300866,0.1203049416196807,0.09824528097541281,0.079417093474458,0.15062837420800645,0.10695508168278597
95,95.0,95.0,0.10425772662185855,0.0950376716394697,0.08444152138421174,0.08918235250371075,0.09237015852756446,0.13247830199464725,0.09450684328750317,0.08731509964787577,0.12742103376542935,0.09298929062772877
96,96.0,96.0,0.10901015498495231,0.07737204203368123,0.0750037092638965,0.09141485276573237,0.09772729341406251,0.135409518664711,0.10862255750291933,0.08015635693267492,0.126918155253477,0.09836535918389241
97,97.0,97.0,0.1061441975378305,0.09561347030901088,0.07733771859402347,0.08037994444057953,0.08749504379837773,0.10935946990816099,0.10010046378372894,0.0968223068077563,0.13729042229068406,0.10945696252984712
98,98.0,98.0,0.10002141287212676,0.0967835477952642,0.0688503590650649,0.08289533051701917,0.07851366623904064,0.13652269406348452,0.11239852028792675,0.0829504082474095,0.1473567684809039,0.09370729243175913
99,99.0,99.0,0.08082987197804706,0.09444740800933897,0.05766493408250518,0.08446687743964591,0.0858441143255469,0.13504496490441073,0.11573171983114565,0.10119196396087768,0.12871443999734652,0.11606370547113495
100,100.0,100.0,0.09254966949811434,0.08898584507043007,0.0719922271791438,0.0897302942508783,0.07189928490490018,0.14077744344782087,0.10999115314648446,0.10949271520689657,0.11534676448709652,0.10923460280823447
101,101.0,101.0,0.09925862675199842,0.0769090874238364,0.076201372963343,0.1026376325989794,0.08368732473871907,0.11831034995917969,0.10377743355267174,0.09612690260021811,0.13021213247464608,0.11287913693640758
102,102.0,102.0,0.07702406480734325,0.06509818803142603,0.07362556909104293,0.11938697989434932,0.0797968076170502,0.1292049485312396,0.07272611642474625,0.10206400508300065,0.15499924026712672,0.12607408025267464
103,103.0,103.0,0.0794179345823907,0.08162495037207251,0.06570043726901605,0.09883265959918874,0.07007460823523858,0.12786516992051167,0.08587939040588803,0.12043216049230558,0.14973614403612523,0.1204365450872625
104,104.0,104.0,0.08538357582206123,0.0855820943027687,0.06679141068390804,0.10293511115910162,0.06320582336679686,0.14057652984665786,0.12128566120655397,0.0975220645046299,0.13751685646932027,0.09920087263820104
105,105.0,105.0,0.08262054404524267,0.10690802979059447,0.06462363937077628,0.08423760486716735,0.08404277079538798,0.12193091357095308,0.09799067014287387,0.08861053571164362,0.13936361529374588,0.12967167641161445
106,106.0,106.0,0.09604063977687258,0.058053052218191056,0.07030681387481975,0.12104917968658431,0.0724111218125859,0.1576213637771437,0.10618808551631895,0.11150883421824562,0.11385715198281753,0.0929637571364201
107,107.0,107.0,0.11154435250069761,0.08631760540848271,0.0725456757733756,0.0985024293037835,0.06341472920269108,0.1093094148383618,0.11240419863975928,0.10615573819563964,0.14618396405357764,0.09362189208363084
108,108.0,108.0,0.0941442728562181,0.09384399634050802,0.08064694603223026,0.10892461412306043,0.07736557330456549,0.1291907147812464,0.0884205856795217,0.08713416538323185,0.1326528846026293,0.10767624689678784
109,109.0,109.0,0.10049894370385606,0.07451574265103086,0.0787377901071668,0.08174300203464474,0.07366975943518958,0.15540400994109538,0.11080422929949167,0.09200530120306376,0.13376591576844132,0.09885530585601951
110,110.0,110.0,0.10784169597736833,0.08991799148110392,0.08453405614190046,0.09001321272502152,0.07801899687793575,0.13329258888084206,0.0987900951578228,0.09770541529754348,0.11924190616141055,0.10064404129905064
111,111.0,111.0,0.12033680175836639,0.07502035319715546,0.06296280595222797,0.10640737746610032,0.0567049362837719,0.11668657067334698,0.10568220161109435,0.093106029054666,0.1424982265006473,0.1205946975026228
112,112.0,112.0,0.10563267169913593,0.08277346582409995,0.057253054697902775,0.10067883630026955,0.0773295216752436,0.12349573761099181,0.11147762451480367,0.09636184517059554,0.14852696724552883,0.09647027526142778
113,113.0,113.0,0.08191553206693235,0.08938442527387809,0.04779869121538605,0.07719862244437847,0.06800630865491909,0.1497903434733164,0.11184873151785066,0.08734910167975815,0.1439838899893503,0.14272435368422992
114,114.0,114.0,0.09354410619502793,0.07596915634129389,0.04714201229578368,0.0876473806145605,0.080875349361784,0.14206405197464214,0.12443733328135134,0.08309515114475031,0.14578907838628086,0.11943638040452495
115,115.0,115.0,0.09127151483414195,0.10465415706266992,0.07710641981557867,0.09452339987413008,0.07806082770992526,0.1351602052143598,0.10674490145444004,0.0825527266363512,0.12455203244706448,0.10537381495133807
116,116.0,116.0,0.10133579899212045,0.08558360873854368,0.0960157271189004,0.08667985733220508,0.08953437647417262,0.11940371359818158,0.09287455456477092,0.09552254142138952,0.138607189967981,0.09444263179173439
117,117.0,117.0,0.09893883508248269,0.07943871943540462,0.07038273021700958,0.09400943865019618,0.07468921078924146,0.1208296567471929,0.11193048108226261,0.09151533501221175,0.1468498361913254,0.11141575679267235
118,118.0,118.0,0.11148518970066543,0.09091611970920072,0.07337775220631235,0.10070718065253023,0.06847482499291845,0.13009163953261926,0.10420796140590495,0.0895467565618063,0.13787794723382973,0.0933146280042122
119,119.0,119.0,0.0806439231109144,0.09630276384290191,0.0717237453209303,0.10885434946836958,0.07813608495677432,0.10490924676995524,0.10601039256500895,0.10172947059098347,0.160650270392259,0.09103975298190242
120,120.0,120.0,0.07360662410148136,0.09814761204434663,0.07452139202930196,0.09938070441149188,0.06335766952281013,0.12709510990133505,0.1234830816963696,0.10466592575126545,0.13053720738453112,0.10520467315706632
121,121.0,121.0,0.11858247114286595,0.08039044323538756,0.05622632086745673,0.12285001396741163,0.07479042666407718,0.12259426787295294,0.09186332199629534,0.09691534421746192,0.13245062626538687,0.10333676377070342
122,122.0,122.0,0.0948214916817299,0.0881586481770611,0.0761811381221241,0.08849187566827707,0.06156166077505495,0.13555883449268424,0.09530143985620584,0.07856846315732843,0.1720633779183673,0.10929307015116664
123,123.0,123.0,0.06653234614337422,0.09141226016000364,0.08540775872442355,0.12372463854178944,0.07020716141533975,0.1544731995568969,0.0900104993917824,0.10256466699269885,0.12934262554314685,0.08632484353054384
124,124.0,124.0,0.11985711898780355,0.10020982048562795,0.07518952682767047,0.08667139236552907,0.0759767288349878,0.1241070265904702,0.09613042636290335,0.09315043994368583,0.12292259668774225,0.10578492291357913
125,125.0,125.0,0.10334987560102485,0.08452466466223552,0.05524345431951968,0.09815697756881682,0.0886671506461757,0.15811052966092537,0.08081957958646492,0.09135934790105416,0.12858324092615925,0.11118517912762321
126,126.0,126.0,0.11164018996669055,0.10206085497620307,0.058596439335191805,0.11479900998924822,0.07435596285090484,0.11606713714413204,0.1042503126778953,0.10243887060142087,0.13735712107763462,0.07843410138067818
127,127.0,127.0,0.10235785453925497,0.07572293720195865,0.054144803136075795,0.09815035290540516,0.06393231071359398,0.12705709922918912,0.09259081987985567,0.1270867794088597,0.14539400485057316,0.11356303813523336
128,128.0,128.0,0.10167131624765209,0.07664102824678035,0.0741399867898629,0.1192604857351828,0.09039181781621895,0.14326918920680376,0.0793004429169799,0.09537961898055435,0.12591373590778487,0.09403237815217953
129,129.0,129.0,0.10942547718173877,0.1050876268802824,0.06808090743731054,0.08393857145374273,0.07565175951416284,0.12575442096873043,0.09771516007000058,0.09625302067980213,0.1374716768175392,0.10062137899668994
130,130.0,130.0,0.09997715889324127,0.0849775385153042,0.06654082089849386,0.09790118673799232,0.07470487726466862,0.1394836990928418,0.09169834144619453,0.10476935536207685,0.15022959572316547,0.08971742606602065
131,131.0,131.0,0.08017993540454357,0.07240599089371695,0.049684199962049896,0.11257216160523205,0.0992234315970339,0.14237247639987757,0.11401287821040187,0.08298785274598332,0.12882324807728093,0.11773782510387945
132,132.0,132.0,0.1075204128749975,0.07954052215521207,0.10394558116803206,0.08726455156988025,0.08950451955892198,0.1339166808546953,0.09226991955883408,0.08873887480420088,0.13125108213579448,0.08604785531943085
133,133.0,133.0,0.09394149561141693,0.08558918114035333,0.07008791660101314,0.09490606022637645,0.06403126884798532,0.141437378574651,0.1102159413852821,0.0976019541862078,0.13629366520196518,0.10589513822474828
134,134.0,134.0,0.08599645397187827,0.08820189197058055,0.07044895059099698,0.12176781474407969,0.0934495156077503,0.13649307152747062,0.10639005649968447,0.09183625295887497,0.12720263424854508,0.0782133578801386
135,135.0,135.0,0.10016253918183884,0.08374118951436449,0.07257867832211862,0.11645889204902587,0.08340812640109321,0.14953922692629523,0.1027872678415272,0.08553701271531837,0.11957154445653265,0.08621552259188503
136,136.0,136.0,0.07838447975154628,0.09731511652759667,0.07305339030848432,0.10598936138288512,0.07230549769656122,0.1352605822969421,0.08165375959826232,0.10359441006576553,0.12579563029657187,0.12664777207538416
137,137.0,137.0,0.12109825547046849,0.08737445070741595,0.06985743334753944,0.0989669679363075,0.04995524137811313,0.14806616124460223,0.11272711657179235,0.07952054239113604,0.11648199914080357,0.11595183181182077
138,138.0,138.0,0.1031485576035051,0.08791261091406675,0.07258050494429988,0.09761734552797689,0.08283299320579587,0.12691709647824712,0.1134495798529709,0.07914455880250253,0.12994679137532317,0.10644996129531134
139,139.0,139.0,0.08334178626654562,0.11868975337734014,0.07559256802431462,0.11117525155172078,0.07516118729091766,0.12883426142450077,0.08669663092018104,0.074137845828381,0.10793163980785737,0.13843907550824042
140,140.0,140.0,0.08252120769651786,0.08934085874463227,0.05043228759547843,0.1066776201111861,0.08808216513725586,0.1367642491712494,0.08850276147587828,0.10585032169830444,0.13680926544015254,0.11501926292934435
141,141.0,141.0,0.0933921802848918,0.12142988885498784,0.05664259697576177,0.10140249809110155,0.08789048196056884,0.13164833245795993,0.08201344124862023,0.07799769909090914,0.15538401615250305,0.09219886488269541
142,142.0,142.0,0.09393897075868983,0.1062933897038548,0.0829816622579454,0.09313557706236723,0.09175290808775807,0.1278057590000849,0.0910350119696696,0.08590299952769717,0.13709429874838963,0.09005942288354288
143,143.0,143.0,0.10165232629660725,0.06735147222263033,0.06660602486536023,0.10576324828327191,0.09439156595510258,0.12834610068053875,0.13050217218992885,0.0789448922600148,0.12699709799451844,0.0994450992520265
144,144.0,144.0,0.09929697167729017,0.0836998468069439,0.055710290002376324,0.09624836808972237,0.10066971692741834,0.12023349072128367,0.10313438289764525,0.07842246990092935,0.1330476217367486,0.1295368412396416
145,145.0,145.0,0.09141831838281872,0.10049432620426695,0.0490514945992151,0.12226132844715322,0.07740202304940587,0.1395487757182559,0.124959952920328,0.08612298910341827,0.1138123937033403,0.0949283978717972
146,146.0,146.0,0.08126391815060222,0.0843837094972462,0.078256115481182,0.07747410329203983,0.09700350301195304,0.14427139223987775,0.11024328677655618,0.0783363598332889,0.1552591906715524,0.09350842104570098
147,147.0,147.0,0.09646060288115631,0.09837472642510285,0.07141823101872145,0.10819304071207042,0.0821536177718859,0.12112258413503448,0.10820876777499132,0.0753094745382051,0.1234539654864393,0.11530498925639243
148,148.0,148.0,0.09219146271291911,0.09763985873775807,0.08742804557183687,0.10399606706074935,0.0678845964257908,0.12624333770353752,0.10670955988639494,0.0738587998934977,0.1363099073246316,0.10773836468288356
149,149.0,149.0,0.09722991721702583,0.09380833782555605,0.0610924197072222,0.1084390749103519,0.10033537591533842,0.13744020430862122,0.09063781480681198,0.06342960980668208,0.1637965220782588,0.08379072342413119
150,150.0,150.0,0.10892059459221928,0.09589175244321803,0.05807804879938728,0.0849133085797144,0.08824675669728962,0.126492455884882,0.10884785949356549,0.08473931986905844,0.15077459195543677,0.0930953116852283
151,151.0,151.0,0.08189919309384963,0.1046347121987954,0.0930361643164798,0.10230800176906513,0.08136698238852272,0.13428060439939282,0.08424764274976747,0.08409880267570922,0.12477703999258555,0.10935085641583175
152,152.0,152.0,0.1070708031050895,0.08536908685899902,0.06333761311752839,0.10289553013233999,0.10604335165148082,0.12662222212865945,0.08518399000652298,0.07210193540867524,0.1570622737954178,0.0943131937952863
153,153.0,153.0,0.09226339908032842,0.08430343095108718,0.08529909880750469,0.09675521014028128,0.07365481118309403,0.12067409561389594,0.08903121586336697,0.1033947016570843,0.15727662979713947,0.09734740690621728
154,154.0,154.0,0.12355804696541989,0.07797618830249478,0.05941105619816432,0.09598863832714138,0.08467560680950761,0.14481105333130387,0.08310782469868172,0.08059708683578226,0.140203243129348,0.10967125540215572
155,155.0,155.0,0.09348380208777954,0.0926598325219638,0.07255864023373712,0.09535929366953327,0.07766207244577755,0.14305923180054514,0.09029091074452476,0.07983030880055214,0.13726135715321341,0.11783455054237282
156,156.0,156.0,0.0815511499837167,0.09248352791761018,0.062349159844240575,0.09239272911823565,0.08327050328756483,0.12781085964008748,0.11009030582568566,0.10416794034561974,0.13772816033865445,0.10815566369858434
157,157.0,157.0,0.10369322148847035,0.08716597529802207,0.0739932927977652,0.08799557336136654,0.07095042386580555,0.12074699461591754,0.09650675017238183,0.0892548323345386,0.14077348204317938,0.12891945402255253
158,158.0,158.0,0.09628259757459984,0.08889637206301755,0.061351125216975784,0.07774910099784901,0.08048898440006595,0.12818248744775698,0.11569492754367444,0.0875260936708096,0.14729668857392061,0.11653162251132967
159,159.0,159.0,0.1007656676357943,0.09630988576825725,0.07224216856919703,0.10093840106380432,0.08202759204510299,0.10483949930440589,0.11230076106479163,0.09527518349119285,0.13817876508369714,0.09712207597375609
160,160.0,160.0,0.1120273563006659,0.06984146380569105,0.0770303600298324,0.0988985889699594,0.07278373471661868,0.13553600753660472,0.0940570186827907,0.08356730449796787,0.12974325956928834,0.1265149058905805
161,161.0,161.0,0.11495873346514746,0.09201830164693581,0.06596092416897077,0.10224643206561312,0.08988765173928807,0.11751480685817418,0.09252694196587058,0.06812596857337568,0.15298150103303088,0.10377873848359292
162,162.0,162.0,0.08738279170725677,0.07939715829358795,0.05372172530267655,0.1416491322782259,0.07225165104092166,0.1334940026821594,0.10838512225816699,0.09629218991973702,0.12269257992271476,0.10473364659455242
163,163.0,163.0,0.09840151289587826,0.10795396957767046,0.05847675181039848,0.10191367591436079,0.0840643726274445,0.13658006082401902,0.08236481645693038,0.09361776309928804,0.11676622466147464,0.11986085213253497
164,164.0,164.0,0.09608827283686293,0.08562440389985151,0.0879728707458445,0.08862451047129649,0.08445448665860535,0.143573106670487,0.10817407053522346,0.10035353225846558,0.1276756238981483,0.07745912202521445
165,165.0,165.0,0.10066365928072804,0.09444969131754422,0.07431955217406062,0.10380329178526726,0.093618612126005,0.12785975429206903,0.09530579873074448,0.07656631739974848,0.12741249754799222,0.10600082534584038
166,166.0,166.0,0.10190141241419842,0.07883665462436378,0.08805893446891039,0.10193812857758333,0.09646345102761082,0.14279571586058198,0.07762100654317877,0.0766744572469122,0.12936728064141798,0.1063429585952419
167,167.0,167.0,0.07814887147161333,0.09567008178211586,0.0679896680320152,0.08556153286663686,0.072324568185893,0.15537834534727366,0.08533304302725833,0.09590960576963448,0.13561913414972515,0.12806514936783372
168,168.0,168.0,0.08806647007310794,0.08440694728789476,0.07930366890133778,0.09364491045441449,0.09243638146822059,0.12507085850127675,0.10490907492467903,0.08724064476803667,0.13044092921078923,0.11448011441024225
169,169.0,169.0,0.09750390705174015,0.06069603802734097,0.08215843936175315,0.10209101103878832,0.08836339526388545,0.11772428603552768,0.09256452280172404,0.09504891299633628,0.14702459608600052,0.11682489133690294
170,170.0,170.0,0.10081316538608995,0.10534581948227713,0.0707917365987129,0.08333832982397685,0.08756520005528529,0.12316983558606949,0.11213182643670845,0.08238845003156363,0.1274907049088531,0.10696493169046283
171,171.0,171.0,0.09270374039576523,0.09550162581113877,0.07570180653733805,0.09001199920809462,0.0874315779985768,0.12411835122829443,0.09460835356510032,0.09705986081694198,0.13597331529653864,0.10688936914221073
172,172.0,172.0,0.10757278936515337,0.07477316573009495,0.0628608693078201,0.10163820347217317,0.07593207380549,0.1368550675319763,0.09624028305345016,0.08182365535210348,0.1468036354568797,0.11550025692485835
173,173.0,173.0,0.08632468140135988,0.08666159307108873,0.0697825999034658,0.10264725570536623,0.10760789992291345,0.15381980585047375,0.08955163532666639,0.08889470155922624,0.11843595914358454,0.09627386811585445
174,174.0,174.0,0.08254969482025383,0.10219949694013598,0.05743947546360907,0.08444897501482729,0.0809417648964545,0.1524509132941329,0.11680847388601684,0.08937177903078727,0.12985767043960833,0.10393175621417354
175,175.0,175.0,0.11468682195607825,0.08849976594553105,0.079770240942528,0.1042523055634393,0.08824863380922368,0.10160355832733323,0.11482953550819813,0.08103406462953575,0.14220704025141573,0.08486803306671648
176,176.0,176.0,0.10079778802832379,0.10702225089239517,0.05298004491255265,0.09157152408391393,0.08392102506816018,0.12157494690427041,0.10303646391712883,0.10286468256214018,0.11175482469933642,0.12447644893177788
177,177.0,177.0,0.08435111508013723,0.09677001952631775,0.08095457035148215,0.0904703610494854,0.0810089119229909,0.13510486603109653,0.10008408616876267,0.09736059313673957,0.11633295744329863,0.11756251928968862
178,178.0,178.0,0.09637658425785234,0.09871138145629929,0.062433627330995674,0.09820375372587371,0.07306455333637478,0.13953097898750585,0.10573379518972305,0.09156979049206207,0.13131811158409398,0.10305742363921885
179,179.0,179.0,0.10258835556984722,0.09788167768318373,0.07397185867743145,0.09741164646150574,0.0618949242812086,0.12034691245729602,0.10557510249553415,0.10072103308405356,0.13780940148340073,0.10179908780653835
180,180.0,180.0,0.10020445722348292,0.0715448347080146,0.08224737353243147,0.10514452906012782,0.10414996270032371,0.106197207937322,0.11428830184105618,0.07911922449568412,0.12513171694199787,0.11197239155955885
181,181.0,181.0,0.09228026449633309,0.09191620128063338,0.0555520215190104,0.11348083353920668,0.08121466858084875,0.16207235256015806,0.09080516725415742,0.07716806004230195,0.1288510261667643,0.10665940456058552
182,182.0,182.0,0.09109331673680485,0.0895521040795749,0.049350975455121224,0.10235391734572409,0.07824087866143525,0.1220662351221486,0.1130946480864489,0.098968475082357,0.14469652695524657,0.11058292247513812
183,183.0,183.0,0.11756942562612357,0.09378748915150678,0.06697379286431418,0.10340430470818394,0.07370611710875152,0.1214389523571658,0.0985915329620688,0.09265694404416443,0.1198133105039078,0.11205813067381273
184,184.0,184.0,0.1072552642998384,0.08705837185742095,0.0504118421132756,0.08478611169982475,0.09468413225762173,0.12920905141370662,0.12611999632614124,0.07429118919935783,0.13783548413824526,0.1083485566945672
185,185.0,185.0,0.08034978003101143,0.09446534715063501,0.07468009312369905,0.09318297470106145,0.07896862385000138,0.1269036230292638,0.11141174273531396,0.06284797200776153,0.15748986966461112,0.11969997370664073
186,186.0,186.0,0.08558767090886983,0.12724902185259515,0.06974894967399453,0.08166932642228114,0.07219559676589894,0.14445800979630571,0.11391800738586992,0.0658031835893724,0.14660334521900503,0.09276688838580685
187,187.0,187.0,0.08775360918462227,0.098013194104933,0.09530051149380736,0.10610983586646747,0.06716373087737681,0.13188344045907213,0.11151526811952087,0.07451325807931235,0.12929194696975305,0.09845520484513423
