Generations,Unnamed: 0.1,Intertwine_two,Add_vertex,Delete_vertex,Invert_path_vertices,Insert_inside_vertex,Delete_inside_vertex,Replace_inside_vertex,Donate_between_routes,Trim_one_terminal_cb,Grow_one_terminal_cb
0,0.0,0.1,0.1,0.1,0.1,0.1,0.1,0.1,0.1,0.1,0.1
1,1.0,0.1008872143624005,0.0995894717873179,0.0972677455923737,0.0997229297339632,0.1010289396839919,0.1000766055290044,0.1011057153299386,0.0991380226074762,0.1003158256504093,0.1008675297231237
2,2.0,0.1016027777092986,0.0980245745606761,0.0946118092395496,0.1002877692129274,0.1019096691002962,0.1000545859392773,0.1004473605859712,0.099797479469346,0.1004062368958746,0.1028577372867825
3,3.0,0.1024736934850382,0.096969767732341,0.0920281064107261,0.1010529324646714,0.1013679707273792,0.1016980548326494,0.1004698070929364,0.1011712310579062,0.0999491690070299,0.1028192671893219
4,4.0,0.1040743237123963,0.0953646461394274,0.0890806196100512,0.1010343914758709,0.1002013040955732,0.101813082464543,0.1013127955497913,0.1006294477428299,0.1026923891289468,0.1037970000805696
5,5.0,0.1053540294394873,0.0939741086599987,0.0869012215385855,0.1011566357844403,0.0997358385383824,0.101672583783453,0.1028260202794317,0.1018859795635717,0.1038083731619052,0.1026852092507438
6,6.0,0.1042354941988362,0.092150154692922,0.086846037676563,0.1032946558749076,0.1003813541829432,0.1027416676657799,0.1033387759540485,0.1002397487249987,0.1050689279807502,0.10170318304825
7,7.0,0.1042499248217941,0.090450428257493,0.084492170891902,0.1037383010005298,0.0994308577692108,0.1060206051918024,0.1040005610998983,0.0991536223649112,0.1068972514714318,0.1015662771310261
8,8.0,0.1044050110984527,0.0897537284917111,0.0822893516492366,0.1036033643879433,0.0991423024337411,0.1076725053067813,0.1043375476138344,0.0984496731657362,0.1088365779079009,0.1015099379446616
9,9.0,0.1040310269186184,0.0904199347295712,0.0801307277998623,0.1036902737413881,0.0993695183025058,0.1086446805144653,0.1034791140708965,0.0979968769268739,0.1103173815298848,0.1019204654659332
10,10.0,0.1065395927551579,0.0890748578906553,0.0794042403784559,0.1035046880758474,0.0991877382414408,0.108365891493369,0.1031864729103223,0.0977120269498837,0.1121085206051683,0.1009159706996987
11,11.0,0.1068910240641881,0.0880445521750267,0.0780483084444771,0.1039478101829722,0.0981963725218062,0.10935469401794,0.1048109290743382,0.0973633881973023,0.1131741708670854,0.1001687504548632
12,12.0,0.1077399615336733,0.0863884853584766,0.0764909479838029,0.1036329948197869,0.0972380921604479,0.1107753422519504,0.1056099284193754,0.096949158790151,0.1144939826060769,0.1006811060762582
13,13.0,0.1088342030492097,0.085769609942322,0.0749315664520676,0.1012284454007354,0.0963687572000696,0.1131869321662607,0.1064187266735031,0.0975387135296193,0.1141182101500563,0.1016048354361556
14,14.0,0.1098464416152594,0.0845515371833662,0.0738403628487872,0.0991515588420789,0.0962454506582292,0.1150471800292529,0.1062565422727634,0.0974385501563594,0.1166142862736423,0.1010080901202606
15,15.0,0.1096897683049342,0.0850577035934792,0.0723794071198898,0.0996060450284992,0.0947866353398275,0.1163754399334405,0.1066614018511113,0.097430070656262,0.1188440256251772,0.0991695025473785
16,16.0,0.1105155511383024,0.0848126367851069,0.070033363260542,0.0989762337317119,0.0944521691597581,0.1163857033510691,0.107101502752088,0.1001543508685272,0.1196376972303017,0.097930791722592
17,17.0,0.1096932714104242,0.086764803968192,0.0686821064195223,0.098568842062783,0.0936737082213688,0.1173901531863521,0.1084386610304359,0.0977717579021419,0.1201911242871537,0.0988255715116254
18,18.0,0.1108206596409547,0.0843441177758073,0.0680004576899442,0.0970335048165818,0.0927019258649402,0.1204941958990889,0.1082172400648665,0.0969853661815912,0.121793054175036,0.0996094778911886
19,19.0,0.1111195535650844,0.0841788378353618,0.066076379516515,0.0974136646751132,0.0928660616359187,0.1200853623613379,0.1079425414465105,0.0972541176919962,0.1227704222324461,0.1002930590397156
20,20.0,0.1121681783286174,0.0834527926051722,0.0652482118362696,0.0987526290749143,0.0925645838796318,0.1178650709162883,0.1084978565427218,0.0968316242833721,0.1234742409383779,0.1011448115946338
21,21.0,0.1109359859738369,0.0813301526709156,0.0644345081539246,0.0989086604015341,0.0924573453931204,0.1181171641387193,0.1092529773969797,0.0978068805590361,0.1247501063596178,0.1020062189523147
22,22.0,0.1110131653090413,0.0789210736933227,0.0623447728512067,0.0991264235767335,0.0927166425858492,0.1190762115791458,0.1110219984499173,0.0978746861076596,0.1247289762560362,0.1031760495910869
23,23.0,0.1096001426587994,0.0797482710386215,0.0616054849758107,0.0995493979057168,0.0911330771441261,0.121920824264294,0.1093627874768175,0.0976577655392927,0.1254892185616704,0.1039330304348501
24,24.0,0.1073541610763208,0.0802860805508349,0.0606406817419998,0.0976026558272479,0.092053400521952,0.1223453814463076,0.1098387940264757,0.0976939413552286,0.1277121575579862,0.1044727458956459
25,25.0,0.104276159785169,0.0819817672493724,0.0611686259832322,0.0986013251269084,0.0906091000064421,0.1235050822466367,0.1089479698204183,0.0968249149888737,0.1289073049916586,0.105177749801288
26,26.0,0.1017061739170002,0.0829717924631355,0.0611582300433899,0.0975212357731185,0.0900395955748553,0.1235483786596384,0.1074413384669223,0.0980013334786467,0.1321445204246567,0.1054674011986357
27,27.0,0.1007351194976987,0.0836393177565681,0.0600418876754753,0.0984418008390904,0.0897753230506618,0.1249107885294944,0.1061985945164973,0.0977127018962495,0.1338471916463658,0.1046972745918981
28,28.0,0.099488804439736,0.0828028148546446,0.060337550646034,0.0982388865000713,0.089585358925076,0.1252283877979953,0.1057375260731783,0.0976904935092434,0.1352766504099181,0.1056135268441023
29,29.0,0.0986793513435019,0.0836856529424212,0.05908246470116,0.0985796701768709,0.0897722041300204,0.1251544262036326,0.1052395573625086,0.098461374800297,0.1360546524558772,0.1052906458837094
30,30.0,0.098103369334248,0.0840129700852136,0.0598605391618722,0.0996663581766697,0.0885446524170404,0.1247885642137673,0.1062241960339954,0.0985285116095382,0.1349698304362394,0.1053010085314151
31,31.0,0.0961442902535081,0.0840187330341033,0.0607841772440864,0.0988900095071871,0.09093621441173,0.1254614229791451,0.1072830035424833,0.0983949694585515,0.1341781887277039,0.1039089908415006
32,32.0,0.0945581771715459,0.0843130411964556,0.0599447675205805,0.1010792041055996,0.0896249824904806,0.1249898045977694,0.1064506690188989,0.0992320286440457,0.1351677130668195,0.1046396121878036
33,33.0,0.0938081608546777,0.0853071835528684,0.0592579068330753,0.1011937565987621,0.0884326764097407,0.1267651485989275,0.1057168081305177,0.1003335136603569,0.1353665874339368,0.1038182579271363
34,34.0,0.0925567535575562,0.0851042314768588,0.0583996364914455,0.1011670735735524,0.0904181641609725,0.1265776764692203,0.106740946396811,0.100478011976414,0.1361066834493331,0.1024508224478355
35,35.0,0.0915451093255221,0.0864413460087811,0.0591832944616054,0.0995897971762654,0.0900549896903154,0.1268045649348763,0.1069191836593152,0.1006856206695488,0.1356772447747437,0.103098849299026
36,36.0,0.0912968514366846,0.0867878465145451,0.0605241732674496,0.1003224276306412,0.0903309855524719,0.1269526834058655,0.1064355267788022,0.0998374813575739,0.1348101446642467,0.1027018793917188
37,37.0,0.0910685775091564,0.0869693259424619,0.059261295709959,0.0991279289764047,0.0894858457461675,0.127998788630346,0.1074469451849347,0.1011347170324364,0.1353123132803651,0.1021942619877677
38,38.0,0.0908304940138736,0.0871341323061681,0.0605593135502011,0.0993021704661488,0.0888525760411912,0.1276685013958225,0.1057679234157652,0.1007587773889909,0.1376768375241352,0.101449273897703
39,39.0,0.09016361917554,0.0876291337507326,0.0610454488844498,0.098212657362202,0.0878947461126384,0.1291194361369389,0.1066034147227342,0.1004903674094853,0.136906881723615,0.1019342947216631
40,40.0,0.0897350812100233,0.087664928180355,0.0606768986359853,0.0974854194186957,0.0877000437656695,0.1308384173923944,0.1065479201317758,0.0990517693146971,0.1363707262813938,0.1039287956690096
41,41.0,0.0893286765697543,0.0851069337890693,0.0605965985466496,0.0993131102877551,0.0869851831448996,0.1326169077413971,0.1065912439576894,0.0976039894239467,0.1371779158294147,0.1046794407094236
42,42.0,0.09008858946856,0.0855795671500792,0.0609620778149951,0.0982064674651574,0.0866794551263171,0.1321027327030136,0.10595797652614,0.0951763794073432,0.1405201989297442,0.1047265554086496
43,43.0,0.0906145735768423,0.0828507562433838,0.0624575131236369,0.0980987059322109,0.087454686699256,0.135380448955098,0.1052101486713654,0.0929898419939104,0.1402226844936675,0.1047206403106283
44,44.0,0.0891922571085741,0.0806841855254278,0.0636839738667558,0.0991434590804171,0.0862991582383729,0.1356402955349392,0.1051090306880143,0.0959786988181827,0.1407518039996447,0.1035171371396708
45,45.0,0.0904977193653948,0.0790427287985705,0.0653964409390477,0.0989388625410156,0.0867864910049645,0.1375526774988947,0.1037909947283423,0.0953973057346023,0.138681950300191,0.1039148290889759
46,46.0,0.0909868826486266,0.077553849201752,0.0656755720120066,0.0978878365074985,0.0850386120192976,0.1395666605994094,0.1038772401966782,0.0942576406261077,0.1416336061056828,0.10352210008294
47,47.0,0.0924839434546749,0.078788953932899,0.0659103358899042,0.0970111754443456,0.0851300192503003,0.1392507836010293,0.1033415175180457,0.0936798002816638,0.1401565109019824,0.1042469597251543
48,48.0,0.0940225805021313,0.0788249443267017,0.0673976677736947,0.0979493239933887,0.0839708155407687,0.1383129512020554,0.1028656281107011,0.0916878012041502,0.1407410620651118,0.104227225281296
49,49.0,0.0940743811982395,0.0809717500238733,0.0687813967533216,0.0980908329630949,0.0852152505258834,0.1374094830234968,0.1020964978058946,0.0903531147285256,0.1401469714736676,0.1028603215040022
50,50.0,0.0945315956537058,0.0814678930450601,0.0699761247972197,0.0998677349521765,0.083583423940606,0.1376487943992256,0.1026140168279803,0.0895670635324024,0.1382741457255212,0.102469207126102
51,51.0,0.0957978826018185,0.0814035357372537,0.0712611633029991,0.1009896550545434,0.082458739469496,0.1382562614162423,0.1019036889722005,0.0898862093936059,0.136996057591211,0.1010468064606292
52,52.0,0.095363767739706,0.0819873025972678,0.0735184465097723,0.0992390252193618,0.0812315017024923,0.1397535135571133,0.1005439139833851,0.0889307402563426,0.1378604057233783,0.1015713827111798
53,53.0,0.0947069217224009,0.0839473802354809,0.0737238328244241,0.0995416792409536,0.0817436604029703,0.139352429006834,0.1019129946760093,0.0884034789552402,0.1364445281977687,0.1002230947379175
54,54.0,0.0956154870398894,0.0834007454464502,0.0705275928309713,0.0997011449262861,0.0808353355511113,0.1405946033219149,0.1016014259361619,0.0891114247001359,0.1369245821604525,0.101687658086626
55,55.0,0.0945575526545293,0.0856793869759013,0.0708776496986481,0.0975777814076049,0.0817028379372743,0.1415182047224073,0.1012068319138255,0.0904061552029805,0.1349888921676953,0.101484707319133
56,56.0,0.094926580743895,0.0842697790519724,0.07183177599741,0.0998844797426416,0.0810790331178103,0.1413652351658689,0.099858858758937,0.0906696464660583,0.1343033002647171,0.101811310690689
57,57.0,0.094891543002421,0.0843191304272671,0.0734126705667826,0.1017595181815347,0.0807372417507207,0.1383747850685067,0.1005329284347379,0.0891813871507929,0.1350006161297231,0.1017901792875127
58,58.0,0.0956159690936934,0.0828953548176761,0.0725718341451538,0.1025980797167548,0.082941644710969,0.1374094540922272,0.1001115788184719,0.089618427721556,0.1354345226300731,0.1008031342534242
59,59.0,0.0958613992984195,0.0827233180514399,0.0709100210903758,0.1008341460926846,0.0831139636894873,0.1386797917707226,0.100458064700272,0.0897444124990945,0.1357269468389469,0.1019479359685563
60,60.0,0.0979650256044027,0.0833827745625747,0.0701243357908703,0.098953248947457,0.0824261643798138,0.1390461669633949,0.0997169931074674,0.0910782305251536,0.1374134379502701,0.0998936221685948
61,61.0,0.0980543750111613,0.0841571532583624,0.0694795574679129,0.1008931814479234,0.0830188862217468,0.1384939631095766,0.0977803225895897,0.0917892375110578,0.1356730981164672,0.1006602252662014
62,62.0,0.0975513783138043,0.0829163489180283,0.0689283190044819,0.1010754373676329,0.0847078573432091,0.1384904782106739,0.0977426980031671,0.0912634625138614,0.1354670804064455,0.1018569399186949
63,63.0,0.099553657267374,0.0806874357648921,0.0682175689330851,0.0996791917071927,0.0853644831696052,0.1374841467440164,0.0967001007179997,0.0934443596296892,0.1345916366128966,0.1042774194532483
64,64.0,0.098662397803126,0.0808996323764296,0.0661841034135838,0.0989598269690214,0.086449907284764,0.1402748593068457,0.0963188710712452,0.0915243302806683,0.1351990548385616,0.1055270166557539
65,65.0,0.0972850848713219,0.0807777315782553,0.0672456203804822,0.0972399775944964,0.0858783635490163,0.1393035894905515,0.0979186629037214,0.0904825285419853,0.1373649045178146,0.1065035365723547
66,66.0,0.096924003649153,0.0817414354388161,0.0684669751030933,0.09743401680675,0.0848911989539696,0.137996311062908,0.0978727466620336,0.0901316364415169,0.1360579903860609,0.1084836854956979
67,67.0,0.0968121758232096,0.082861108887599,0.0686122378368431,0.0957230718039108,0.0838163137140009,0.1370495008268646,0.0972407947772705,0.0932222566475346,0.1346337008084584,0.1100288388743079
68,68.0,0.0961525315494559,0.0818663887564815,0.067836802507876,0.0946832753137801,0.0838838848922028,0.1388489644311747,0.0961455673392834,0.0956430820303305,0.1351470350989912,0.109792468080423
69,69.0,0.0970623552582797,0.0828606005570662,0.0680677777409517,0.0944550908871605,0.0823436802659311,0.138439942078184,0.0982025623534429,0.0961262003697638,0.133121887447402,0.1093199030418174
70,70.0,0.098220129225965,0.083199663164096,0.0683952280301105,0.0955443036420466,0.0842743946393923,0.1381375932306292,0.0981175784420698,0.0941153152198832,0.1309697723586711,0.1090260220471356
71,71.0,0.0985243729400445,0.0812748263088656,0.0701414637564278,0.094689073583398,0.0846042274813215,0.1390010267254833,0.0973166959342131,0.0938456682617904,0.1307725482362129,0.1098300967722422
72,72.0,0.0998267135713365,0.0799179291036102,0.0693942458179152,0.094109989791573,0.0840089730753604,0.140211575797427,0.0975880923939984,0.0931626681217774,0.1319638593623454,0.1098159529646558
73,73.0,0.1007665414881904,0.0805992927231023,0.0700850253458331,0.0950828790816788,0.0828355689104447,0.1384139354102301,0.0985425098320577,0.0932052686976196,0.1312815554815205,0.1091874230293221
74,74.0,0.102470337654359,0.0817396084664824,0.0695348611053541,0.0948844228035215,0.0809958084940102,0.1389999942237657,0.1009339080171037,0.0915983386461345,0.1297161459238835,0.1091265746653847
75,75.0,0.0992845264147364,0.0819827049159435,0.0703055202518388,0.0967689818828886,0.0812355745285838,0.1392749343574461,0.1003215036627823,0.092593581165994,0.1302203354687399,0.1080123373510458
76,76.0,0.1002355701117206,0.082794748142572,0.0684951042382577,0.0961047892761585,0.0800696086020765,0.1388077776512018,0.1015030596919601,0.0934527838464903,0.1305523819463783,0.1079841764931836
77,77.0,0.099778626707537,0.0817482935443256,0.0699090078119819,0.0974692736020596,0.0800476423955687,0.1382887676492064,0.1013114522180613,0.0933579268415264,0.1285196252078565,0.109569384021876
78,78.0,0.1003103430619198,0.083336559487481,0.0687419524445408,0.099055050678664,0.0788234048117979,0.137178253756964,0.101059548145447,0.092393512524727,0.1284871611211739,0.1106142139672839
79,79.0,0.1000859328941601,0.0833699210446442,0.0679770108152078,0.099507537469279,0.0793527038383376,0.1362222579933642,0.0996241663412121,0.0920218017283074,0.1291746475187992,0.1126640203566877
80,80.0,0.099829622347053,0.0836618862528717,0.0687956140575702,0.0995194895061008,0.0795688392239624,0.1353492427153203,0.0985793624806114,0.0902523646239032,0.1304409297865856,0.1140026490060208
81,81.0,0.0975014965993622,0.084004258194163,0.0697579360707389,0.0975232293520078,0.0825771924703704,0.1330496676224245,0.0998104930656726,0.0884666216217327,0.1326449410406302,0.114664163962897
82,82.0,0.0952672004801068,0.0835146592582891,0.0718756861123194,0.0973104375333218,0.0824887706492348,0.1306980152305995,0.1005482018994698,0.0915177607196123,0.1334236762652086,0.1133555918518373
83,83.0,0.0977006309737933,0.0834929000965605,0.071489283903935,0.0949032251284559,0.0819507620720717,0.1314834720357231,0.1004078463000296,0.0930710737002556,0.1338263205750492,0.1116744852141257
84,84.0,0.0963546768026815,0.0847841086476139,0.0721424016192363,0.0958591617619433,0.0790362732428387,0.1321615940255,0.1025589224404287,0.0915984937628841,0.1336905982718756,0.1118137694249974
85,85.0,0.0949559715651645,0.0848604680361728,0.0713169340745008,0.0946586156517323,0.0811643557636573,0.1335674286730779,0.1026455210972215,0.0930489952074286,0.1326887421432049,0.1110929677878389
86,86.0,0.0959734344848779,0.0833821565287097,0.0700226285179117,0.0947817345742434,0.0832848203434957,0.1344877797095948,0.1014754692502307,0.0939939611676865,0.1335728825425841,0.1090251328806651
87,87.0,0.0972671028526822,0.0834538758112813,0.0696425932874,0.0943806538688111,0.0815261631741746,0.1350634289415392,0.1027178896544962,0.0919371125790719,0.1352079864449399,0.1088031933856029
88,88.0,0.0982907730499762,0.0851541252635616,0.0711094996761753,0.0941382034159847,0.0812849101730254,0.1331724164352596,0.103313511571117,0.0914061000851293,0.1355541752939336,0.1065762850358367
89,89.0,0.0994589681678506,0.0847608109868911,0.0688687838215579,0.0950156519972651,0.0802385274964233,0.1343127816289828,0.1040270477197939,0.0923931143005962,0.1352642023080852,0.1056601115725534
90,90.0,0.1006799901777679,0.0856032449843822,0.0664654510903065,0.0960462839076903,0.0794326114222567,0.1350413610708388,0.1046627676185003,0.093127963271972,0.1349609957189289,0.1039793307373558
91,91.0,0.1016874186820873,0.085933465198175,0.0643259841702225,0.0974255475117096,0.0801892089730019,0.1350021121555596,0.1042205010634149,0.0933983930468671,0.1351997733778623,0.1026175958210991
92,92.0,0.1025873580369763,0.0856216679477801,0.0657954826127027,0.0969841044880738,0.0798654440378441,0.13444276704459,0.1018704146738652,0.0950383275288586,0.1348646250964929,0.1029298085328158
93,93.0,0.1037516760954916,0.0839461582538619,0.0673990415248625,0.0953481758232821,0.080176789096075,0.1353051135636563,0.1004127554253009,0.0941062991340464,0.1374258169371316,0.102128174146291
94,94.0,0.1030737618001021,0.0838076901683246,0.0681349181860459,0.096131426074118,0.0809905702212221,0.1338308510502617,0.100067808898238,0.0927644637058438,0.1390783304799458,0.1021201794158973
95,95.0,0.1035244723072357,0.0849036850004942,0.069724191993261,0.0954315812583609,0.0821264378606909,0.1335860917313974,0.0993652879758622,0.0922131387354894,0.1383603590615015,0.1007647540757062
96,96.0,0.1044126871431116,0.0842248572552576,0.0703579305016326,0.0949624786628352,0.0837868694315314,0.1336478521140584,0.100096006120382,0.0909520915997742,0.1375545036807456,0.1000047234906708
97,97.0,0.1049714594291061,0.085369526959862,0.0712081538798024,0.0934013192353758,0.0843974371235447,0.1311160482483048,0.0999867085923561,0.0913757868184676,0.1377600970575133,0.1004134626556666
98,98.0,0.1048738034010181,0.0866191768761227,0.0711859146144015,0.0921176006103583,0.0840797863571712,0.1313361814012575,0.1011192840194664,0.0904243878591499,0.138947068967958,0.0992967958930958
99,99.0,0.1028182349810419,0.0876118915313563,0.0700240012217914,0.0910271858391718,0.0844712842749045,0.1314383934496298,0.1025847142208721,0.0913175445709934,0.1382352078341319,0.1004715420761063
100,100.0,0.1019203195250402,0.0880275335919554,0.0702874178067133,0.090506551142232,0.0834428777593061,0.1321396978620537,0.1034610147897738,0.0930502049301533,0.1361625575842955,0.1010018250084761
101,101.0,0.1016893848397578,0.08720351879662,0.0709624554052872,0.0913209511808827,0.0835806799501054,0.1306105399402288,0.1036936147259713,0.0934374430954968,0.1355755512272258,0.1019258608384237
102,102.0,0.0992337798476605,0.0851778712278493,0.0713647980323543,0.0938420127593863,0.0833167166575441,0.1302007557679819,0.1007986611440234,0.0944065622876314,0.1374723220975853,0.1041865201779831
103,103.0,0.0970410251818745,0.084806667818056,0.0709570009250989,0.0943109858218731,0.0820717306656527,0.1296880140795194,0.0992278048711917,0.0971921595294367,0.1388283754395041,0.1058762356677923
104,104.0,0.0954878792006393,0.0848364819678519,0.0706465152334974,0.0951885234718757,0.0801443935618022,0.1304794541109277,0.1012211771610568,0.0976405874579226,0.1389359723765168,0.1054190154579091
105,105.0,0.09371270160606,0.0870033643747999,0.0701117499342469,0.0941860226045569,0.0803240992092458,0.129428159268982,0.1008863579560223,0.0971518344847284,0.1392032943431987,0.1079924162181585
106,106.0,0.0933461297684935,0.0842671074379707,0.0701438975096912,0.0968654451285377,0.0793598561095263,0.1319760664748697,0.1013758053307043,0.0989163736717829,0.1368948409916252,0.1068544775767981
107,107.0,0.0945935314871499,0.0843687909616558,0.0703983456810979,0.0972640877074208,0.0775229107158198,0.1296944410393131,0.1024860420821182,0.100095073943336,0.1378195372921969,0.105757239089891
108,108.0,0.0941456932796282,0.0852324333706432,0.0714589493621722,0.098677467926307,0.0771236624565401,0.1294252578795912,0.1011860754279434,0.0993143535490161,0.1373823002852304,0.1060538064629277
109,109.0,0.0943780917733883,0.0841630017994828,0.0723144570493332,0.0973338203764305,0.0763971767447311,0.1318019771208429,0.1021268149036989,0.0989770168944535,0.1370527959387157,0.1054548473989225
110,110.0,0.0953827341644284,0.0846442656769612,0.0737282739018299,0.0967956504671614,0.0761509891752821,0.1319659026601466,0.1018588411616699,0.0991737081578812,0.1352709722644467,0.105028662370192
111,111.0,0.0976610125125936,0.0836403765963384,0.0729516418725104,0.0978828896455058,0.0738166943803882,0.1304661006869774,0.1022761879791324,0.098876108742075,0.1358326723304979,0.1065963152539802
112,112.0,0.098467807912477,0.0834259874524804,0.0715818095614874,0.0983737956676386,0.0736071700231647,0.1296594003047533,0.1032654025415393,0.0988761500825684,0.1370077320061337,0.1057347444477566
113,113.0,0.0968938584470183,0.0838876079517023,0.0692602365846793,0.0964906401082953,0.0725235003161519,0.1315011939200464,0.1042749285677428,0.0979497698908089,0.1377261703409819,0.1094920938725723
114,114.0,0.0964903780771142,0.0830165076809653,0.0668905375598988,0.0956477557452654,0.0727899297339145,0.1325690705194755,0.1065181001971771,0.0965846259826141,0.1386158608785221,0.1108772336250524
115,115.0,0.095870523889291,0.0850305439960429,0.0675567639369347,0.0954967579931883,0.0728291182409937,0.1329347245974852,0.1069469038118186,0.0951668592660202,0.1373646099434642,0.1108031943247606
116,116.0,0.0962730934454965,0.0851323579778664,0.0701427949653856,0.0945667721809359,0.0740640598684791,0.1317104189122448,0.1059437723524552,0.0950617093732928,0.1375158740790397,0.1095891468448034
117,117.0,0.0964463367105839,0.0846140141388004,0.0701656525223375,0.0943838739332206,0.0738456939307797,0.1306280710572889,0.1068158545129005,0.0945709621494014,0.1384871895822816,0.110042351462405
118,118.0,0.0978818160946998,0.0852434917639867,0.0704878972994712,0.0948852953576799,0.0730361611758025,0.1304821721232703,0.1068796227553591,0.0939018755314866,0.1385478111055401,0.1086538567927031
119,119.0,0.0962256546174887,0.0864054123194766,0.0706414154594217,0.0962095103742257,0.0732280943308799,0.1278287184804806,0.1070905406759878,0.0944744177885843,0.1408729041535986,0.1070233317998555
120,120.0,0.0938755620719897,0.0877345991547962,0.0710701697728295,0.0965803877743707,0.071972072533312,0.1274300017980026,0.1090168342365798,0.0953559018640244,0.1401519552584651,0.1068125155356296
121,121.0,0.0960553741054739,0.0872592805545835,0.0696610537612766,0.0992891115564643,0.0718987845995226,0.1266177236619676,0.1077331849457031,0.0954672796174125,0.1395982956621912,0.1064199115354043
122,122.0,0.09586637795987,0.0875396259353674,0.0702539837474076,0.0985267581545446,0.0705388652908554,0.127142895443619,0.1067630137404111,0.093747312135449,0.1429898004968746,0.1066313670956008
123,123.0,0.0928569180122095,0.0881234881987841,0.0717695543389026,0.1012635675553054,0.0700897159319255,0.1295911459440172,0.1052461498703638,0.0944471732954376,0.1420608153847826,0.1045514714682711
124,124.0,0.0952176356250697,0.0895616079880338,0.072248126725428,0.1002459821082289,0.0702636127056874,0.1290067746338617,0.1043406085796476,0.0942168005714987,0.140455543999943,0.1044433070626006
125,125.0,0.0959379519715933,0.0893938823409952,0.0707136486235082,0.1003429678287619,0.071746293144485,0.1318321932813334,0.1019124349181917,0.0938196923094124,0.139401534704307,0.1048994008774113
126,126.0,0.0974893873563255,0.0909478561132696,0.0695132148903077,0.1020725983166852,0.0718187953348927,0.1304335141761745,0.1018592233787072,0.0945456436994878,0.1392221314156007,0.1020976353185486
127,127.0,0.0980989536859445,0.0898237707195215,0.0678784931549645,0.1020916641641575,0.0708670537676886,0.1301300354197168,0.100669294606359,0.0977427231003189,0.1398457067296792,0.102852304651649
128,128.0,0.0986214985619744,0.0887628946344547,0.0682694250583454,0.1041804235972729,0.0725870896369265,0.131447384174761,0.098188536267693,0.0977428190813217,0.13851438059928,0.1016855483879698
129,129.0,0.0998977032206668,0.0905315473573681,0.0680740614534482,0.1026789162803118,0.0728391633708279,0.1309997392808139,0.0976084445446886,0.0978066136331414,0.1383459747259812,0.1012178361327516
130,130.0,0.1001967333242509,0.0902578867667215,0.0677442940149977,0.1025364177752061,0.0729994674678231,0.1319173335055518,0.0964857472868571,0.0987001262684732,0.1394614583514904,0.0997005352386277
131,131.0,0.0984839423242968,0.0887016339904666,0.0657498064955827,0.1038289142969628,0.0756126506863237,0.1331077096943924,0.0976588993728229,0.0973868296695985,0.1384324402235771,0.1010371732459761
132,132.0,0.0994934381021859,0.0878515031870192,0.0692202497833722,0.1025488326360913,0.0772287321882702,0.1334261163768856,0.0967039801734111,0.0966359751671968,0.1376530153928434,0.0992381569927237
133,133.0,0.0991243623236562,0.0876081415521126,0.0693051355995274,0.1020080671962945,0.0762586383426349,0.1344696578079031,0.0975948144704396,0.0967675430496061,0.1373917720192297,0.0994718676385954
134,134.0,0.0979458612919031,0.0876301975596018,0.0694254640430804,0.1041365336825485,0.0782051048625932,0.1349840915987683,0.0981401881183538,0.0963177281324071,0.1362365688194627,0.0969782618912805
135,135.0,0.0981823248111212,0.0872096946648303,0.0697569672808693,0.105697574061287,0.0791052299173414,0.1367667873497164,0.0983532442194742,0.0952381559308371,0.134343437614762,0.0953465841497604
136,136.0,0.0962371381790954,0.0881539497093545,0.0701310085039285,0.106163170515415,0.0788481085609992,0.1370710734584003,0.0964759841223766,0.0959752692523136,0.133114309182953,0.0978299885151633
137,137.0,0.0985793211978889,0.0881013243355906,0.0701772737266328,0.1058782298881472,0.076316247599802,0.1386073839393671,0.0977455634871006,0.0943074758823141,0.1310035436898843,0.0992836362532719
138,138.0,0.0991175054708325,0.0881005087835864,0.0704880211829517,0.1054177084632547,0.0770617378552759,0.1379697446686542,0.099110246774317,0.0926209941555393,0.1303051185240836,0.0998084141215042
139,139.0,0.0976615047041126,0.0911756100544148,0.0710898250392538,0.106281026153873,0.0770232110472198,0.1374770593377338,0.0978065601703193,0.0904677249504995,0.1274714374466287,0.1035460410959442
140,140.0,0.0961258489726862,0.0912834531681188,0.0691604478968926,0.1066571911853545,0.0782620144670401,0.1377402133354479,0.0967027559897897,0.0915377314617349,0.1276134890637612,0.1049168544591735
141,141.0,0.0956948096604781,0.0945699890372531,0.0678577578037817,0.1064684318009377,0.0794559707339118,0.1374557006204198,0.0949784002594482,0.0898586009634728,0.1296907683541794,0.1039695707661167
142,142.0,0.0953385270331148,0.096282820402538,0.0692070916399201,0.1054211969149908,0.0810011190990818,0.1367573081494823,0.0941989875841374,0.0890193045399902,0.1299882804531276,0.1027853641836162
143,143.0,0.0957752126595353,0.0940302825761852,0.0689216740593664,0.1056185964412028,0.0827631363043561,0.13609327360219,0.097412592442239,0.0875369639819646,0.1293173814497465,0.1025308864832133
144,144.0,0.0959914653977527,0.0933710478873634,0.0675520682586296,0.1048462145138594,0.085093051182842,0.1346069097844849,0.097898953682779,0.0860646945266136,0.1292954218863743,0.1052801728793004
145,145.0,0.0954312825954967,0.094360472596352,0.0655351257150878,0.106666388350752,0.0850189718431238,0.1350569766576156,0.1005715900936819,0.0854332816907897,0.1273896574745023,0.1045362529825977
146,146.0,0.0938715484081178,0.0937012316998187,0.0664755032029382,0.103981771689408,0.0868362789456949,0.1359792164862018,0.1017491798773838,0.0840932442856615,0.129683376562927,0.1036286488418477
147,147.0,0.0938613798099571,0.0944138413636987,0.0667558606185399,0.1043724337522278,0.0870885390546648,0.1345772732789817,0.1026904998515507,0.0825269532470141,0.1288229593650842,0.1048902596582803
148,148.0,0.0934513062855007,0.0950213121430703,0.0686557874518948,0.104342538313232,0.0858393218053005,0.1336930528578945,0.1034429497186757,0.0809000490606726,0.1292804881320584,0.1053731942317
149,149.0,0.0935734871281748,0.0952110692192314,0.0679198815966521,0.1047564684905711,0.0877805569760322,0.1339424439878809,0.1025456461928071,0.0783225037926119,0.1325112196896237,0.1034367229264142
150,150.0,0.0948890819249893,0.0955761647356058,0.066887854617256,0.1028132550813104,0.0884443548972789,0.133107098765702,0.1034399991743408,0.0779847551177356,0.1344295381030366,0.1024278975827439
151,151.0,0.0935112922189578,0.0967822025529767,0.06936674382933,0.1026248328668949,0.0883518196135244,0.133067956488384,0.1018389737865336,0.0776842752385253,0.1337197200173471,0.1030521833875258
152,152.0,0.0946723214934023,0.096019599151089,0.068864583205173,0.1025108373992701,0.0906663264121911,0.1322790166908345,0.1003157723528149,0.0762783018949044,0.1362199803202621,0.1021732610800581
153,153.0,0.0943604922540431,0.095120185375678,0.0705535175115528,0.1017980564065326,0.0896642987365454,0.1309175902759418,0.0991782958246896,0.0781004388456242,0.1387000731278093,0.1016070516415825
154,154.0,0.0971883397953918,0.0935698211687029,0.0696322099393202,0.1010294678690924,0.0897044585155711,0.1320035673276588,0.0974607570332951,0.0777135432472565,0.139410583554516,0.1022872515491947
155,155.0,0.0969896751665419,0.0934869214757102,0.0700155799904565,0.1002243954242159,0.0889889603632605,0.1329338393811646,0.0964897514022782,0.0773174948410877,0.1397637809366869,0.1037896010185969
156,156.0,0.0955825530593831,0.0933864104020439,0.0693650955999624,0.0991545227511504,0.088792586231185,0.1323475009374679,0.0975337974359016,0.0794199425696373,0.1401033146613501,0.1043142763519179
157,157.0,0.0963900362826588,0.0927551663489411,0.0698739135863129,0.0976843038333754,0.0873286207407048,0.1310680434227501,0.0972406483847301,0.0800683147019836,0.1406896756407725,0.1069012770577702
158,158.0,0.0964487406442781,0.0923041944671389,0.0691088268080639,0.0952395722663061,0.0868011258839498,0.1305568704546196,0.0988882929936814,0.0805708409310479,0.1418705592393508,0.1082109763115628
159,159.0,0.0969482201451581,0.0926055929199997,0.0694317760269511,0.0951833391498547,0.086417119862535,0.1277387721388985,0.1001998228393494,0.0818675760466417,0.1420758234223947,0.1075319574482165
160,160.0,0.0985620950373436,0.0902670522598004,0.0702293533954356,0.0949862987548034,0.085103233432239,0.1280431417496244,0.0996768348445048,0.0819979258257992,0.1413780400523063,0.1097560246481426
161,161.0,0.1004423727693919,0.0901757935652044,0.0699082395073294,0.0951828696109742,0.0855079323600834,0.1265898829893045,0.0989969398158356,0.0805868008213034,0.1429575113607709,0.1096516571998018
162,162.0,0.0995221921594039,0.0888499714855505,0.0683558439680208,0.0993706890273355,0.0841523585190987,0.1267891189261038,0.0999061523407632,0.082008802129414,0.1414503833240799,0.1095944881202289
163,163.0,0.0996745077247554,0.0904178846103507,0.0672878494467619,0.0995889652981832,0.083994607146083,0.1273440859209697,0.0982072027322485,0.0831639945025719,0.1393137545309204,0.1110071480871548
164,164.0,0.0995675377793814,0.0897714107045621,0.0691881552948097,0.0984797445038014,0.0838923399682986,0.1286352205500263,0.0991006496296614,0.0849817822402989,0.1382562532420498,0.1081269060871099
165,165.0,0.0998940108235062,0.0900306428630745,0.0697209458553848,0.0989007715799298,0.0847223335219356,0.1283752853395401,0.0987086588659407,0.0843927872185632,0.1371723831536116,0.108082180778513
166,166.0,0.1003193083611377,0.0887468386209624,0.0716203816525741,0.0991422048297303,0.0858427743964102,0.129629784496479,0.0965533593584835,0.0837952409855292,0.1362947795273036,0.1080553277713893
167,167.0,0.0983426430912782,0.0891756556788707,0.0714873327545183,0.0977497944209347,0.0845434896655776,0.1321487560000343,0.095195469922027,0.0851097563906848,0.1360608466255982,0.1101862554504757
168,168.0,0.0973534664923574,0.0885002218425985,0.0724640121859753,0.0971830801962534,0.0852631255212642,0.1316173775621067,0.0958323483500105,0.0855339226489545,0.1353280693954111,0.1109243758050678
169,169.0,0.0973140812869994,0.0854803077183511,0.0736968972874818,0.0974822657550593,0.0855752317304181,0.1303390145307887,0.0952618509886469,0.0867135663254179,0.1362780651739176,0.1118587192029186
170,170.0,0.0976114586932597,0.0869795204551119,0.0737544390232763,0.0959223520893407,0.0858041894331313,0.1296068954727041,0.0966781604450488,0.086592552804467,0.1352871375659795,0.1117632940176801
171,171.0,0.0971001729267897,0.0875280555413545,0.0742676065551083,0.0950599565059521,0.0860144992661239,0.128978469285784,0.0963550283285663,0.08790874068642,0.1351655994310326,0.1116218714728681
172,172.0,0.0980829563085953,0.0860286268135663,0.0734597056106275,0.0953959413343316,0.0850679984838331,0.1296379561673493,0.0962099356249324,0.087661200434999,0.1361473242842695,0.1123083549374955
173,173.0,0.0969375488864065,0.0857554290818216,0.0733187794571313,0.0958616555245709,0.0872923711447302,0.132000139306254,0.0954107908932686,0.0880871433786034,0.1343006721325793,0.1110354701946333
174,174.0,0.0954230548734756,0.0870724031500487,0.0719222716794625,0.0945288262285404,0.0868308483246736,0.1342074115410764,0.0973586529350403,0.0885262753568098,0.1336222091957705,0.1105080467151015
175,175.0,0.097144989374888,0.0870389776498936,0.0727536632652938,0.0952088144048369,0.0870872738436174,0.1312916560732671,0.0991083331443627,0.0880961777338101,0.1342088841462617,0.1080612303637679
176,176.0,0.0974812453591956,0.0888757510773967,0.0708930618663168,0.0946431605271373,0.0868969095362165,0.1303677340324732,0.0996609501972843,0.0898215305353281,0.1317716516075475,0.1095880052611033
177,177.0,0.0961723738769451,0.0896850890236917,0.0718368429815929,0.0939932393693326,0.0864046115003582,0.1308012682371592,0.0998968229072755,0.0909543706344223,0.1298357873280187,0.110419594141203
178,178.0,0.096078723872723,0.0906784786733816,0.0709253289569916,0.0941464208117487,0.0851131504136505,0.131677096294957,0.1006759518809786,0.0914589086841626,0.1294569965916752,0.1097889438197306
179,179.0,0.096618594603974,0.0915698880086202,0.071173872453234,0.0942456467126276,0.0827133865593241,0.1306254737208794,0.1014118771209799,0.092829226006207,0.1297838250688209,0.1090282097453322
180,180.0,0.0969257860371221,0.0898015900095637,0.0722530929475942,0.0951398982807697,0.0845709183095608,0.1281612573395764,0.1029871620252788,0.0919812488079884,0.1288904580082575,0.1092885882342878
181,181.0,0.0964426257661041,0.0900646909146591,0.0706547989970246,0.096878401447799,0.0841449579167339,0.1313113365646647,0.1021696163786157,0.0908943326411305,0.1284207711655645,0.1090184682077032
182,182.0,0.0958474631335373,0.090083587112799,0.0684452020603429,0.0974963869996912,0.0834349116778895,0.1304534062833982,0.1035491288886035,0.0919588868689755,0.1295869056360011,0.1091441213387612
183,183.0,0.0979118861891917,0.0905188173679858,0.0680279042921964,0.0982061880361004,0.0822904535774966,0.1295346690421476,0.1034358338271329,0.0923559284523506,0.1282992012274525,0.1094191179879446
184,184.0,0.0989350262010215,0.0902702995860805,0.0659856001114819,0.0970351708347537,0.0832723994373426,0.1294038582638263,0.1060382715995661,0.0908797005488257,0.1288576257159571,0.1093220477011438
185,185.0,0.0972485061657739,0.0907552118344006,0.0664186138698992,0.096698451062316,0.0826987171986447,0.1290536376563917,0.1071104574829389,0.088240888602999,0.1314154248924707,0.1103600912341646
186,186.0,0.0960854399604891,0.094507101681247,0.0663978267000423,0.0952088836756315,0.08146779954192,0.1304723776401334,0.1083690640955538,0.0859075498439636,0.1328895361544938,0.1086944207065248
187,187.0,0.095150296512792,0.0952876389703561,0.0689677856588918,0.0961769283995006,0.0797640650342553,0.1306316430133393,0.1093170255531754,0.0844775087472799,0.1326222345560344,0.1076048735543745
188,188.0,0.0965192425233354,0.0970910975399131,0.0673472310257634,0.0935706476879562,0.0802657601223826,0.1306108073759856,0.110754637178093,0.0826683664104098,0.1350451003720961,0.1061271097640641
189,189.0,0.0971414871379031,0.0965762470626351,0.0694655280792191,0.0927346009107196,0.0813847874683769,0.1313153040817763,0.1105877034417833,0.0799478402571022,0.1341252403269057,0.1067212612335779
190,190.0,0.0943581109788406,0.0979660785311536,0.0695392865260685,0.0931196306049237,0.0798505939633261,0.130397804050631,0.1121122408843743,0.0806882842496998,0.134571408297024,0.1073965619139577
191,191.0,0.0949926745878401,0.0971111447387449,0.0702858306431904,0.0922450045481878,0.080934362945005,0.1293312582479582,0.1128743244739308,0.0797107792566109,0.1348566778410611,0.10765794271747
192,192.0,0.0927243679430865,0.0936643479644057,0.0723077509872245,0.0949698032688318,0.0798740947599173,0.1299428212895974,0.1126650183870522,0.0786582007435579,0.1361121433764295,0.1090814512798964
193,193.0,0.0934484792725865,0.0956849142130048,0.0724860718980639,0.0940881054557476,0.0782476437107092,0.1286318810550524,0.1109855790629985,0.0789418954696508,0.1375860346323238,0.1098993952298619
194,194.0,0.092869041964234,0.095404071089857,0.0733156273364121,0.0954201954953855,0.0758900575692754,0.1287179213924888,0.1097511855991694,0.0779154848996053,0.1395653726385296,0.1111510420150422
195,195.0,0.0941202184634848,0.0961263753250528,0.072477606362803,0.0966768952667688,0.0739180451990532,0.1281567161753632,0.1084214218292349,0.0786953400991407,0.1404660985842676,0.1109412826948305
196,196.0,0.0935344491011545,0.0955705145463888,0.073459453612234,0.097071625481078,0.0717207750398717,0.1312192599872351,0.1069543665358026,0.0773035101614271,0.141738819271784,0.1114272262630236
197,197.0,0.0943574262225844,0.0958426836880292,0.0738578305378556,0.0962428980035853,0.0710638906639673,0.1340363894391235,0.1071545483068424,0.076876130279679,0.1407134013964041,0.1098548014619287
198,198.0,0.0931073247220866,0.0963632946217295,0.0711452083608544,0.0976238132311848,0.0698462796963216,0.1336111919153871,0.1092531494667619,0.0795849792697881,0.1407550600248251,0.1087096986910601
199,199.0,0.0933628433593245,0.0959425135758838,0.0711361249784579,0.1008622453660058,0.0666386934375928,0.1326702192869574,0.1098472704585659,0.080172354933198,0.1403009908773091,0.1090667437267041
200,200.0,0.0945101599825728,0.0953303257444148,0.0702075830274388,0.1030322186169446,0.0633566958789945,0.1332357861002621,0.1085753921905242,0.0809202584424786,0.1405112967034563,0.1103202833129129
