,Unnamed: 0,Generation,Intertwine_two,Add_vertex,Delete_vertex,Invert_path_vertices,Insert_inside_vertex,Delete_inside_vertex,Replace_inside_vertex,Donate_between_routes,Trim_one_terminal_cb,Grow_one_terminal_cb
0,0.0,0.0,0.10000000000000002,0.10000000000000002,0.10000000000000002,0.10000000000000002,0.10000000000000002,0.10000000000000002,0.10000000000000002,0.10000000000000002,0.10000000000000002,0.10000000000000002
1,1.0,0.10900000000000001,0.10001113621256895,0.10031407965717683,0.09784874999544252,0.10062141845102095,0.10012979352172705,0.10018368131231824,0.10057952852888832,0.09885283675670704,0.10110227094546101,0.10035650461868925
2,2.0,0.31601,0.10173035273099734,0.09865781705749885,0.09599955800129673,0.10192711636559693,0.10109788152893029,0.10049380592059393,0.10218730357999393,0.09749980023518118,0.10089169191729731,0.0995146726626136
3,3.0,0.6191589000000001,0.10290237851458256,0.09864450004489891,0.09393903550856317,0.10204272722680559,0.09895218899957789,0.0996431177393922,0.10402451999241331,0.09675463266089211,0.10348850947365443,0.09960838983921988
4,4.0,1.015801321,0.1030725717395945,0.09864703619444717,0.09439229054444613,0.10228345139081152,0.09636046567290737,0.10154327936252971,0.10408616421919398,0.09625031608529454,0.10498996941007054,0.09837445538070454
5,5.0,1.50262148669,0.10243399988342437,0.09778794791537884,0.09137414520152135,0.10393033529619813,0.09466508884815611,0.10092442420147277,0.10468048053733775,0.09527967720161151,0.10928264274002776,0.0996412581748714
6,6.0,2.0757334209441005,0.10220759352149607,0.09841575193835031,0.08969306005514162,0.10466029814742091,0.09193819434537652,0.10321301273732762,0.10448945733971815,0.09316413501209575,0.11079897303939071,0.10141952386368228
7,7.0,2.7307768275633495,0.10202008797598286,0.09802988488249141,0.08885781699231315,0.10320115478108319,0.09091228322154243,0.10413072744059086,0.10378063110606989,0.09270208018402228,0.11308339834454718,0.10328193507135663
8,8.0,3.4630081252450404,0.0997098803000362,0.09844392752002867,0.08787286068586529,0.10309623406731694,0.08961147528070981,0.10518532376662072,0.10503282595830199,0.09206680793955539,0.11548260699123185,0.10349805749033297
9,9.0,4.2673862119061114,0.09812918854375886,0.09755003467260809,0.08808531806346473,0.10408193431414188,0.0869002013132013,0.10834244648216068,0.10671211070961309,0.09079190505543164,0.11631616889558177,0.1030906919500378
10,10.0,5.138652627782014,0.09873309523340609,0.09748288528042601,0.08444731244960357,0.10570270507475965,0.08542181403839667,0.10916992077755902,0.1073780401020938,0.09057350946243709,0.11689371513697792,0.10419700244433996
11,11.0,6.071405875792507,0.09703282973238633,0.09619219833828418,0.08588684215430906,0.10506386293021266,0.0831283772892764,0.11141120450575971,0.10858681361217326,0.09017491557091022,0.11812875444768965,0.10439420141899831
12,12.0,7.060169740244025,0.09786486079057966,0.09492948381264299,0.08413839542546306,0.10417069746804089,0.07951983833772969,0.1141424777258887,0.1088940740297268,0.08899754993691511,0.12045824372211031,0.10688437875090256
13,13.0,8.099455520847952,0.0994421243093538,0.09218562115856674,0.08371804194543943,0.10406720306658608,0.07749128252896696,0.11835372246038159,0.10869933580382515,0.08668736194337676,0.1223745116790243,0.10698079510447896
14,14.0,9.183818168183006,0.10031255199972464,0.08895832110346992,0.08161151151802828,0.10460518086364695,0.07712896412141343,0.12143354183482792,0.10805664809517485,0.08629940081618315,0.12550834757987947,0.10608553206765117
15,15.0,10.307906369102724,0.10025945527351597,0.0891586672085884,0.08158217984132839,0.10421473052160031,0.07365253044111265,0.12300296831049501,0.10713789382252335,0.08602621984151505,0.12867350759438118,0.10629184714493946
16,16.0,11.466506686239443,0.10080895694968743,0.08818698103864515,0.08034878622080516,0.10288536545114842,0.07339308575330353,0.12615274672905524,0.10698761887279583,0.0855094012702037,0.1308958903048285,0.10483116740952679
17,17.0,12.654581904800096,0.10013772809488615,0.089948725147288,0.0799221092593855,0.10247685956666366,0.07538024624184014,0.12895889200130714,0.10200153644687936,0.08438735206314732,0.13230400873705936,0.1044825424415431
18,18.0,13.867303782456686,0.09957060359952408,0.08793916490624679,0.08003656295724672,0.1029025660066836,0.07442261919732046,0.1310793268837814,0.10222023350127687,0.08483141297679994,0.132782395403403,0.10421511456771686
19,19.0,15.100080434523047,0.0993408739225672,0.08490211970721835,0.07975922739960967,0.10261861537143091,0.0742150975123366,0.13415905062605446,0.10325039951367435,0.08312194965428046,0.13525157132096152,0.10338109497186619
20,20.0,16.348578617037543,0.09757212715696933,0.08517339391108888,0.0811225168190625,0.10045097767562655,0.07371726649147885,0.1354716335304093,0.10244441331602694,0.08226009298497676,0.13697647946001118,0.10481109865434934
21,21.0,17.608741195130214,0.09759517334032569,0.08609368854076026,0.07964466338558097,0.09968219856221558,0.07137004167656878,0.1366870452658778,0.10457052759299068,0.08235842931014487,0.13775575761047518,0.10424247471505983
22,22.0,18.876800103462312,0.09616104859157959,0.0869605086430523,0.08139267263528994,0.10006331312611964,0.06940811294143479,0.13736442672622207,0.10258651987196704,0.08282390987542543,0.13994051902992,0.10329896855898889
23,23.0,20.14928511992658,0.0927153168000384,0.08756981863904975,0.08067078520725122,0.09890867699392089,0.0717281874736782,0.13848099360137464,0.10217850678972437,0.08107981212566549,0.14195249603062157,0.10471540633867517
24,24.0,21.423028783545156,0.09176358496400099,0.08941729860837809,0.08067671498662536,0.09703810831160137,0.07071653269633095,0.13915477187888298,0.10109437979512531,0.08204389898281678,0.14328019567815717,0.10481451409808075
25,25.0,22.695167792966423,0.08888473511983344,0.08982948925750721,0.0795674412095641,0.09622475951024664,0.07404620172336554,0.14008132654035602,0.10047886811256534,0.08113892410282886,0.1448498837431971,0.10489837068053545
26,26.0,23.963141223515898,0.08829844219989913,0.08850525710858408,0.08036974571638174,0.09554441072002862,0.07435533800043509,0.1395491384591809,0.1009095847372534,0.08136613911395336,0.14733048076984956,0.10377146317443382
27,27.0,25.224685898775267,0.08854562057516782,0.08722822665913457,0.08218023404201112,0.09479230926325424,0.07404157976227971,0.14157578015959682,0.09875256425976728,0.08073600176429321,0.1472535934862037,0.10489409002829123
28,28.0,26.477829247520948,0.08893215087615589,0.08584619261504883,0.08334567911171567,0.09617964910046037,0.0728604037669528,0.1409627383511951,0.09949633398300545,0.08232872576481574,0.1461673822800419,0.10388074415060797
29,29.0,27.720879968916847,0.08934336337830051,0.08650519659361391,0.08233117073182711,0.09528624192686405,0.07287923628177924,0.13922861024941055,0.10051234163079185,0.08212979524880944,0.14770698865436904,0.10407705530423403
30,30.0,28.95241681848399,0.09071821251451734,0.08877364931004324,0.08532553345516189,0.09444633288193216,0.07036590782071074,0.1395956220311552,0.1010537909331535,0.07941150278059915,0.14537542306472215,0.10493402520800442
31,31.0,30.17127581490958,0.0902284645703759,0.08837947287335379,0.08366461050136817,0.0946734491682984,0.06990345840266256,0.14169485327328177,0.10053828702331755,0.08050926623576049,0.14608271612073914,0.10432542183084204
32,32.0,31.376536153543515,0.09033302770849302,0.08804591115250718,0.08324480500406141,0.0963365908234437,0.06736001592347826,0.14525571025362438,0.10148355902695232,0.07969647465362062,0.143307378228333,0.10493652722548591
33,33.0,32.567505096778625,0.09226196262682135,0.088690072259235,0.08286982116618342,0.0975324766654764,0.06546193867151254,0.14584496337987135,0.10090007167645051,0.08076740835643759,0.14146175785405726,0.10420952734395438
34,34.0,33.74370209472243,0.09252180761543595,0.09095173109245308,0.08193929720283434,0.09790654773144916,0.06590941821866844,0.14543929656379223,0.10000025318481577,0.08064308215934154,0.14269981803086065,0.10198874820034863
35,35.0,34.90484237192463,0.09263064009529895,0.09081197391438214,0.08505968572149118,0.09552181440458285,0.06536903661702606,0.1425687307229719,0.10084555863735896,0.08292084169970244,0.1406425222161204,0.1036291959710649
36,36.0,36.05082019768737,0.09230242145908751,0.09053378775477364,0.08639241147208404,0.09570936420257738,0.0657009745094175,0.14101909722595254,0.09993203959765834,0.08304150887090526,0.14175724708289617,0.10361114782464739
37,37.0,37.18169203889697,0.09416212502933154,0.08988546924080207,0.08717375775597165,0.09441717762648237,0.06656186174730602,0.13887829020174788,0.09930983154996789,0.08349441411136158,0.1425580021703249,0.10355907056670391
38,38.0,38.29765977559663,0.09315141234819997,0.0922255616491467,0.08882642141860753,0.09549391167162366,0.06567841357053282,0.1380216566973354,0.0974933474461645,0.0830972076081896,0.14200101692537132,0.1040110506648283
39,39.0,39.399054140870355,0.09469137669027947,0.09335275270645761,0.0887421008060104,0.09710364181599697,0.06467854004457577,0.13706947379370585,0.09705655858128426,0.08313779650284817,0.13883123621871393,0.1053365228401274
40,40.0,40.48631852820801,0.09463804648498492,0.09383979251961742,0.09050013873828838,0.09574732694151052,0.06341928719802661,0.13727416317481775,0.09436003866421515,0.08340302249503645,0.13777109169302976,0.10904709209047289
41,41.0,41.55999329152982,0.09539772868525352,0.09621370934390369,0.09285839722519564,0.09610434605956236,0.06361448193887369,0.13537584711738568,0.09282302263102586,0.0819722537399674,0.13434640902563352,0.11129380423319848
42,42.0,42.62070064560415,0.09528750510459857,0.09555772593080766,0.09086105884553472,0.095002649246042,0.06659645164514374,0.13487013948790014,0.09174875515743658,0.08252325412895571,0.13518207947153574,0.11237038098204495
43,43.0,43.669130257815,0.09707886109628329,0.0969123391550246,0.08931982756833226,0.09546191565615611,0.06576551897682292,0.13578823675641025,0.09131433525841408,0.08218085801062286,0.13450356963364182,0.1116745378882916
44,44.0,44.70602560622662,0.0953669517918312,0.09605682497042695,0.08905367177629903,0.09666535156210981,0.06620089285685725,0.1369878664738556,0.09048957984756804,0.08390128360841409,0.13332188412997587,0.11195569298266199
45,45.0,45.73217116373481,0.09294747061831382,0.09792360146661015,0.08867822395100564,0.09560379600884111,0.06462991732923228,0.13839793261108485,0.09083984915639036,0.08550074888439028,0.1336157243659616,0.11186273560816976
46,46.0,46.748380453854836,0.0921016785730767,0.09972439919725767,0.0882085685668199,0.09401473537440938,0.06651806790197544,0.13737611810017156,0.09071700808803708,0.08454350302886401,0.13402728091954066,0.11276864024984742
47,47.0,47.755485010424316,0.08994113563335297,0.10040416475290272,0.08584610817714673,0.09582594678083982,0.06630112542935279,0.1377995586087302,0.09036607523957634,0.08555770734859097,0.13325573881219688,0.11470243921731037
48,48.0,48.7543242612326,0.0881760511090466,0.10052549997219706,0.08601555927535817,0.09707722087242834,0.066188456588694,0.1389657198872818,0.08861857358228539,0.08371140828853446,0.1341295661626171,0.11659194426155686
49,49.0,49.745736344347726,0.0886643310703724,0.10080091387579912,0.08535360862702634,0.0963951556610001,0.0650944345580999,0.1387302740339044,0.09027170643356958,0.08364310672665301,0.13682606726386543,0.11422040174970952
50,50.0,50.730549855707864,0.08909910496959181,0.09875215395428141,0.08546575411684741,0.0956293500577974,0.06656022548698663,0.1409817140939197,0.09213402611724361,0.0833407132212865,0.13588747425967398,0.11214948372237135
51,51.0,51.70957651737491,0.08801625068150329,0.09776128896224488,0.08807201283247275,0.09625449102602766,0.06433902365329086,0.14202886839975865,0.08892562921399351,0.08583602994700963,0.1363231515303657,0.11244325375333293
52,52.0,52.68360474770151,0.08918758175198545,0.09708513475806632,0.08616408164853973,0.09400347720045828,0.06571018413593765,0.14383111363417111,0.09078402200394599,0.08491282838991092,0.13629005921021184,0.1120315172667726
53,53.0,53.65339410751842,0.09030830187803969,0.0975023643444395,0.08661590430107156,0.09447296636266,0.06479701320650007,0.14378541383733387,0.08977546825491858,0.08371718062903143,0.13642880594379583,0.11259658124220932
54,54.0,54.61967059027847,0.09125097356270019,0.09639492313690043,0.08616959131500045,0.09360575149709773,0.06921348960946978,0.1416137048286163,0.08826076951347592,0.08482664966484174,0.13680342642008408,0.11186072045181325
55,55.0,55.58312271885972,0.09067041386662418,0.096108441738383,0.08616075018965019,0.09290561734828084,0.06883289635804324,0.14134856452438324,0.08903462136206185,0.08293764087072873,0.13811307010210389,0.11388798363974074
56,56.0,56.544398407394254,0.0902284712183245,0.09488145078621041,0.08597237548187694,0.0951686940524696,0.06717604060519361,0.14004554196951877,0.08922896967756151,0.08583380960222162,0.13730090531022443,0.1141637412963985
57,57.0,57.504102543001395,0.09036987564741013,0.09371322319727396,0.08832022229736773,0.09659107405922407,0.06689676423444563,0.13956659892738077,0.09049469122695206,0.08438413118494596,0.13798431851439366,0.1116791007106059
58,58.0,58.462795239617805,0.08897667556916464,0.09510060507806666,0.08828925672341158,0.09524995340281554,0.06711555087733442,0.1385489792395586,0.09017402095615563,0.0876818969425498,0.13852620920274544,0.11033685200819751
59,59.0,59.42099071417639,0.0881656137400324,0.09524691393215731,0.08805551956435197,0.09437579855274901,0.06889423774087976,0.13662826960578472,0.09097245852067473,0.08788268064070164,0.13916357185093764,0.11061493585173067
60,60.0,60.379156734137354,0.08566676856029495,0.0918702721619968,0.089084981749529,0.09598279638522587,0.06872751746096095,0.13558435403234884,0.092261908837647,0.08677845422319948,0.14100111121793002,0.11304183537086694
61,61.0,61.337714584760846,0.08608863707180178,0.08938309509006553,0.08819490022994426,0.09517345159579974,0.07195943280647145,0.13475407121790567,0.09327906657649826,0.08779090797138371,0.14004410065288578,0.11333233678724366
62,62.0,62.29703950447439,0.08674321610079538,0.09081778632110907,0.088042493574385,0.09432834762662196,0.07053578133115153,0.13427345060611237,0.0939778089778256,0.08814163938330954,0.1390998131851895,0.11403966289349993
63,63.0,63.257461537171835,0.08654264153697165,0.09014604462261902,0.09133207891579108,0.09371568352207904,0.07012480409527858,0.13368443066290608,0.0926918636592693,0.08928577631131143,0.13939715405472072,0.11307952261905291
64,64.0,64.21926675122782,0.0883320325006975,0.08939673030365688,0.09007436602781953,0.09659120429302388,0.07045250174694802,0.1330450414157941,0.091315654535862,0.08768116837222427,0.14036351162487382,0.11274778917909983
65,65.0,65.18269877636592,0.08753040887123475,0.09028132215312835,0.08939018167675608,0.09483737729986794,0.0728364942257329,0.13486818813867835,0.09145720109277278,0.08633958915634388,0.14072757008161063,0.11173166730387413
66,66.0,66.14796061122655,0.08658837229481274,0.09075110286075706,0.09047020412940579,0.09347042759469494,0.07333016507394606,0.135683914703266,0.09113829005995329,0.0864179087692261,0.1417351131526627,0.11041450136127508
67,67.0,67.11521665648885,0.08557994015615429,0.09230723758612372,0.08898669192220994,0.09304184452852951,0.07622010403828391,0.13638520302560048,0.091909543261337,0.08371306384147567,0.14152317680868276,0.11033319483160246
68,68.0,68.08459493066005,0.0833471829850027,0.09290103749965846,0.08886644071637048,0.09307495688830734,0.07685333299039122,0.1384719791407013,0.09282280418365377,0.08313363277852852,0.1405548909166921,0.10997374190069385
69,69.0,69.05618942810752,0.08167926989060217,0.09156145060725512,0.08993591237933853,0.09459991302728707,0.07645919011329538,0.1396501954559092,0.09463620025785027,0.08209059260809798,0.13896533204711758,0.11042194361324642
70,70.0,70.03006258152917,0.08339591027843882,0.08885936269196593,0.09262119979445244,0.09280896216127331,0.07787416974169747,0.139464511725374,0.09286339297506083,0.08396189278690806,0.13815570674781508,0.10999489109701381
71,71.0,71.00624779379335,0.0810561310101041,0.09004200091459844,0.09298518175999382,0.09264002741820866,0.07571766745788454,0.14064931822636642,0.09392423425958506,0.08516044476562121,0.13838090595921496,0.10944408822842257
72,72.0,71.98475200689319,0.08248785670579996,0.08680166978888523,0.09058231287146819,0.093022564401665,0.07847359755662102,0.1423062570122496,0.09356675356352648,0.08368554190952915,0.13894232697265832,0.1101311192175968
73,73.0,72.96555827861411,0.08203698252076971,0.08675441177800888,0.08922133729610429,0.09204961565258792,0.07851389815935289,0.14372646448559073,0.09323650403665985,0.08431174241363008,0.1391535228183029,0.11099552083899253
74,74.0,73.94862834037681,0.08120381348911111,0.08794745909248868,0.08952816281405344,0.0913086216563532,0.07779780659529525,0.143102607860765,0.0934788834155312,0.08654686889004283,0.1391319705135707,0.10995380567278842
75,75.0,74.93390511255946,0.0783865869303664,0.0873437290163924,0.09198202070590523,0.09241732140826293,0.07622405741197225,0.14230621978472655,0.09621368102969843,0.08591392915158107,0.13833944912717494,0.11087300543391969
76,76.0,75.92131515639825,0.07912000121876366,0.08813137617234215,0.09127404143490819,0.09327976056103433,0.07665487157931014,0.14262583188585148,0.09414273672425083,0.08573300769257379,0.13894926791137735,0.11008910481958795
77,77.0,76.91077104428919,0.08136434123131811,0.0893957054285423,0.08950128600108251,0.09421543408136307,0.07613539438524054,0.14096744217122065,0.09519191457250564,0.08574132724214363,0.13869455505633746,0.10879259983024596
78,78.0,77.90217363294813,0.08133507178003274,0.0890289163671017,0.09038904245063803,0.09415115015212677,0.0756027728708357,0.14069582331986533,0.09531667538435588,0.08381523810894416,0.13825741549992404,0.11140789406617548
79,79.0,78.89541422641172,0.08389506666617705,0.0866524546967643,0.0887277166284747,0.09499993552124386,0.07510983593329183,0.1400794272191615,0.09456535179776702,0.08543451545026967,0.1383736642925394,0.1121620317943105
80,80.0,79.89037661826481,0.08655371458128139,0.08552103898479545,0.09070996286022116,0.09677351525408572,0.0735927078186243,0.13926164362019575,0.09358884988019084,0.08461654244510552,0.13860567207518815,0.11077635248031154
81,81.0,80.88693900474995,0.08474838297526231,0.08729888577235431,0.09099261025560651,0.096991186455204,0.07217687903465592,0.14004111405284717,0.0961010401539383,0.08267536993966561,0.1402884080815583,0.10868612327890742
82,82.0,81.88497576253909,0.08240130899907355,0.09007824272702972,0.09014189975242737,0.0986335241990218,0.07057192743556334,0.14283849681111577,0.09456174543331117,0.08083276317006852,0.1420672391105602,0.10787285236182842
83,83.0,82.88435908692391,0.08154023334115958,0.08963929581581903,0.09194392827057168,0.0987449551083389,0.06980037733953805,0.13992367156774077,0.09630558234374832,0.07971126253968061,0.14352080782613022,0.10886988584727264
84,84.0,83.88496048800103,0.08143907987844984,0.08794315214016996,0.09128117425568069,0.10079338126994523,0.06630908125725776,0.13744670983082555,0.09893570254322182,0.07953017321361652,0.14685918623880967,0.10946235937202278
85,85.0,84.88665214409042,0.08177417826708831,0.08699516149379616,0.0929737158567891,0.10035723551863239,0.06361705663410516,0.13422599240235203,0.09825023122787865,0.08130018579218388,0.14904723861725044,0.11145900418992367
86,86.0,85.88930811312994,0.08110799820232724,0.0923556755623955,0.09359847198606726,0.09845198073919766,0.06217677284910124,0.13362614808749335,0.09770643686447705,0.08055088332185636,0.14724005459225048,0.1131855777948337
87,87.0,86.89280540413424,0.08088511901546745,0.09288479704370087,0.09250890867973094,0.0979505508593459,0.06125218690217382,0.13493507567398513,0.09598209104479645,0.08246445494538379,0.14609055290119638,0.1150462629342191
88,88.0,87.89702491199675,0.08175808219249524,0.09056851794244923,0.09208999710957116,0.10023117318235486,0.06112974005622839,0.1353114083938242,0.09498799515473068,0.08114968053682366,0.1470327861567214,0.11574061927480099
89,89.0,88.90185221995306,0.08338676351025762,0.09165499521928028,0.09273588875467981,0.10171129298426268,0.06008937892498377,0.13191200271603523,0.09657109896394114,0.08299646044305306,0.14595597642824032,0.11298614205526596
90,90.0,89.90717827491419,0.0845042984422517,0.09276137818126644,0.09316265973143398,0.10224645785219552,0.06009796140116673,0.13213790576076187,0.09669779698881076,0.08230978557816605,0.143295981458432,0.11278577460551475
91,91.0,90.91289994163006,0.08442207029864746,0.09424624014341654,0.09235541721890647,0.10060048324451505,0.05965548072229782,0.13225085324722052,0.09881405812542192,0.08306169633005206,0.14134008044138008,0.11325362022814191
92,92.0,91.91892044225806,0.084636685007357,0.09345728185176455,0.09227753125059679,0.1015418920206051,0.05861433282075877,0.13233701496785027,0.1010618412033556,0.08037739070581122,0.14300122177029095,0.11269480840160956
93,93.0,92.92514968840067,0.08528995374189437,0.09237433754099136,0.09256809393527124,0.10068897769091573,0.05786940429112733,0.1352290422405314,0.09878074427225567,0.07989277024018505,0.14237856368032545,0.11492811236650223
94,94.0,93.93150451304501,0.08491323624760166,0.09181002453668193,0.09512176189470092,0.09972542497190096,0.05684386114702952,0.13637207653930744,0.09666232103945423,0.08187678176550024,0.14235109774160454,0.11432341411621841
95,95.0,94.93790881009448,0.08799103732376412,0.09535476618743743,0.094669173695568,0.095722820534579,0.05475927450614252,0.1386494461422117,0.09513936321332915,0.08036393414641294,0.14510860918976548,0.11224157506078952
96,96.0,95.94429358933806,0.09001478516822944,0.09515296547617222,0.09399838727028739,0.09625264263465226,0.05379608308813049,0.13881635245569013,0.09479696891558059,0.07922853032029203,0.14390876238097494,0.11403452228999036
97,97.0,96.9505969547639,0.09071405414698691,0.0924341125519383,0.09369810560481284,0.09683308919053643,0.05237330693005829,0.13985918042435072,0.09427538404307112,0.08128533550841682,0.1452605962478919,0.1132668353519365
98,98.0,97.9567640140995,0.09138570962635277,0.09314088721783097,0.09464267511983625,0.09614886523127966,0.05274659122997258,0.1389638944715657,0.09417944022783174,0.07886236104279472,0.14444256726911586,0.1154870085634196
99,99.0,98.96274672736057,0.09216174658638604,0.09371056802634158,0.09293100681717778,0.09594472769674926,0.052502085892504456,0.1398509399334211,0.09601333883809851,0.07721485240106889,0.1432228091505653,0.11644792465768693
100,100.0,99.96850370202192,0.09282200879296428,0.09361161986420208,0.09131729817516446,0.09430238521245113,0.05592896041762981,0.1396980374338958,0.09796331890976089,0.07653124298809869,0.13973584096413927,0.11808928724169337
101,101.0,100.97399994219691,0.09234004514731911,0.09400042424213623,0.08937685713601273,0.09312180964962989,0.056967396085968194,0.1419884585875147,0.09670813132371513,0.07741220688702473,0.13877372806528598,0.11931094287539307
102,102.0,101.97920655893245,0.09334689433221918,0.09609916434260764,0.08715227660538277,0.09462499068995231,0.05710420224164338,0.13983835785477622,0.09573227022218991,0.07774575076536053,0.13929136876449638,0.1190647241813714
103,103.0,102.98410044840509,0.09143492138780543,0.09351366620740603,0.08746123619688859,0.0960616394064922,0.059303112931386306,0.14244932324248052,0.09591713011062708,0.07620367107040878,0.13951319679691943,0.1181421026495854
104,104.0,103.98866394444643,0.09082072391519569,0.09190181293575461,0.08668829103373686,0.0974698028423924,0.05980745242031551,0.14167488590528834,0.0977345374836082,0.07546225413318139,0.14149697117242735,0.11694326815809941
105,105.0,104.99288445143917,0.09096956966561043,0.09135968547269536,0.08778174327761007,0.09679349594484978,0.05865328686277528,0.14201364405907277,0.0989962160635582,0.07614489767036874,0.14191400483935118,0.11537345614410799
106,106.0,105.99675406321822,0.09170498185712045,0.09327874804109974,0.08656089916892881,0.09517103056337699,0.05822621232922358,0.14243476449470063,0.09968402013672406,0.07377246066948562,0.14386703064287412,0.11529985209646576
107,107.0,107.0002691731872,0.09253904359281166,0.09276954288141881,0.08606388504445507,0.09200219303447416,0.061453992010752426,0.1443253976054721,0.09914370694599467,0.0715302582537582,0.14324250535086935,0.11692947527999331
108,108.0,108.0034300804274,0.09059477703664712,0.09515077836747135,0.08426276182044075,0.08946742239837001,0.06134046256110399,0.14632020144167773,0.10285134376892549,0.07145405060890031,0.14239598749954974,0.11616221449691326
109,109.0,109.00624059613932,0.08677555095797133,0.09593579982048216,0.08419097206867258,0.08896924879295534,0.06253270825386616,0.1462575752144475,0.10183377113541875,0.07263151669715792,0.1449235881134187,0.11594926894560928
110,110.0,110.00870765431864,0.08526481290662591,0.09550352310313008,0.08502515891235726,0.09081189524436616,0.06308046736272369,0.14764920174643112,0.10053267863708001,0.07090002167779075,0.14529060461857657,0.11594163579091812
111,111.0,111.01084093013685,0.08421412697154279,0.0993861164162711,0.086098703607111,0.09069979600886457,0.06007832772161958,0.14798443054276855,0.10017994099245736,0.07325265162707141,0.14309442386025267,0.11501148225204058
112,112.0,112.01265246907188,0.08123239214853051,0.09968636793212886,0.08901704223533165,0.08840378947730981,0.06026830701637464,0.15124639700225953,0.0959005191526012,0.07235167273627117,0.1464078500133094,0.11548566228588285
113,113.0,113.01415632942268,0.08168998406255,0.09922578587554298,0.08887826347389055,0.08883679380836969,0.06160472414011213,0.15082657328811905,0.09757544240588624,0.07016052021093301,0.14675879355696997,0.11444311917762602
114,114.0,114.01536824044418,0.0827567303422283,0.09852244448078745,0.090234773139799,0.08772356100722163,0.06133810838605808,0.15161843859319335,0.09625798997399695,0.0717960784135459,0.1484152877777214,0.1113365878854476
115,115.0,115.01630527795908,0.08248531511260064,0.09733901836795468,0.09117884923805937,0.08716384781544556,0.062369709132244044,0.1555492704945352,0.09411070751510744,0.07121602779130419,0.1477827266862273,0.11080452784652127
116,116.0,116.0169855589429,0.08046700010979936,0.09695991664687237,0.09255153901343,0.08486620419961495,0.06366040177267963,0.1563397305355187,0.09545490531833314,0.0698284619486573,0.14906263360819647,0.11080920684689777
117,117.0,117.01742795623892,0.07972040757265013,0.09615759971183487,0.09401553166556995,0.08260515184905559,0.06311388811351185,0.15853619691693202,0.09460678997126232,0.06880620991603945,0.150853123138179,0.11158510114496455
118,118.0,118.01765183424293,0.08229060906294658,0.09697242146720704,0.09510422400936829,0.07958369075239674,0.06217638132940428,0.15964842759483602,0.09675716522415831,0.06826732057056596,0.15026578539857355,0.10893397459054291
119,119.0,119.01767680610413,0.08213005423287008,0.09628344191172009,0.0945523356417794,0.07653395362250173,0.06274685964987983,0.16267080432761802,0.0973890349631984,0.07074407943484051,0.1475435388692274,0.10940589734636424
120,120.0,120.01752251271817,0.08331210894444314,0.09313270135952997,0.09600667856112884,0.07581065017922473,0.06315037953991795,0.1607735682414315,0.09650052227722741,0.07058761277798413,0.15030747918163412,0.1104182989374779
121,121.0,121.01720842354362,0.08502846458342872,0.09527684709623387,0.09421995493134126,0.07734223826972256,0.06447836044421162,0.15758973203383755,0.09828837910656608,0.06892468176926336,0.1509651168450169,0.10788622492037776
122,122.0,122.01675365905109,0.08682357194781701,0.09358884857104552,0.09715695451007171,0.07465750593453474,0.06427302523262626,0.1578223929727705,0.09708772404406736,0.06880862396998007,0.15092012481683806,0.10886122800024844
123,123.0,123.0161768344173,0.08580572205989574,0.09337448683178409,0.09573452234989539,0.07474409191636272,0.06594133767793119,0.158479237366778,0.09673559543819933,0.06921046709100452,0.15147192660987577,0.10850261265827296
124,124.0,124.01549592390272,0.08773560262829475,0.0902939045520072,0.09758374716851813,0.07489848985867825,0.06559878495498998,0.1587330752597164,0.0944764305358513,0.07080312961720582,0.15039518841614669,0.10948164700859118
125,125.0,125.01472814520056,0.09078028390712846,0.08963561799305213,0.09721257110479896,0.07824341691695637,0.06355024393103274,0.15562259228674674,0.09153339904014887,0.0709387701880465,0.15002010367646074,0.11246300095562821
126,126.0,126.01388986291661,0.09345698511715521,0.08915636716822585,0.09532906281058103,0.08076182000901329,0.06125820616224618,0.15440563279981034,0.09019170189630005,0.06906671285233777,0.15184062156977618,0.11453288961455382
127,127.0,127.0129965102319,0.09440321460347449,0.08907211240123154,0.09809987122300733,0.0819292741864467,0.06122136919542413,0.1556720195225448,0.08647291723272642,0.06772741316808904,0.15247211039637087,0.1129296980706844
128,128.0,128.01206252771334,0.09361033044706549,0.08822295095448188,0.09707484752912598,0.08319066238040423,0.05932958272593427,0.15816644032888288,0.0859330875826747,0.06856677327473995,0.151667954208467,0.11423737056822336
129,129.0,129.0111013181695,0.09425056901142136,0.08774186104407204,0.09739273635702347,0.08442226638919366,0.059784968981931905,0.15904505589078338,0.08487719621589494,0.06899463790867999,0.14983501861091772,0.11365568959008127
130,130.0,130.01012521639834,0.09660653081287725,0.08519681660396881,0.09743910261769248,0.08544727065349002,0.05887538503615855,0.1600019041002008,0.0874076758429363,0.06714573962165273,0.14957086154685653,0.11230871316416631
131,131.0,131.0091454726403,0.09800731267649553,0.08542161625708194,0.09654859621058767,0.08613132826130121,0.05897707855790521,0.159349118026091,0.08738737137604721,0.06453542218965531,0.15007082101737615,0.11357133542745854
132,132.0,132.0081722485317,0.09674289192746079,0.08896861555855663,0.09430238572843953,0.09072915618274441,0.059219688234487526,0.15545650196407493,0.08776313017852251,0.06058232074073309,0.15238152500346275,0.11385378448151764
133,133.0,133.00721462434865,0.09674009987965157,0.08584997178213279,0.09651973694031248,0.08998523016101587,0.058241983343765964,0.15272418956661366,0.08758679151991255,0.06613293048122625,0.15237954593120595,0.11383952039416276
134,134.0,134.0062806163404,0.09636177235745585,0.08571545022675317,0.09671199162063693,0.09311466957698622,0.0578068962411293,0.15174524219735389,0.08622068046154395,0.06497839708211262,0.15317142395907687,0.11417347627695099
135,135.0,135.00537720296956,0.09313514490723587,0.08585344045665604,0.09651649887745527,0.09552928652177314,0.05556727543570235,0.15082080938563427,0.08572156569319733,0.06868016434226959,0.15301089228852122,0.11516492209155474
136,136.0,136.00451035890612,0.09040982455344003,0.08821657759332723,0.09564582583061695,0.09361415020370675,0.05917414018845873,0.15008848566485294,0.08892772667178507,0.06979793961900699,0.1514244719162018,0.11270085775860333
137,137.0,137.00368509565993,0.08697819527038261,0.08771792232067871,0.09562868859668132,0.09171120545792927,0.05806394085187086,0.1506798843637018,0.08781646186795225,0.07211537426564718,0.15625360638063798,0.1130347206245179
138,138.0,138.0029055077818,0.08551300342158177,0.08752547078726522,0.09358268667944104,0.0917071259744564,0.05556137688786533,0.15417943473113904,0.0918481308840066,0.07206358513386346,0.1552688829029821,0.1127503025973989
139,139.0,139.00217482361367,0.08771486968730105,0.0884382963115429,0.08952609366983075,0.09469659564109391,0.05411698685334938,0.15329573745324634,0.09321674760652207,0.07343089511880352,0.15438535525199068,0.11117842240631927
140,140.0,140.0014954596262,0.08663992362601704,0.0906470731527242,0.08636777771768078,0.09506580823066565,0.05386000430386973,0.1523711270513829,0.09254368219545765,0.07443503897960206,0.15536492712334923,0.11270463761925062
141,141.0,141.00086907744122,0.08648450319554585,0.09075134503233463,0.08775866312816369,0.09237807959277111,0.054975608022761926,0.15026563725502318,0.09500462593369677,0.07349032816512518,0.15588899157355776,0.11300221810101979
142,142.0,142.0002966427003,0.08696809471101408,0.09007240237708937,0.08853831855133915,0.09088345197547527,0.05482890592961444,0.1496926520133423,0.09682235283424748,0.07358510185639806,0.15512503742285866,0.1134836823286211
143,143.0,142.99977848500652,0.08931783899003581,0.09163956247744115,0.08976973436262542,0.08702540748933216,0.054965690500140135,0.15019812450783343,0.09812495182795725,0.070785842162771,0.15384143190428,0.11433141577758359
144,144.0,143.99931435823203,0.09166756945559343,0.09155546815461015,0.08983807060649085,0.08761120720213501,0.05302518086706917,0.14824035113916853,0.09804162819535588,0.07420881638972891,0.1533168165256233,0.11249489146422473
145,145.0,144.99890350055264,0.09167934737434956,0.0915320019781748,0.08883670398891685,0.08873546341100999,0.052837534774364106,0.14439759051441367,0.09856115002253354,0.07629346127315491,0.15225706174390366,0.11486968491917884
146,146.0,145.9985446936357,0.08989759143981556,0.09230760625239048,0.08942853337909268,0.08674216984977438,0.05096255657954339,0.14573343397115798,0.0997305811537597,0.07781030611127365,0.1500814574478814,0.11730576381531074
147,147.0,146.99823632047406,0.09137077382376106,0.09366884412025024,0.08908100958293641,0.0862216926796364,0.049549759483790166,0.1455575402307496,0.09875760380121051,0.07663783982942432,0.14950219889506317,0.11965273755317807
148,148.0,147.99797642142389,0.09394385301398481,0.09146070865697238,0.08637158225942901,0.08994241739333605,0.04904072984925362,0.144411020421085,0.09554296397406901,0.0764418051726516,0.15082423036052697,0.1220206888986915
149,149.0,148.99776274806447,0.09545898486553483,0.08785587802491947,0.08428239793568573,0.08970136265032541,0.05064942855085798,0.1460485957438331,0.09619010837149913,0.07564031820624624,0.15229231042366037,0.12188061522743765
150,150.0,149.99759281456036,0.09540916566342843,0.08520210120967947,0.08622507706583539,0.0922167024926795,0.04888609637615104,0.14731899675724858,0.09467478362929324,0.07526699911619461,0.15288920984785334,0.12191086784163634
151,151.0,150.99746394626104,0.09549544170100745,0.08257839694872533,0.08811967560801941,0.09089506019194385,0.04922372502888892,0.14709824376402622,0.09361922978437191,0.07705678996264519,0.151771137834247,0.1241422991761247
152,152.0,151.99737332532905,0.09574496088276283,0.0830996885086153,0.08910286424215469,0.0923309924358126,0.0503836787995009,0.14587299442571802,0.09257503838723012,0.0762539597295857,0.15242801044625465,0.1222078121423652
153,153.0,152.99731803323698,0.09578285662045147,0.08401329110282407,0.08935277390634068,0.09188999164152595,0.052246275913602175,0.14475800516133608,0.09034363675938681,0.07651438482818532,0.1527107092978791,0.12238807476846833
154,154.0,153.99729509002177,0.09877304490670864,0.08388854140834964,0.08713306482173283,0.09196487471122777,0.053238089728657886,0.14432594120659717,0.08996152262910362,0.07633082610476259,0.15375913037885341,0.12062496410400636
155,155.0,154.99730149022784,0.09847415157429168,0.0878536251814676,0.08377841107848003,0.09273198749953505,0.05176209348591975,0.14457022802596983,0.08892858865340797,0.07802372972707738,0.1530090353258347,0.12086814944801594
156,156.0,155.99733423551103,0.09996384398352523,0.08965662577720561,0.08256508542132782,0.09275746592434761,0.05256131755340409,0.14535722783687172,0.08842257329150531,0.07893944626707898,0.1507427764171141,0.11903363752761953
157,157.0,156.99739036391077,0.0985403157109487,0.09122390138477765,0.08499900471618432,0.09342786150788454,0.052721286415834054,0.14323235296953135,0.08819055206292846,0.07673990691111063,0.1532438256065683,0.11768099271423194
158,158.0,157.99746697583146,0.09808971866039379,0.09221433678395874,0.08613343483740915,0.09225342737836126,0.052044195004103,0.14373128426766868,0.09021096379433702,0.0780309230219273,0.15157694621211054,0.11571477003973044
159,159.0,158.99756125680176,0.09924665785444686,0.09291470188973192,0.08643368732419128,0.09211323528096824,0.05310644052877507,0.1433394730577787,0.09057122539094666,0.07801114615071847,0.15112435806612134,0.11313907445632136
160,160.0,159.997670497107,0.09773350881091765,0.09611657678803348,0.08475281868763838,0.09088571183690133,0.052373042662839174,0.14320204566798733,0.08965096049498669,0.07665408787671879,0.1513448200835424,0.11728642709043471
161,161.0,160.99779210841066,0.097479232797713,0.09544084070070384,0.08830882091182982,0.09188741353033064,0.05207328824713773,0.14443036493850808,0.08901147428404141,0.07370895572822189,0.15046570695674838,0.11719390190476509
162,162.0,161.99792363749984,0.09505394819161112,0.0965636670017356,0.08908958091719392,0.09084469423036112,0.05191050936647489,0.145656695999295,0.09057256908462391,0.0722573902160647,0.15052323090639136,0.11752771408624825
163,163.0,162.9980627773051,0.0961655050922794,0.09557804556136082,0.08775409912930023,0.09295851295282329,0.05392850244086628,0.14358931681516734,0.09245432455494533,0.0694623734566277,0.15312883164883295,0.11498048834779655
164,164.0,163.9982073753568,0.09256350268736663,0.09978821395574841,0.08693794581026956,0.09361436822476374,0.052970537769523006,0.1452145602728328,0.09485017192952286,0.06727062020398211,0.15180729690570655,0.11498278224028424
165,165.0,164.99835543984977,0.09158248389877505,0.09899176069677669,0.08723653291459343,0.09229721859479978,0.05225555485355959,0.1456143259876796,0.09300573749646113,0.06862394946330787,0.15256714901953683,0.11782528707450993
166,166.0,165.99850514349492,0.08819449053897266,0.10030906563468782,0.08985357347197748,0.0953236539968653,0.053089049537169246,0.1446236407609068,0.09239577201395285,0.0685153111054744,0.15290509890280943,0.11479034403718388
167,167.0,166.99865482534062,0.08668493945207068,0.09865733238792335,0.08988457438411926,0.09670245848013398,0.05474459186028699,0.1440057935632774,0.09335804591230248,0.06593907827866964,0.15438149601857934,0.11564168966263685
168,168.0,167.99880299074837,0.08445413722360394,0.1001937135080172,0.08933870777787004,0.09690200407019961,0.05725484723857826,0.14648658187261043,0.09219426296346239,0.06246716780246385,0.15563738469269803,0.11507119285049623
169,169.0,168.99894830970783,0.08661550333974286,0.09884583501195435,0.09127148353423209,0.09978097077974148,0.056836114348624234,0.14595809282423958,0.0924370446261168,0.05923529639323126,0.1533711246368074,0.11564853450530996
170,170.0,169.99908961367427,0.08728482697392098,0.09803892087826298,0.09175050508221747,0.09956348136150928,0.05494839875683265,0.14852695066674712,0.09192387559466367,0.0584465773893626,0.15382395055621578,0.11569251274026747
171,171.0,170.99922589110733,0.08774055465403563,0.0967696217253637,0.08929237338225471,0.10075309680047041,0.05330696273533931,0.14883213235270606,0.09301806923558971,0.05969332115488478,0.15361077422220232,0.11698309373715332
172,172.0,171.99935628188598,0.08737791792635782,0.09705077687725819,0.09773939971286996,0.09867567172935501,0.053761905803723906,0.14630023428159145,0.09272350891919907,0.05744168342443409,0.15376665883576893,0.11516224248944157
173,173.0,172.99948007076793,0.08652442511798426,0.0960717253337122,0.10006648800676368,0.10233486212765985,0.05608854645638481,0.14494138852004707,0.0914975263867708,0.054946090535277436,0.15327273490888169,0.1142562126065182
174,174.0,173.99959668005403,0.08858715614368128,0.09526075534155819,0.1010028623453353,0.1006057412297031,0.0567382551340192,0.1470926867811766,0.09112950499090278,0.05338831155389986,0.15279827490774317,0.11339645157198054
175,175.0,174.99970566161096,0.08853117116505066,0.09657523312610913,0.10047358072241724,0.09927700580284463,0.05635251121973936,0.14735518458618868,0.09249879323566598,0.05448392229579696,0.1506769732191678,0.11377562462701957
